<?xml version="1.0" encoding="ISO-8859-1"?>
<ECF milestone="Sun Jun  3 14:19:08 2018
">
	<Registry>
		<Entry key="1FloatingPoint.dimension">20</Entry>
		<Entry key="1FloatingPoint.lbound">0</Entry>
		<Entry key="1FloatingPoint.ubound">1</Entry>
		<Entry key="FloatingPoint.dimension">40</Entry>
		<Entry key="FloatingPoint.lbound">0</Entry>
		<Entry key="FloatingPoint.ubound">6.99</Entry>
		<Entry key="SteadyStateTournament.tsize">3</Entry>
		<Entry key="batch.logfile_">*</Entry>
		<Entry key="batch.remaining_">0</Entry>
		<Entry key="data.balance">20000</Entry>
		<Entry key="data.input">data/train/SP500.csv</Entry>
		<Entry key="data.test">data/test/SP500.csv</Entry>
		<Entry key="fuzzy.langvars">conf/SP500.conf</Entry>
		<Entry key="fuzzy.numrules">10</Entry>
		<Entry key="log.frequency">10</Entry>
		<Entry key="log.level">3</Entry>
		<Entry key="milestone.elapsedtime_">107</Entry>
		<Entry key="milestone.filename">out.txt</Entry>
		<Entry key="milestone.generation_">10</Entry>
		<Entry key="milestone.interval">10</Entry>
		<Entry key="mutation.indprob">0.7</Entry>
		<Entry key="operator.logfile">log/sp500.log</Entry>
		<Entry key="population.size">100</Entry>
		<Entry key="term.maxgen">10000</Entry>
	</Registry>
	<Population size="1">
		<HallOfFame size="1">
			<Individual size="2" gen="10">
				<FitnessMax value="25.6434"/>
				<FloatingPoint size="40">	1.80843	5.174	2.73608	3.78847	1.5535	5.26328	2.47555	2.57786	5.41564	3.92497	2.1336	1.40206	4.57532	0.356814	5.08455	4.85552	0.97817	4.70318	2.66839	4.41725	2.94034	2.06608	5.97802	1.98805	1.46909	1.54275	5.06729	2.68616	2.57363	0.921946	2.20631	1.93985	6.40526	4.21805	3.37163	2.42117	2.06686	6.35629	3.32471	3.47398</FloatingPoint>
				<FloatingPoint size="20">	0.359561	0.420019	0.702413	0.825294	0.270314	0.650316	0.108903	0.962938	0.45403	0.651276	0.561935	0.538114	0.458515	0.635424	0.328321	0.226428	0.141865	0.498398	0.759455	0.207968</FloatingPoint>
			</Individual>
		</HallOfFame>
		<Deme size="100">
			<HallOfFame size="1">
				<Individual size="2" gen="10">
					<FitnessMax value="25.6434"/>
					<FloatingPoint size="40">	1.80843	5.174	2.73608	3.78847	1.5535	5.26328	2.47555	2.57786	5.41564	3.92497	2.1336	1.40206	4.57532	0.356814	5.08455	4.85552	0.97817	4.70318	2.66839	4.41725	2.94034	2.06608	5.97802	1.98805	1.46909	1.54275	5.06729	2.68616	2.57363	0.921946	2.20631	1.93985	6.40526	4.21805	3.37163	2.42117	2.06686	6.35629	3.32471	3.47398</FloatingPoint>
					<FloatingPoint size="20">	0.359561	0.420019	0.702413	0.825294	0.270314	0.650316	0.108903	0.962938	0.45403	0.651276	0.561935	0.538114	0.458515	0.635424	0.328321	0.226428	0.141865	0.498398	0.759455	0.207968</FloatingPoint>
				</Individual>
			</HallOfFame>
			<Individual size="2">
				<FitnessMax value="23.6163"/>
				<FloatingPoint size="40">	1.07073	5.16997	2.75953	0.0528653	1.60942	5.248	2.48354	2.59904	5.23201	4.00057	2.13139	1.40488	4.5735	0.373008	5.05784	4.88415	1.0036	4.68836	5.7919	4.408	2.93222	2.06285	6.35543	2.06018	1.46457	1.52735	4.96953	2.72225	2.60409	0.799607	2.21131	1.87883	6.39704	6.9054	3.51423	2.42412	5.1548	6.35886	3.19994	1.04605</FloatingPoint>
				<FloatingPoint size="20">	0.361666	0.54352	0.70339	0.247473	0.462747	0.725627	0.585784	0.930359	0.497481	0.583662	0.559677	0.561184	0.420876	0.673635	0.322505	0.380892	0.193161	0.387009	0.544428	0.765816</FloatingPoint>
			</Individual>
			<Individual size="2">
				<FitnessMax value="24.2808"/>
				<FloatingPoint size="40">	1.07073	5.17521	2.73426	3.78642	1.54959	5.26677	2.49866	2.61494	3.67852	4.02202	2.12719	1.39774	4.56333	0.356548	5.09652	4.91798	0.972101	4.72211	0.345341	4.38475	2.941	2.07719	6.40657	1.97493	1.47441	1.51854	5.13843	1.15737	2.56555	0.842129	2.364	1.89309	6.43277	1.82759	3.349	2.41583	5.20625	6.36143	3.30136	3.48456</FloatingPoint>
				<FloatingPoint size="20">	0.810113	0.413461	0.886706	0.316801	0.372214	0.602496	0.588856	0.96393	0.349861	0.640951	0.558744	0.55185	0.385307	0.639036	0.346733	0.340384	0.144948	0.292937	0.52208	0.244821</FloatingPoint>
			</Individual>
			<Individual size="2">
				<FitnessMax value="24.2808"/>
				<FloatingPoint size="40">	1.41363	5.17521	2.73426	3.78642	1.54959	5.26677	2.49866	2.61494	5.8504	4.02202	2.12719	1.39774	4.56333	0.356548	5.09652	4.91798	0.972097	4.72211	0.348075	4.38475	2.941	2.07719	6.40657	1.97492	1.47441	1.51854	5.13843	1.54032	2.56555	0.842129	2.3941	1.89309	6.43277	1.89304	3.349	2.41583	5.20625	6.36143	3.29898	3.48201</FloatingPoint>
				<FloatingPoint size="20">	0.533072	0.413461	0.646317	0.316801	0.372214	0.602496	0.588856	0.96393	0.349861	0.640951	0.558744	0.55185	0.385307	0.639036	0.346433	0.340384	0.459388	0.292937	0.52208	0.244821</FloatingPoint>
			</Individual>
			<Individual size="2">
				<FitnessMax value="24.7015"/>
				<FloatingPoint size="40">	2.16176	5.17521	2.71934	3.78642	1.54959	5.26677	2.49866	2.61122	5.56218	4.017	2.12719	1.39774	4.56333	0.360043	5.08747	4.91798	0.972098	4.72211	1.73411	4.39019	2.941	2.07702	6.39149	1.97542	5.08669	1.53334	5.08568	2.68097	2.56849	0.843404	2.25087	1.89277	6.42483	4.23608	3.35296	2.41655	5.20629	6.35805	3.32102	3.47601</FloatingPoint>
				<FloatingPoint size="20">	0.38107	0.420295	0.784826	0.799277	0.553946	0.524912	0.440883	0.919023	0.502871	0.66666	0.575123	0.703717	0.457306	0.658039	0.429718	0.64089	0.189617	0.378642	0.927568	0.366797</FloatingPoint>
			</Individual>
			<Individual size="2">
				<FitnessMax value="24.182"/>
				<FloatingPoint size="40">	4.40839	5.17521	2.73426	3.78642	1.54959	5.26677	2.49866	2.61494	5.84583	4.02202	2.12719	1.39774	4.56333	0.356548	5.09652	4.91798	0.972098	4.72211	0.348068	4.38475	2.941	2.07719	6.40657	1.97493	1.47441	1.51854	5.13843	2.68081	2.56555	0.842129	2.21642	1.89309	6.43277	4.24914	3.349	2.41583	5.20625	6.36143	3.29339	3.47441</FloatingPoint>
				<FloatingPoint size="20">	0.15721	0.421645	0.702915	0.246061	0.521471	0.413481	0.536826	0.910997	0.826435	0.600345	0.577137	0.571721	0.423125	0.658499	0.388995	0.449231	0.191318	0.519586	0.557416	0.656466</FloatingPoint>
			</Individual>
			<Individual size="2">
				<FitnessMax value="24.7015"/>
				<FloatingPoint size="40">	0.974939	5.16932	2.73959	3.79033	1.57311	5.23856	2.47316	2.55696	5.22682	3.90128	2.14586	1.40499	4.57908	0.363136	5.07634	4.82474	0.997939	4.69864	3.39815	4.41994	2.91948	2.04578	5.28974	1.98859	1.46728	1.54729	5.05059	2.72384	2.57648	0.980257	2.20633	1.8909	6.39532	4.21153	3.37824	2.42724	0.113808	6.34939	3.2997	3.4728</FloatingPoint>
				<FloatingPoint size="20">	0.38107	0.420295	0.711378	0.612645	0.228769	0.635662	0.339086	0.919023	0.52071	0.650389	0.8171	0.572361	0.459102	0.671163	0.324057	0.668279	0.189617	0.669854	0.927568	0.366797</FloatingPoint>
			</Individual>
			<Individual size="2">
				<FitnessMax value="24.2808"/>
				<FloatingPoint size="40">	1.31276	5.17471	2.75787	3.78915	1.55793	5.27775	2.44612	2.59554	5.22904	4.01773	2.1272	1.39777	4.57673	0.357613	5.09448	4.92692	0.957414	4.68851	5.43351	4.42455	2.94573	2.08288	6.38714	2.03935	1.46162	1.51838	4.95155	2.68136	2.60709	0.797299	0.905318	1.89759	6.39718	1.04657	3.61759	2.46648	5.20786	6.3617	3.31081	3.47413</FloatingPoint>
				<FloatingPoint size="20">	0.810113	0.413461	0.646317	0.316801	0.372214	0.602496	0.588856	0.96393	0.349861	0.640951	0.558744	0.55185	0.385307	0.639036	0.346733	0.340384	0.144948	0.292937	0.52208	0.244821</FloatingPoint>
			</Individual>
			<Individual size="2">
				<FitnessMax value="23.6163"/>
				<FloatingPoint size="40">	1.07073	5.17521	2.73426	3.78642	1.54959	5.26677	2.49866	2.61494	5.24351	4.02202	2.12719	1.39774	4.56333	0.356548	5.09652	4.90615	0.983118	4.7103	2.25231	4.39289	2.93793	2.07218	6.38868	2.00475	1.47097	1.52162	5.07935	2.69531	2.57903	0.827255	2.25486	1.8881	6.42027	5.17829	3.4068	2.41873	5.50794	6.36053	3.30194	3.47699</FloatingPoint>
				<FloatingPoint size="20">	0.113459	0.421575	0.703397	0.247475	0.510788	0.725631	0.585784	0.929801	0.497797	0.584403	0.559928	0.561292	0.414723	0.67369	0.322751	0.381618	0.187043	0.384586	0.544458	0.318506</FloatingPoint>
			</Individual>
			<Individual size="2">
				<FitnessMax value="24.7015"/>
				<FloatingPoint size="40">	1.07073	5.17521	2.73426	3.78642	1.54959	5.26677	2.49866	2.61494	5.66292	4.02202	2.12719	1.39774	4.56333	0.356548	5.09652	4.91798	0.972098	4.72211	0.348068	4.38475	2.941	2.07697	6.4025	1.97558	1.47355	1.53785	5.12112	2.68102	2.56938	0.843793	2.2063	1.89267	6.4224	4.22439	3.35417	2.41424	5.2063	6.35781	3.32768	3.47425</FloatingPoint>
				<FloatingPoint size="20">	0.38107	0.420295	0.711378	0.612645	0.228769	0.635662	0.339086	0.919023	0.52071	0.650389	0.8171	0.572361	0.459102	0.671163	0.324057	0.668279	0.189617	0.421593	0.927568	0.366797</FloatingPoint>
			</Individual>
			<Individual size="2">
				<FitnessMax value="23.5276"/>
				<FloatingPoint size="40">	2.44838	5.17521	2.73426	3.78642	1.54959	5.26677	2.49866	2.61494	5.23465	4.02202	2.12719	1.39774	4.56333	0.356548	5.09652	4.91798	0.972098	4.72211	0.348068	4.38475	2.941	2.07719	6.40657	1.97493	1.47441	1.51854	5.13843	2.68081	2.56555	0.842129	2.21642	1.89309	6.43277	1.57633	3.349	2.41583	5.20625	6.36143	3.31392	3.47441</FloatingPoint>
				<FloatingPoint size="20">	0.699797	0.417989	0.656121	0.282513	0.507648	0.398635	0.588041	0.926938	0.474953	0.60569	0.565025	0.570176	0.406847	0.646137	0.445715	0.376243	0.168207	0.40165	0.543055	0.30952</FloatingPoint>
			</Individual>
			<Individual size="2">
				<FitnessMax value="24.3236"/>
				<FloatingPoint size="40">	2.44838	5.17521	2.73426	3.78642	1.54959	5.26677	2.49866	2.61494	5.23465	4.02202	2.12719	1.39774	4.56333	0.356548	5.09652	4.91798	0.972098	4.72211	0.348068	4.38475	2.941	2.07719	6.40657	1.97493	1.47441	1.51854	5.13843	2.68081	2.56555	0.842129	2.21642	1.89309	6.43277	1.57633	3.349	2.41583	5.20625	6.36143	3.31392	3.47441</FloatingPoint>
				<FloatingPoint size="20">	0.733619	0.417933	0.662205	0.320783	0.484369	0.141908	0.587756	0.963833	0.32911	0.630491	0.558696	0.565733	0.384519	0.638247	0.354993	0.3548	0.0475485	0.610666	0.53869	0.0130962</FloatingPoint>
			</Individual>
			<Individual size="2">
				<FitnessMax value="24.2808"/>
				<FloatingPoint size="40">	6.37367	5.17521	2.73426	3.78642	1.54959	5.26677	2.49866	2.61494	5.23519	4.02202	2.12719	1.39774	4.56333	0.356548	5.09652	4.91798	0.972099	4.72211	0.348063	4.38475	2.941	2.07719	6.40657	3.70258	1.47441	1.51854	5.13843	2.61786	2.56555	0.842129	2.22504	1.89309	6.43277	4.05036	3.349	2.41583	5.743	6.36143	3.29459	3.30054</FloatingPoint>
				<FloatingPoint size="20">	0.428004	0.413461	0.646317	0.316801	0.372214	0.602496	0.588856	0.96393	0.349861	0.640951	0.558744	0.55185	0.385307	0.639036	0.346433	0.340384	0.459388	0.292937	0.52208	0.244821</FloatingPoint>
			</Individual>
			<Individual size="2">
				<FitnessMax value="25.2204"/>
				<FloatingPoint size="40">	6.37367	5.17518	2.73587	3.78823	1.55182	5.26469	2.49574	2.59215	5.75774	3.93458	2.13073	1.40145	4.56995	0.356574	5.08899	4.90577	0.976976	4.71669	1.70475	4.38677	2.94036	2.07294	6.25446	1.9814	1.47085	1.52986	5.09266	2.68438	2.57036	0.86773	2.23408	1.91381	6.41332	4.21878	3.35636	2.42046	3.40532	6.35731	3.30129	3.47382</FloatingPoint>
				<FloatingPoint size="20">	0.361666	0.413672	0.660603	0.518794	0.393975	0.618935	0.390172	0.939308	0.376218	0.10789	0.555956	0.567851	0.470687	0.645716	0.370187	0.717449	0.165805	0.919522	0.803425	0.266373</FloatingPoint>
			</Individual>
			<Individual size="2">
				<FitnessMax value="24.7015"/>
				<FloatingPoint size="40">	2.44838	5.17521	2.73426	3.78642	1.54959	5.26677	2.49866	2.61494	5.66292	4.02202	2.12719	1.39774	4.56333	0.356548	5.09652	4.91798	0.972098	4.72211	0.348068	4.38475	2.941	2.07697	6.4025	1.97558	6.18885	1.53785	5.12112	2.68102	2.56938	0.843793	2.2063	1.89267	6.4224	4.22439	3.35417	2.41424	5.2063	6.35781	3.32768	3.47425</FloatingPoint>
				<FloatingPoint size="20">	0.38107	0.420295	0.711378	0.612645	0.228769	0.635662	0.339086	0.919023	0.52071	0.650389	0.8171	0.572361	0.459102	0.671163	0.324057	0.668279	0.189617	0.421593	0.927568	0.366797</FloatingPoint>
			</Individual>
			<Individual size="2">
				<FitnessMax value="23.6163"/>
				<FloatingPoint size="40">	1.02247	5.17003	2.74319	3.78988	1.59438	5.26027	2.48449	2.60263	5.23284	4.01334	2.12906	1.40395	4.57311	0.372742	5.07381	4.88422	0.99218	4.70369	5.6706	4.40398	2.93401	2.07209	6.35668	2.0572	1.46544	1.52672	5.00663	2.68521	2.58421	0.816671	2.21137	1.88839	6.40153	5.10611	3.48754	2.42028	5.15544	6.3609	3.30814	2.28914</FloatingPoint>
				<FloatingPoint size="20">	0.832625	0.340786	0.868166	0.22206	0.462751	0.725631	0.585784	0.929801	0.497797	0.584403	0.559928	0.561292	0.414723	0.67369	0.322751	0.340273	0.187043	0.384586	0.544458	0.771089</FloatingPoint>
			</Individual>
			<Individual size="2">
				<FitnessMax value="24.0424"/>
				<FloatingPoint size="40">	4.22758	5.17521	2.73426	3.78642	1.54959	5.26677	2.49866	2.61494	5.50856	4.02202	2.12719	1.39774	4.56333	0.356548	5.09652	4.91798	0.972098	4.72211	0.348073	4.38475	2.941	2.07719	5.77623	3.04404	1.47441	1.51854	5.13843	1.86487	2.56555	0.842129	2.29546	1.89309	6.43277	3.23584	3.349	2.41583	5.53841	6.36143	3.29548	3.47984</FloatingPoint>
				<FloatingPoint size="20">	0.522095	0.507439	0.753154	0.427062	0.506418	0.724339	0.535739	0.906586	0.554505	0.575134	0.588824	0.540592	0.482011	0.643603	0.48238	0.395991	0.384591	0.47198	0.57578	0.406975</FloatingPoint>
			</Individual>
			<Individual size="2">
				<FitnessMax value="24.0424"/>
				<FloatingPoint size="40">	6.37367	5.17521	2.73426	3.78642	1.54959	5.26677	2.49866	2.61494	5.23465	4.02202	2.12719	1.39774	4.56333	0.356548	5.09652	4.91798	0.972098	4.72211	0.348068	4.38475	2.941	2.07719	6.40657	3.84882	1.47441	1.51854	5.13843	2.68081	2.56555	0.842129	2.21642	1.89309	6.43277	4.24914	3.349	2.41583	5.78844	6.36143	3.29339	3.47441</FloatingPoint>
				<FloatingPoint size="20">	0.522095	0.507439	0.753154	0.427062	0.506418	0.724339	0.535739	0.906586	0.555155	0.575134	0.588824	0.540592	0.488725	0.63875	0.48238	0.395991	0.384591	0.47198	0.57578	0.406975</FloatingPoint>
			</Individual>
			<Individual size="2">
				<FitnessMax value="23.6163"/>
				<FloatingPoint size="40">	4.0377	5.1729	2.74539	3.78807	1.57594	5.2585	2.492	2.60794	5.23349	4.01257	2.12904	1.40089	4.56781	0.363799	5.07948	4.90308	0.985975	4.70724	2.7461	4.39499	2.93713	2.07087	6.38404	2.01248	1.47008	1.52242	5.06403	2.69906	2.58252	0.823398	2.21417	1.88681	6.41703	5.41923	3.42178	2.41948	5.50932	6.36029	3.25222	3.47765</FloatingPoint>
				<FloatingPoint size="20">	0.113459	0.421575	0.703397	0.247475	0.462751	0.725631	0.585784	0.929801	0.497797	0.584403	0.559928	0.561292	0.414723	0.67369	0.322751	0.381618	0.187043	0.384586	0.544458	0.318506</FloatingPoint>
			</Individual>
			<Individual size="2">
				<FitnessMax value="23.3815"/>
				<FloatingPoint size="40">	1.07073	5.17521	2.73426	3.78642	1.54959	5.26677	2.49866	2.61494	5.23465	4.02202	2.12719	1.39774	4.56333	0.356548	5.09652	4.91798	0.972098	4.72211	0.348068	4.38475	2.941	2.07719	6.40657	1.97493	1.47441	1.51854	5.13843	2.68081	2.56555	0.842129	2.21642	1.89309	6.43277	4.24914	3.349	2.41583	5.34978	6.36143	2.10294	2.98696</FloatingPoint>
				<FloatingPoint size="20">	0.672868	0.642026	0.767849	0.425904	0.552496	0.292568	0.49667	0.862933	0.559778	0.687566	0.564649	0.557294	0.482679	0.728251	0.61432	0.578428	0.569738	0.810726	0.520747	0.528389</FloatingPoint>
			</Individual>
			<Individual size="2">
				<FitnessMax value="25.2204"/>
				<FloatingPoint size="40">	1.41363	5.17521	2.73426	3.78642	1.54959	5.26677	2.49866	2.61494	5.8504	4.02202	2.12719	1.39774	4.56333	0.356548	5.09652	4.91798	0.972097	4.72211	0.348075	4.38475	2.941	2.07719	6.40657	1.97492	1.47441	1.51854	5.13843	1.54032	2.56555	0.842129	2.3941	1.89309	6.43277	1.89304	3.349	2.41583	5.20625	6.36143	3.29898	3.48201</FloatingPoint>
				<FloatingPoint size="20">	0.497994	0.411675	0.689163	0.512548	0.460135	0.605495	0.401723	0.939575	0.515957	0.653247	0.573768	0.567458	0.44794	0.654666	0.372905	0.466783	0.353187	0.408665	0.430951	0.31258</FloatingPoint>
			</Individual>
			<Individual size="2">
				<FitnessMax value="24.2808"/>
				<FloatingPoint size="40">	1.31276	5.17471	2.75787	3.78915	1.55793	5.27775	2.44612	2.59554	5.22904	4.01773	2.1272	1.39777	4.57673	0.357613	5.09448	4.92692	0.957414	4.68851	5.43351	4.42455	2.94573	2.08288	6.38714	2.03935	1.46162	1.51838	4.95155	2.68136	2.60709	0.797299	0.905318	1.89759	6.39718	1.04657	3.61759	2.46648	5.20786	6.3617	3.31081	3.47413</FloatingPoint>
				<FloatingPoint size="20">	0.810113	0.413461	0.646317	0.316801	0.372214	0.602496	0.588856	0.96393	0.349861	0.640951	0.558744	0.55185	0.385307	0.639036	0.346733	0.340384	0.144948	0.292937	0.52208	0.244821</FloatingPoint>
			</Individual>
			<Individual size="2">
				<FitnessMax value="24.0424"/>
				<FloatingPoint size="40">	6.37367	5.17521	2.73426	3.78642	1.54959	5.26677	2.49866	2.61494	5.23465	4.02202	2.12719	1.39774	4.56333	0.356548	5.09652	4.91798	0.972098	4.72211	0.348068	4.38475	2.941	2.07719	6.40657	3.84882	1.47441	1.51854	5.13843	2.68081	2.56555	0.842129	2.21642	1.89309	6.43277	4.24914	3.349	2.41583	5.78844	6.36143	3.29339	3.47441</FloatingPoint>
				<FloatingPoint size="20">	0.522095	0.507439	0.753154	0.427062	0.506418	0.724339	0.535739	0.906586	0.507268	0.575134	0.588824	0.540592	0.478401	0.668447	0.48238	0.395991	0.384591	0.47198	0.57578	0.406975</FloatingPoint>
			</Individual>
			<Individual size="2">
				<FitnessMax value="23.1919"/>
				<FloatingPoint size="40">	1.22236	5.17412	2.73596	3.78836	1.57582	5.26374	2.49642	2.60825	5.23419	4.01579	2.12831	1.40054	4.56674	0.358356	5.09578	4.91674	0.976342	2.45414	2.30604	4.38556	2.9387	2.07617	6.40106	2.01163	1.46853	1.51925	5.10305	2.68094	2.64018	0.840678	2.21515	1.89107	6.42813	4.24954	3.36804	2.41653	5.25783	6.36142	3.29323	3.47622</FloatingPoint>
				<FloatingPoint size="20">	0.345059	0.553449	0.708887	0.406834	0.519643	0.370729	0.519013	0.866812	0.557196	0.630615	0.565479	0.570512	0.467501	0.606534	0.432341	0.45308	0.298261	0.581215	0.541743	0.528963</FloatingPoint>
			</Individual>
			<Individual size="2">
				<FitnessMax value="23.4318"/>
				<FloatingPoint size="40">	1.11293	5.17422	2.73779	3.78736	1.56271	5.26518	2.49554	2.6115	3.3821	4.02155	2.12805	1.39914	4.56549	0.359842	5.09093	4.91412	0.977692	3.9747	1.40468	4.38744	2.93983	2.07658	6.39538	1.99339	3.44571	1.52039	5.11941	2.68226	2.57135	0.837377	2.31281	1.8912	6.4293	4.68038	3.36859	2.41624	5.32082	6.36113	3.28146	3.47559</FloatingPoint>
				<FloatingPoint size="20">	0.15721	0.421645	0.702915	0.246061	0.505166	0.372183	0.586385	0.921628	0.512133	0.584224	0.574258	0.571135	0.41452	0.65884	0.375859	0.381215	0.190628	0.49231	0.54422	0.71855</FloatingPoint>
			</Individual>
			<Individual size="2">
				<FitnessMax value="24.7015"/>
				<FloatingPoint size="40">	1.22236	5.16997	2.67045	3.79016	1.60856	5.248	2.48354	2.59904	5.23201	4.00057	2.13139	1.40488	4.5735	0.371499	5.05784	4.88415	1.0036	4.68836	5.7919	4.408	2.91566	2.06285	6.35543	2.06018	1.46457	1.52735	4.96953	0.499694	2.60409	0.799607	2.21131	3.91157	6.39704	4.27438	3.51423	2.42412	5.1548	6.35886	3.19994	3.48178</FloatingPoint>
				<FloatingPoint size="20">	0.38107	0.420295	0.752669	0.717566	0.411578	0.5734	0.396315	0.919023	0.510681	0.659536	0.681065	0.572361	0.458092	0.663785	0.383458	0.652882	0.189617	0.397447	0.927568	0.366797</FloatingPoint>
			</Individual>
			<Individual size="2">
				<FitnessMax value="24.7015"/>
				<FloatingPoint size="40">	1.22236	5.16997	2.67045	3.79016	1.60856	5.248	2.48354	2.59904	5.23201	4.00057	2.13139	1.40488	4.5735	0.371499	5.05784	4.88415	1.0036	4.68836	5.7919	4.408	2.91566	2.06285	6.35543	2.06018	1.46457	1.52735	4.96953	2.72225	2.60409	0.799607	2.21131	3.91157	6.39704	4.27438	3.51423	2.42412	5.1548	6.35886	3.19994	3.48178</FloatingPoint>
				<FloatingPoint size="20">	0.38107	0.420295	0.784826	0.799277	0.553946	0.524912	0.440883	0.919023	0.502871	0.66666	0.575123	0.572361	0.457306	0.658039	0.429718	0.64089	0.189617	0.378642	0.927568	0.366797</FloatingPoint>
			</Individual>
			<Individual size="2">
				<FitnessMax value="24.7015"/>
				<FloatingPoint size="40">	2.46077	5.17521	2.73426	3.78642	1.54956	5.26677	2.49867	2.61494	5.65027	4.02201	2.12719	1.39774	4.56334	0.356548	5.09653	4.91798	0.972098	4.72212	0.348068	4.38475	2.941	2.07492	6.40316	1.97513	2.96797	1.53372	5.14467	2.68097	2.56645	0.843435	2.22785	1.89307	6.42078	4.22368	3.34877	2.41344	4.85097	6.35867	3.29853	3.47425</FloatingPoint>
				<FloatingPoint size="20">	0.38107	0.420295	0.711378	0.456969	0.228769	0.635662	0.339086	0.919023	0.52071	0.650389	0.8171	0.572361	0.459102	0.671163	0.324057	0.668279	0.189617	0.421593	0.927568	0.366797</FloatingPoint>
			</Individual>
			<Individual size="2">
				<FitnessMax value="23.3815"/>
				<FloatingPoint size="40">	1.07073	5.16997	2.75953	3.79016	1.60942	5.248	2.48354	2.59904	5.23201	4.00057	2.13139	1.40488	4.5735	0.373008	5.05784	4.88415	1.0036	4.68836	5.7919	4.408	2.93222	2.06285	6.35543	2.06018	1.46457	1.52735	4.96953	2.72225	2.60409	0.799607	2.21131	1.87883	6.39704	6.9054	3.51423	2.42412	5.1548	6.35886	3.19994	3.48178</FloatingPoint>
				<FloatingPoint size="20">	0.361666	0.398554	0.797732	0.77653	0.595773	0.601674	0.310993	0.862553	0.535877	0.673808	0.590258	0.57439	0.462337	0.656949	0.448854	0.759169	0.194462	0.847742	0.543846	0.771089</FloatingPoint>
			</Individual>
			<Individual size="2">
				<FitnessMax value="24.2808"/>
				<FloatingPoint size="40">	1.07073	5.17521	2.73426	3.78642	1.54959	5.26677	2.49866	2.61494	5.84583	4.02202	2.12719	1.39774	4.56333	0.356548	5.09652	4.91798	0.972098	4.72211	0.348068	4.38475	2.941	2.07719	6.40657	1.97493	1.47441	1.51854	5.13843	2.68081	2.56555	0.842129	2.41123	1.89309	6.43277	4.24914	3.349	2.41583	5.20625	6.36143	3.29339	3.47441</FloatingPoint>
				<FloatingPoint size="20">	0.428004	0.413461	0.646317	0.316801	0.372214	0.602496	0.588856	0.96393	0.349861	0.640951	0.558744	0.55185	0.385307	0.639036	0.346433	0.340384	0.144948	0.292937	0.52208	0.244821</FloatingPoint>
			</Individual>
			<Individual size="2">
				<FitnessMax value="24.0424"/>
				<FloatingPoint size="40">	6.37367	5.17521	2.73426	3.78642	1.54959	5.26677	2.49866	2.61494	5.23465	4.02202	2.12719	1.39774	4.56333	0.356548	5.09652	4.91798	0.972098	4.72211	0.348068	4.38475	2.941	2.07719	6.40657	3.84882	1.47441	1.51854	5.13843	2.68081	2.56555	0.842129	2.21642	1.89309	6.43277	4.24914	3.349	2.41583	5.78844	6.36143	3.29339	3.47441</FloatingPoint>
				<FloatingPoint size="20">	0.522095	0.507439	0.753154	0.427062	0.506418	0.724339	0.535739	0.906586	0.507268	0.575134	0.588824	0.540592	0.478401	0.63875	0.48238	0.395991	0.384591	0.47198	0.57578	0.406975</FloatingPoint>
			</Individual>
			<Individual size="2">
				<FitnessMax value="23.3815"/>
				<FloatingPoint size="40">	1.22236	5.16997	2.75953	3.79016	1.60942	5.248	2.48354	2.59904	5.23201	4.00057	2.13139	1.40488	4.5735	0.373008	5.05784	4.88415	1.0036	4.68836	5.7919	4.408	2.93222	2.06285	6.35543	2.06018	1.46457	1.52735	4.96953	2.72225	2.60409	0.799607	2.21131	1.87883	6.39704	4.27438	3.51423	2.42412	5.1548	6.35886	3.19994	3.48178</FloatingPoint>
				<FloatingPoint size="20">	0.37331	0.391452	0.799704	0.754722	0.593554	0.6111	0.308588	0.862647	0.542931	0.674636	0.590239	0.577942	0.469056	0.652041	0.462982	0.752153	0.194424	0.846963	0.553119	0.764678</FloatingPoint>
			</Individual>
			<Individual size="2">
				<FitnessMax value="23.9034"/>
				<FloatingPoint size="40">	2.44838	5.17521	2.73426	3.78642	1.54959	5.26677	2.49866	2.61494	5.66292	4.02202	2.12719	1.39774	4.56333	0.356548	5.09652	4.91798	0.972098	4.72211	0.726886	4.38475	2.941	2.07697	6.4025	1.97558	6.18885	1.53785	5.12112	2.68102	2.56938	0.843793	2.2063	1.89267	6.4224	4.22439	3.35417	2.41424	5.2063	6.35781	3.32768	3.47425</FloatingPoint>
				<FloatingPoint size="20">	0.380087	0.430538	0.708496	0.708143	0.481705	0.648204	0.551443	0.916567	0.515386	0.672097	0.666398	0.565768	0.463009	0.674466	0.327204	0.363698	0.189515	0.37312	0.961647	0.430519</FloatingPoint>
			</Individual>
			<Individual size="2">
				<FitnessMax value="24.2808"/>
				<FloatingPoint size="40">	1.38079	5.17452	2.73531	3.7866	1.55637	5.26624	2.49676	2.61391	5.27075	4.02201	2.12776	1.39869	4.56516	0.358323	5.09586	4.91739	0.973473	4.63446	1.54113	4.385	2.94015	2.07641	6.40527	1.99436	1.47025	1.5192	5.10811	2.25667	2.56808	1.57478	2.21878	1.89289	6.43125	3.30198	3.35265	2.41624	5.24609	6.36143	3.29472	3.47788</FloatingPoint>
				<FloatingPoint size="20">	0.522095	0.507439	0.753154	0.316801	0.372214	0.602496	0.588856	0.96393	0.349861	0.640951	0.558744	0.55185	0.231332	0.639036	0.346433	0.340384	0.459388	0.292937	0.52208	0.244821</FloatingPoint>
			</Individual>
			<Individual size="2">
				<FitnessMax value="24.7015"/>
				<FloatingPoint size="40">	1.80843	5.174	2.73608	3.78847	1.5535	5.26328	2.47555	2.57786	5.41564	3.92497	2.1336	1.40206	4.57532	0.356814	5.08455	4.85552	0.97817	4.70318	2.66839	4.41725	2.94034	2.06608	5.97802	1.98805	1.46909	1.54275	5.06729	2.68616	2.57363	0.921946	2.20631	1.93985	6.40526	4.21805	3.37163	2.42117	2.06686	6.35629	3.32471	3.47398</FloatingPoint>
				<FloatingPoint size="20">	0.38107	0.420295	0.711378	0.612645	0.228769	0.635662	0.339086	0.919023	0.52071	0.650389	0.8171	0.572361	0.459102	0.671163	0.324057	0.668279	0.189617	0.421593	0.927568	0.366797</FloatingPoint>
			</Individual>
			<Individual size="2">
				<FitnessMax value="24.7015"/>
				<FloatingPoint size="40">	2.44838	5.17521	2.73426	3.78642	1.54959	5.26677	2.49866	2.61494	5.66292	4.02202	2.12719	1.39774	4.56333	0.356548	5.09652	4.91798	0.972098	4.72211	0.348068	4.38475	2.941	2.07697	6.4025	1.97558	6.18885	1.53785	5.12112	2.68102	2.56938	0.843793	2.2063	1.89267	6.4224	4.22439	3.35417	2.41424	5.2063	6.35781	3.32768	3.47425</FloatingPoint>
				<FloatingPoint size="20">	0.38107	0.420295	0.711378	0.612645	0.228769	0.635662	0.339086	0.919023	0.52071	0.650389	0.8171	0.572361	0.459102	0.671163	0.324057	0.668279	0.189617	0.421593	0.927568	0.366797</FloatingPoint>
			</Individual>
			<Individual size="2">
				<FitnessMax value="23.3815"/>
				<FloatingPoint size="40">	1.07073	5.17521	2.73426	3.78642	1.54959	5.26677	2.49866	2.61494	5.23465	4.02202	2.12719	1.39774	4.56333	0.356548	5.09652	4.91798	0.972098	4.72211	0.348068	4.38475	2.941	2.07719	6.40657	1.97493	1.47441	1.51854	5.13843	2.68081	2.56555	0.842129	2.21642	1.89309	6.43277	4.24914	3.349	2.41583	5.20625	6.36143	3.34838	3.47441</FloatingPoint>
				<FloatingPoint size="20">	0.304999	0.371508	0.774643	0.442213	0.568954	0.760572	0.214705	0.861832	0.580106	0.449781	0.588569	0.624744	0.551204	0.604832	0.626294	0.321166	0.888169	0.717184	0.676887	0.531264</FloatingPoint>
			</Individual>
			<Individual size="2">
				<FitnessMax value="23.3818"/>
				<FloatingPoint size="40">	1.07073	5.17521	2.73426	3.78642	1.54959	5.26677	2.49866	2.61494	5.84583	4.02202	2.12719	1.39774	4.56333	0.356548	5.09652	4.91798	0.972098	4.72211	0.348068	4.38475	2.941	2.07538	6.39183	1.97623	1.45583	1.54799	5.11777	2.68602	2.58493	0.844173	2.19839	1.89257	6.41118	4.2219	3.35678	2.41276	5.20634	6.35595	3.30846	3.4742</FloatingPoint>
				<FloatingPoint size="20">	0.158761	0.413783	0.690862	0.726153	0.490606	0.64357	0.307508	0.865037	0.49558	0.583182	0.549366	0.574716	0.649038	0.647422	0.43372	0.853483	0.192231	0.650362	0.991723	0.318033</FloatingPoint>
			</Individual>
			<Individual size="2">
				<FitnessMax value="24.7015"/>
				<FloatingPoint size="40">	1.07073	5.17521	2.73426	3.78642	1.54959	5.26677	2.49866	2.61494	5.84583	4.02202	3.88322	1.39774	4.56333	0.356548	5.09652	4.91798	0.972098	4.72211	0.348068	4.38475	2.941	2.07719	6.40657	1.97493	1.47441	1.51854	5.13843	2.68081	2.56555	0.842129	2.41123	1.89309	6.4224	4.22439	3.35417	2.41424	5.2063	6.35781	3.32768	3.47425</FloatingPoint>
				<FloatingPoint size="20">	0.15721	0.420295	0.711378	0.612645	0.228769	0.635662	0.339086	0.919023	0.52071	0.651281	0.810118	0.571321	0.459783	0.670943	0.324532	0.659963	0.194122	0.416217	0.915036	0.366973</FloatingPoint>
			</Individual>
			<Individual size="2">
				<FitnessMax value="23.3815"/>
				<FloatingPoint size="40">	1.07073	5.17521	2.73426	3.78642	1.54959	5.26677	2.49866	2.61494	5.84583	4.02202	2.12719	1.39774	4.56333	0.356548	5.09652	4.91798	0.972098	4.72211	0.348068	4.38475	2.941	2.07538	6.39183	1.97623	1.45583	1.54799	5.11777	2.68602	2.58493	0.844173	2.19839	1.89257	6.41118	4.2219	3.35678	2.41276	5.20634	6.35595	3.30846	3.4742</FloatingPoint>
				<FloatingPoint size="20">	0.361666	0.409894	0.797732	0.77653	0.595773	0.601674	0.310993	0.862553	0.535877	0.673808	0.590258	0.57439	0.462337	0.656949	0.448854	0.759169	0.194462	0.64388	0.999932	0.373555</FloatingPoint>
			</Individual>
			<Individual size="2">
				<FitnessMax value="25.125"/>
				<FloatingPoint size="40">	0.974939	5.16932	2.73959	3.79033	1.57311	5.23856	2.47316	2.55696	5.22682	3.90128	2.14586	1.40499	4.57908	0.363136	5.07634	4.82474	0.997939	4.69864	3.39815	4.41994	2.91948	2.04578	5.28974	1.98859	1.46728	1.54729	5.05059	2.72384	2.57648	0.980257	2.20633	1.8909	6.39532	4.21153	3.37824	2.42724	0.113808	6.34939	3.2997	3.4728</FloatingPoint>
				<FloatingPoint size="20">	0.415081	0.4179	0.736284	0.504162	0.490256	0.578358	0.492742	0.934761	0.449247	0.65765	0.569383	0.565173	0.432073	0.167594	0.400544	0.535575	0.269708	0.633511	0.78546	0.324049</FloatingPoint>
			</Individual>
			<Individual size="2">
				<FitnessMax value="23.6163"/>
				<FloatingPoint size="40">	2.25046	5.17339	2.73453	3.78676	0.948676	5.26556	2.49896	2.61482	5.22295	4.01751	2.12709	3.4651	4.57176	0.36156	5.08775	4.91799	0.974436	4.71572	0.322734	4.40196	2.94127	2.07058	6.3834	1.96519	1.47398	1.51877	5.10836	2.6898	2.57125	0.82188	2.19795	1.89298	6.41344	1.82909	2.05888	2.42113	5.20379	6.36068	3.3249	3.31994</FloatingPoint>
				<FloatingPoint size="20">	0.113453	0.314555	0.767849	0.425904	0.462746	0.147678	0.583705	0.929805	0.570981	0.584411	0.552645	0.549281	0.414713	0.509539	0.69188	0.381625	0.187	0.793375	0.509919	0.318492</FloatingPoint>
			</Individual>
			<Individual size="2">
				<FitnessMax value="23.6163"/>
				<FloatingPoint size="40">	2.61271	5.17192	2.75444	3.78973	1.59792	5.25559	2.49007	2.60171	5.23434	4.00173	2.13081	4.3607	4.56715	0.370862	5.07511	4.90499	0.992673	4.71336	2.60864	4.38672	2.93291	2.06908	6.3852	2.02748	1.46811	1.5219	5.10359	2.68151	2.57314	0.826181	2.21623	1.87987	6.43264	4.27024	3.48306	2.42256	5.51509	6.36045	3.23325	3.47847</FloatingPoint>
				<FloatingPoint size="20">	0.361666	0.54352	0.70339	0.247473	0.462747	0.725627	0.585784	0.929804	0.497795	0.584409	0.559928	0.561291	0.414716	0.673685	0.322739	0.381621	0.187011	0.384573	0.544448	0.318498</FloatingPoint>
			</Individual>
			<Individual size="2">
				<FitnessMax value="24.7015"/>
				<FloatingPoint size="40">	1.22236	5.17521	2.67045	3.78642	1.54959	5.26677	2.49866	2.59904	5.23201	4.00057	2.12719	1.39774	4.56333	0.371499	5.05784	4.91798	0.972098	4.72211	6.2768	4.408	2.941	2.07719	6.35543	1.97493	1.47441	1.51854	4.96953	2.68081	2.56555	0.842129	2.39695	1.89309	6.43277	4.27438	3.349	2.42412	5.20625	6.35886	3.29919	3.48178</FloatingPoint>
				<FloatingPoint size="20">	0.38107	0.420295	0.711378	0.63899	0.228769	0.635662	0.339086	0.919023	0.52071	0.650389	0.8171	0.572361	0.459102	0.671163	0.324057	0.668279	0.189617	0.421593	0.927568	0.366797</FloatingPoint>
			</Individual>
			<Individual size="2">
				<FitnessMax value="23.6163"/>
				<FloatingPoint size="40">	2.44838	5.17521	2.73426	3.78642	1.54959	5.26677	6.0049	2.61494	5.23465	4.02202	2.12719	1.39774	4.56333	0.356548	5.09652	4.91798	0.972098	4.72211	0.348068	4.38475	2.941	2.07719	6.40657	1.97493	1.47441	1.51854	5.13843	2.68081	2.56555	0.842129	2.21642	1.89309	6.43277	1.57633	3.349	2.41583	5.20625	6.36143	3.31392	3.47441</FloatingPoint>
				<FloatingPoint size="20">	0.113459	0.421575	0.768404	0.247475	0.462751	0.725631	0.585784	0.929801	0.497797	0.584403	0.559928	0.561292	0.414723	0.67369	0.365501	0.352759	0.0827629	0.577842	0.532944	0.340884</FloatingPoint>
			</Individual>
			<Individual size="2">
				<FitnessMax value="23.9953"/>
				<FloatingPoint size="40">	1.22236	5.17521	2.73426	3.78642	1.54959	5.26677	2.49866	2.61494	5.2433	4.02202	2.12719	1.39774	4.56333	0.356548	5.09652	4.91501	0.982231	4.71634	1.46773	4.38479	2.93966	2.07457	6.39448	1.98064	1.47224	1.51886	5.13506	1.84454	0.0563423	0.837273	2.32704	1.88884	6.42621	1.99138	3.3673	2.41689	5.3719	6.36108	3.29985	3.47962</FloatingPoint>
				<FloatingPoint size="20">	0.545305	0.512316	0.75598	0.437263	0.50617	0.724266	0.532897	0.905268	0.557726	0.574608	0.590465	0.539416	0.478189	0.641894	0.491447	0.396808	0.395811	0.476943	0.577559	0.412</FloatingPoint>
			</Individual>
			<Individual size="2">
				<FitnessMax value="24.7015"/>
				<FloatingPoint size="40">	1.22236	5.17521	2.67045	3.78642	1.54959	5.26677	2.49866	2.59904	5.23201	4.00057	2.12719	1.39774	4.56333	0.371499	5.05784	4.91798	0.972098	4.72211	6.2768	4.408	2.941	2.07719	6.35543	1.97493	1.47441	1.51854	4.96953	2.68081	2.56555	0.842129	2.39695	1.89309	6.43277	4.27438	3.349	2.42412	5.20625	6.35886	3.29919	3.48178</FloatingPoint>
				<FloatingPoint size="20">	0.38107	0.420295	0.784826	0.799277	0.553946	0.524912	0.440883	0.919023	0.502871	0.66666	0.575123	0.572361	0.457306	0.658039	0.429718	0.64089	0.189617	0.378642	0.927568	0.366797</FloatingPoint>
			</Individual>
			<Individual size="2">
				<FitnessMax value="24.3246"/>
				<FloatingPoint size="40">	2.44838	5.17521	2.73426	3.78642	1.54959	5.26677	6.0049	2.61494	5.23465	4.02202	2.12719	1.39774	4.56333	0.356548	5.09652	4.91798	0.972098	4.72211	0.348068	4.38475	2.941	2.07719	6.40657	1.97493	1.47441	1.51854	5.13843	2.68081	2.56555	0.842129	2.21642	1.89309	6.43277	1.57633	3.349	2.41583	5.20625	6.36143	3.31392	3.47441</FloatingPoint>
				<FloatingPoint size="20">	0.79504	0.42029	0.79656	0.382792	0.437318	0.514255	0.54697	0.929902	0.325689	0.632513	0.665403	0.566772	0.385561	0.657688	0.381078	0.342243	0.0447667	0.648259	0.528749	0.349038</FloatingPoint>
			</Individual>
			<Individual size="2">
				<FitnessMax value="23.8539"/>
				<FloatingPoint size="40">	0.974939	5.16932	2.73959	3.79033	1.57311	5.23856	2.47316	2.55696	5.22682	3.90128	2.14586	1.40499	4.57908	0.363136	5.07634	4.82474	0.997939	4.69864	3.39815	4.41994	2.91948	2.04578	6.34269	1.98859	1.46728	1.54729	5.05059	2.72384	2.57648	0.980257	2.20633	1.8909	6.39532	4.21153	3.37824	2.42724	0.113808	6.34939	3.2997	3.4728</FloatingPoint>
				<FloatingPoint size="20">	0.522095	0.745323	0.784826	0.605253	0.559335	0.524912	0.440883	0.882394	0.502871	0.66666	0.575123	0.573879	0.457306	0.658039	0.429718	0.64089	0.192257	0.817268	0.543876	0.640705</FloatingPoint>
			</Individual>
			<Individual size="2">
				<FitnessMax value="25.6434"/>
				<FloatingPoint size="40">	1.80843	5.174	2.73608	3.78847	1.5535	5.26328	2.47555	2.57786	5.41564	3.92497	2.1336	1.40206	4.57532	0.356814	5.08455	4.85552	0.97817	4.70318	2.66839	4.41725	2.94034	2.06608	5.97802	1.98805	1.46909	1.54275	5.06729	2.68616	2.57363	0.921946	2.20631	1.93985	6.40526	4.21805	3.37163	2.42117	2.06686	6.35629	3.32471	3.47398</FloatingPoint>
				<FloatingPoint size="20">	0.359561	0.420019	0.702413	0.825294	0.270314	0.650316	0.108903	0.962938	0.45403	0.651276	0.561935	0.538114	0.458515	0.635424	0.328321	0.226428	0.141865	0.498398	0.759455	0.207968</FloatingPoint>
			</Individual>
			<Individual size="2">
				<FitnessMax value="24.7015"/>
				<FloatingPoint size="40">	1.22236	5.17442	2.73484	3.78878	1.55598	5.2122	2.47145	2.57822	5.22629	3.91955	2.13488	2.5835	4.57292	0.36141	5.08458	4.78857	1.06566	4.70903	0.361936	4.40366	2.91624	2.06332	6.19037	1.97795	2.19535	1.54434	5.13443	2.71883	2.5741	1.03183	2.21617	1.89791	6.42485	4.18478	3.35149	6.03974	5.4198	6.34732	3.30124	3.47209</FloatingPoint>
				<FloatingPoint size="20">	0.38107	0.420295	0.711378	0.612645	0.228769	0.635662	0.339086	0.919023	0.52071	0.651561	0.800101	0.568308	0.460215	0.670714	0.326508	0.656918	0.209038	0.413222	0.902077	0.376862</FloatingPoint>
			</Individual>
			<Individual size="2">
				<FitnessMax value="23.6163"/>
				<FloatingPoint size="40">	1.07073	5.17035	2.74025	3.78922	1.5564	5.2269	2.49622	2.60562	5.23374	4.00167	2.13367	1.40008	4.57609	0.36168	5.07578	4.89584	0.962931	4.71799	1.62105	4.40012	2.93266	2.07007	6.40567	1.99392	1.46961	1.52182	5.03248	2.71852	2.36314	0.841617	2.21612	1.88856	6.40299	4.24296	3.47538	2.52469	5.35232	4.4982	2.75484	3.24281</FloatingPoint>
				<FloatingPoint size="20">	0.113459	0.421575	0.703397	0.247475	0.462751	0.725631	0.585784	0.929801	0.497797	0.584403	0.559928	0.561292	0.414723	0.67369	0.322751	0.381618	0.187043	0.384586	0.544458	0.318506</FloatingPoint>
			</Individual>
			<Individual size="2">
				<FitnessMax value="24.2808"/>
				<FloatingPoint size="40">	2.44845	5.17521	2.73426	3.78642	1.54959	5.26677	2.49866	2.61494	5.23465	4.02202	2.12719	1.39774	4.56333	0.356547	5.09652	4.91798	0.972114	4.72211	0.347918	4.38475	2.941	2.07719	6.40657	1.97493	1.47441	1.51854	5.13843	2.68081	2.56556	0.84213	2.21642	1.89309	6.43277	1.57619	3.349	2.41583	5.20625	6.36143	3.31392	3.47441</FloatingPoint>
				<FloatingPoint size="20">	0.810113	0.413461	0.886706	0.316801	0.372214	0.602496	0.588856	0.96393	0.349861	0.640951	0.558744	0.55185	0.385307	0.639036	0.346733	0.340384	0.144948	0.292937	0.52208	0.244821</FloatingPoint>
			</Individual>
			<Individual size="2">
				<FitnessMax value="23.3815"/>
				<FloatingPoint size="40">	1.07073	5.17521	2.73426	3.78642	1.54959	5.26677	2.49866	2.61494	5.84583	4.02202	2.12719	1.39774	4.56333	0.356548	5.09652	4.91798	0.972098	4.72211	0.348068	4.38475	2.941	2.07719	6.40657	1.97493	1.47441	1.51854	5.13843	2.68081	2.56555	0.842129	2.21642	1.89309	6.43277	4.24914	3.349	2.41583	5.20625	6.36143	3.29339	3.47441</FloatingPoint>
				<FloatingPoint size="20">	0.361666	0.409894	0.797732	0.77653	0.595773	0.601674	0.310993	0.862553	0.535877	0.673808	0.590258	0.57439	0.462337	0.656949	0.448854	0.759169	0.194462	0.64388	0.617546	0.373555</FloatingPoint>
			</Individual>
			<Individual size="2">
				<FitnessMax value="25.2204"/>
				<FloatingPoint size="40">	1.07073	5.17521	2.73426	3.78642	1.54959	5.26677	2.49866	2.61494	5.84583	4.02202	2.12719	1.39774	4.56333	0.356548	5.09652	4.91798	0.972098	4.72211	0.348068	4.38475	2.941	2.07719	6.40657	1.97493	1.47441	1.51854	5.13843	2.68081	2.56555	0.842129	2.41123	1.89309	6.43277	4.24914	3.349	2.41583	5.20625	6.36143	3.29339	3.47441</FloatingPoint>
				<FloatingPoint size="20">	0.361666	0.413672	0.660603	0.47084	0.393975	0.618935	0.390172	0.939308	0.376218	0.10789	0.555956	0.567851	0.470687	0.645716	0.370187	0.717449	0.165805	0.622189	0.803425	0.266373</FloatingPoint>
			</Individual>
			<Individual size="2">
				<FitnessMax value="23.8051"/>
				<FloatingPoint size="40">	1.0772	5.17521	2.73426	3.78642	1.54959	5.26677	2.49866	3.77981	5.54774	4.0126	2.12719	1.39774	4.56333	0.356548	5.09652	4.91798	0.972098	4.72211	0.348068	4.38475	2.941	2.07719	6.40657	3.56877	1.47441	1.51854	5.13843	2.68081	2.56555	0.842129	2.21642	1.89309	6.43277	4.24914	3.349	2.41583	5.70197	6.36143	3.29339	3.47441</FloatingPoint>
				<FloatingPoint size="20">	0.15721	0.474944	0.730325	0.256978	0.507334	0.725044	0.566624	0.922527	0.50603	0.582631	0.561597	0.560741	0.462599	0.649971	0.347165	0.387732	0.352887	0.410928	0.572664	0.395425</FloatingPoint>
			</Individual>
			<Individual size="2">
				<FitnessMax value="24.0424"/>
				<FloatingPoint size="40">	1.07073	3.65013	2.73426	3.78642	1.54959	5.26677	2.49866	2.61494	5.84583	4.02202	2.12719	1.39774	4.56333	0.356548	5.09652	4.91798	0.972098	4.72211	0.348068	4.38475	2.941	2.07719	6.40657	1.97493	1.47441	1.51854	5.13843	2.68081	2.56555	0.842129	2.41123	1.89309	6.43277	4.24914	3.349	2.41583	5.20625	6.36143	3.29339	3.47441</FloatingPoint>
				<FloatingPoint size="20">	0.522095	0.507439	0.753154	0.427062	0.506418	0.724339	0.535739	0.906586	0.554505	0.575134	0.588824	0.540592	0.482011	0.643603	0.48238	0.395991	0.384591	0.47198	0.57578	0.406975</FloatingPoint>
			</Individual>
			<Individual size="2">
				<FitnessMax value="24.7015"/>
				<FloatingPoint size="40">	1.80843	5.17397	2.73676	3.78981	1.57066	5.26128	2.48835	2.6064	5.84152	4.01526	2.12897	1.39789	4.56503	0.363374	5.04731	4.89854	0.99172	4.71017	0.579489	4.4017	2.9347	2.07527	6.35931	2.00616	1.45684	1.54159	5.02312	2.68555	2.58447	0.819015	2.2054	1.88932	6.40969	4.94754	3.38335	2.41514	5.20512	6.3583	3.30195	3.43742</FloatingPoint>
				<FloatingPoint size="20">	0.38107	0.420295	0.752669	0.717566	0.411578	0.5734	0.396315	0.919023	0.510681	0.659536	0.681065	0.572361	0.458092	0.663785	0.383458	0.652882	0.189617	0.397447	0.927568	0.366797</FloatingPoint>
			</Individual>
			<Individual size="2">
				<FitnessMax value="23.6163"/>
				<FloatingPoint size="40">	1.07073	5.17339	2.73425	3.78642	0.948676	5.26677	2.49867	2.61482	5.22295	4.01751	2.12719	3.4651	4.56333	0.36156	5.08775	4.91799	0.97209	4.72212	0.348068	4.38475	2.94127	2.06488	6.40657	1.97493	3.4682	1.51854	5.13843	2.6898	2.56555	0.842129	2.21642	1.89298	6.43277	4.24914	3.35386	2.42113	4.7996	6.36068	3.3249	3.47441</FloatingPoint>
				<FloatingPoint size="20">	0.113453	0.576426	0.70339	0.247463	0.462746	0.725626	0.585785	0.929805	0.497792	0.584411	0.559927	0.561288	0.414713	0.673684	0.322727	0.381625	0.187	0.384564	0.544448	0.318492</FloatingPoint>
			</Individual>
			<Individual size="2">
				<FitnessMax value="25.0834"/>
				<FloatingPoint size="40">	1.07073	5.17521	2.73426	3.78642	1.54959	5.26677	2.49866	2.61494	5.84583	4.02202	2.12719	1.39774	4.56333	0.356548	5.09652	4.91798	0.972098	4.72211	0.348068	4.38475	2.941	2.07538	6.40657	1.97623	1.47441	1.54799	5.11777	2.68602	2.58493	0.844173	2.19839	1.89257	6.43277	4.24914	3.35678	2.41276	5.20625	6.35595	3.29339	3.47441</FloatingPoint>
				<FloatingPoint size="20">	0.4154	0.174267	0.663789	0.396248	0.421018	0.611403	0.521782	0.95187	0.395741	0.643486	0.628124	0.557358	0.405124	0.647664	0.340424	0.25242	0.156943	0.228522	0.630972	0.277577</FloatingPoint>
			</Individual>
			<Individual size="2">
				<FitnessMax value="24.2808"/>
				<FloatingPoint size="40">	1.14572	5.17262	2.7027	3.78827	1.57876	5.25748	2.49118	2.60708	5.54223	4.01141	2.12927	1.40127	4.56836	0.363942	5.07739	4.90125	0.98768	4.70542	3.0406	4.39625	2.92847	2.0701	6.38128	2.01709	1.46954	1.5229	5.05489	2.70131	2.58461	0.821097	2.31235	2.89143	6.4151	4.26162	3.43072	2.41993	5.1808	6.36016	3.24717	3.47805</FloatingPoint>
				<FloatingPoint size="20">	0.428004	0.413461	0.646317	0.316801	0.372214	0.602496	0.588856	0.96393	0.349861	0.640951	0.558744	0.55185	0.385307	0.639036	0.346433	0.72616	0.144948	0.292937	0.52208	0.244821</FloatingPoint>
			</Individual>
			<Individual size="2">
				<FitnessMax value="24.7015"/>
				<FloatingPoint size="40">	1.22236	5.17521	2.67045	3.78642	1.54959	5.26677	2.49866	2.59904	5.23201	4.00057	2.12719	1.39774	4.56333	0.371499	5.05784	4.91798	0.972098	4.72211	6.2768	4.408	2.941	2.07719	6.35543	1.97493	1.47441	1.51854	4.96953	2.68081	2.56555	0.842129	2.39695	1.89309	6.43277	4.27438	3.349	2.42412	5.20625	6.35886	3.29919	3.48178</FloatingPoint>
				<FloatingPoint size="20">	0.15721	0.420295	0.740214	0.675174	0.283195	0.531934	0.385234	0.919023	0.512014	0.654489	0.741757	0.617356	0.458708	0.661433	0.358449	0.641785	0.189617	0.39818	0.927568	0.366797</FloatingPoint>
			</Individual>
			<Individual size="2">
				<FitnessMax value="25.2204"/>
				<FloatingPoint size="40">	2.44838	5.17521	2.73426	3.78642	1.54959	5.26677	2.49866	2.61494	5.23465	4.02202	2.12719	1.39774	4.56333	0.356548	5.09652	4.91798	0.972098	4.72211	0.348068	4.38475	2.941	2.07719	6.40657	1.97493	1.47441	1.51854	5.13843	2.68081	2.56555	0.842129	2.21642	1.89309	6.43277	1.57633	3.349	2.41583	5.20625	6.36143	3.31392	3.47441</FloatingPoint>
				<FloatingPoint size="20">	0.497994	0.411675	0.689163	0.512548	0.460135	0.605495	0.401723	0.939575	0.515957	0.653247	0.573768	0.567458	0.44794	0.654666	0.380881	0.448493	0.323054	0.391919	0.444137	0.302775</FloatingPoint>
			</Individual>
			<Individual size="2">
				<FitnessMax value="24.2808"/>
				<FloatingPoint size="40">	6.37367	5.17521	2.73426	3.78642	1.54959	5.26677	2.49866	6.50991	5.23493	4.02202	2.12719	1.39774	4.56333	0.356548	5.09652	4.91798	0.972099	4.72211	0.348063	4.38475	2.941	2.07719	6.40657	3.77628	1.47441	1.51854	5.13843	2.66904	2.56555	0.842129	2.21901	1.89309	6.43277	4.1729	3.349	2.41583	5.77648	6.36143	3.29363	3.34388</FloatingPoint>
				<FloatingPoint size="20">	0.478118	0.413461	0.646317	0.316801	0.372214	0.677414	0.588856	0.96393	0.349861	0.640951	0.558744	0.55185	0.385307	0.639036	0.346472	0.340384	0.418149	0.292937	0.52208	0.244821</FloatingPoint>
			</Individual>
			<Individual size="2">
				<FitnessMax value="25.2204"/>
				<FloatingPoint size="40">	1.07073	5.17444	2.73465	3.78679	1.55154	5.21613	2.47821	2.60797	5.6767	4.01047	2.13096	1.80696	4.56973	0.3576	5.08705	4.8924	1.01886	4.7188	0.350241	4.38922	2.923	2.06842	6.29325	1.97723	1.86895	1.52847	5.13691	1.75357	2.57308	4.59436	2.26271	1.89688	6.43147	4.04224	3.35135	2.9241	5.20836	6.35004	3.30113	3.47934</FloatingPoint>
				<FloatingPoint size="20">	0.497994	0.411675	0.689163	0.512548	0.460135	0.605495	0.401723	0.939575	0.515957	0.653247	0.573768	0.567458	0.44794	0.654666	0.372905	0.466783	0.353187	0.408665	0.430951	0.31258</FloatingPoint>
			</Individual>
			<Individual size="2">
				<FitnessMax value="24.2808"/>
				<FloatingPoint size="40">	1.07073	5.17521	2.73426	3.78642	1.54959	5.26677	2.49866	2.61494	5.84583	4.02202	2.12719	1.39774	4.56333	0.356548	5.09652	4.91798	0.972098	4.72211	0.348068	4.38475	2.941	2.07538	6.40657	1.97623	1.47441	1.54799	5.11777	2.68602	2.58493	0.844173	2.19839	1.89257	6.43277	4.24914	3.35678	2.41276	5.20625	6.35595	3.29339	3.47441</FloatingPoint>
				<FloatingPoint size="20">	0.428004	0.413461	0.646317	0.316801	0.372214	0.602496	0.588856	0.96393	0.349861	0.640951	0.558744	0.55185	0.385307	0.639036	0.346433	0.0997421	0.144948	0.292937	0.52208	0.244821</FloatingPoint>
			</Individual>
			<Individual size="2">
				<FitnessMax value="24.7015"/>
				<FloatingPoint size="40">	1.07073	5.17521	2.73426	3.78642	1.54959	5.26677	2.49866	2.61494	5.84583	4.02202	2.12719	1.39774	4.56333	0.356548	5.09652	4.91798	0.972098	4.72211	0.348068	4.38475	2.941	2.07538	6.39183	1.97623	1.45583	1.54799	5.11777	2.68602	2.58493	0.844173	2.19839	1.89257	6.41118	4.2219	3.35678	2.41276	5.20634	6.35595	3.30846	3.4742</FloatingPoint>
				<FloatingPoint size="20">	0.38107	0.420295	0.711378	0.612645	0.553946	0.635662	0.339086	0.919023	0.52071	0.650389	0.8171	0.572361	0.459102	0.671163	0.324057	0.668279	0.189617	0.421593	0.927568	0.366797</FloatingPoint>
			</Individual>
			<Individual size="2">
				<FitnessMax value="24.0424"/>
				<FloatingPoint size="40">	6.37367	5.17521	2.73426	3.78642	1.54959	5.26677	2.49866	2.61494	5.23465	4.02202	2.12719	1.39774	4.56333	0.356548	5.09652	4.91798	0.972098	4.72211	0.348068	4.38475	2.941	2.07719	5.30174	3.84882	1.47441	1.51854	5.13843	2.68081	2.56555	0.842129	2.21642	1.89309	6.43277	4.24914	3.349	2.41583	5.78844	6.36143	3.29339	3.47441</FloatingPoint>
				<FloatingPoint size="20">	0.522095	0.507439	0.753154	0.427062	0.506418	0.724339	0.535739	0.906586	0.554505	0.575134	0.588824	0.540592	0.482011	0.643603	0.48238	0.395991	0.384591	0.47198	0.57578	0.406975</FloatingPoint>
			</Individual>
			<Individual size="2">
				<FitnessMax value="24.2808"/>
				<FloatingPoint size="40">	6.37367	5.17521	2.73426	3.78642	1.54959	5.26677	2.49866	2.61494	5.24153	4.02202	2.12719	1.39774	4.56333	0.356548	5.09652	4.91798	0.972104	4.72211	0.347998	4.38475	2.941	2.07719	6.40657	1.97493	1.47441	1.51854	5.13843	1.87416	2.56556	0.842129	2.32692	1.89309	6.43277	1.70198	3.349	2.41583	5.20625	6.36143	3.30872	1.24654</FloatingPoint>
				<FloatingPoint size="20">	0.428004	0.413461	0.646317	0.316801	0.372214	0.602496	0.588856	0.96393	0.349861	0.640951	0.558744	0.55185	0.385307	0.639036	0.346433	0.340384	0.459388	0.292937	0.52208	0.244821</FloatingPoint>
			</Individual>
			<Individual size="2">
				<FitnessMax value="23.4318"/>
				<FloatingPoint size="40">	1.22236	5.17412	2.73596	3.78836	1.57582	5.26374	2.49642	2.60825	5.23419	4.02201	2.12831	1.40054	4.56674	0.358356	5.09578	4.91674	0.976342	2.45414	2.30604	4.38556	2.9387	2.07617	6.40106	2.01163	1.46853	1.51925	5.10305	2.68094	2.56828	0.840678	2.21515	1.89107	6.42813	4.24954	3.36804	2.41653	5.25783	6.36142	3.29323	3.47622</FloatingPoint>
				<FloatingPoint size="20">	0.15721	0.421645	0.702915	0.246061	0.505166	0.372183	0.586385	0.921628	0.512133	0.584224	0.574258	0.571135	0.41452	0.65884	0.375859	0.381215	0.190628	0.49231	0.54422	0.71855</FloatingPoint>
			</Individual>
			<Individual size="2">
				<FitnessMax value="25.2204"/>
				<FloatingPoint size="40">	1.07073	5.17521	2.73426	3.78642	1.54959	5.26677	2.49866	2.61494	5.84583	4.02202	2.12719	1.39774	4.56333	0.356548	5.09652	4.91798	0.972098	4.72211	0.348068	4.38475	2.941	2.07719	6.40657	1.97493	1.47441	1.51854	5.13843	2.68081	2.56555	0.842129	2.41123	1.89309	6.43277	4.24914	3.349	2.41583	5.20625	6.36143	3.29339	3.47441</FloatingPoint>
				<FloatingPoint size="20">	0.361666	0.413672	0.660603	0.47084	0.393975	0.618935	0.390172	0.939308	0.376218	0.10789	0.555956	0.567851	0.470687	0.645716	0.370187	0.717449	0.165805	0.622189	0.803425	0.266373</FloatingPoint>
			</Individual>
			<Individual size="2">
				<FitnessMax value="23.2413"/>
				<FloatingPoint size="40">	1.14654	5.17259	2.74689	3.78829	3.90528	5.25738	2.4911	2.60699	5.53892	4.01129	2.12929	1.40131	4.56842	0.364778	5.07718	4.90107	0.98785	4.70523	3.06999	4.39638	2.93661	2.07002	6.381	2.01755	1.46949	1.52295	5.05398	2.70153	2.58482	0.820868	1.7994	1.88596	6.41491	4.26176	3.43161	2.41998	5.18052	1.17606	3.24666	3.47809</FloatingPoint>
				<FloatingPoint size="20">	0.699797	0.398172	0.801513	0.745578	0.600876	0.765172	0.393057	0.857988	0.47958	0.669829	0.588574	0.57858	0.460811	0.646905	0.460161	0.754556	0.194924	0.769031	0.562656	0.684096</FloatingPoint>
			</Individual>
			<Individual size="2">
				<FitnessMax value="24.2808"/>
				<FloatingPoint size="40">	1.22607	5.17521	2.73426	3.78642	1.54959	5.26677	2.49866	2.61494	5.41591	4.02202	2.12719	1.39774	4.56333	0.356548	5.09652	4.91798	0.972098	4.72211	0.348068	4.38475	2.941	2.07719	6.40657	1.97493	1.47441	1.51854	5.13843	2.68081	2.56555	0.842129	2.39695	1.89309	6.43277	3.60628	3.349	2.41583	5.20625	6.36143	3.29919	3.47441</FloatingPoint>
				<FloatingPoint size="20">	0.428004	0.413461	0.646317	0.316801	0.372214	0.602496	0.588856	0.96393	0.349861	0.640951	0.558744	0.55185	0.385307	0.639036	0.346433	0.340384	0.144948	0.292937	0.52208	0.244821</FloatingPoint>
			</Individual>
			<Individual size="2">
				<FitnessMax value="24.7015"/>
				<FloatingPoint size="40">	1.07073	5.17521	2.73426	3.78642	1.54959	5.26677	2.49866	2.61494	5.36369	4.00517	2.12719	1.39774	4.56333	0.368291	5.06614	4.91798	0.972098	4.72211	5.00491	4.40302	2.941	2.0768	6.36324	1.9752	1.47042	1.52486	5.00133	2.68193	2.56971	0.842568	2.35435	1.89298	6.42814	4.26312	3.35067	2.42168	5.20627	6.35823	3.30118	3.48015</FloatingPoint>
				<FloatingPoint size="20">	0.38107	0.420295	0.711378	0.612645	0.553946	0.635662	0.339086	0.919023	0.52071	0.650389	0.8171	0.572361	0.459102	0.671163	0.324057	0.668279	0.189617	0.0530713	0.927568	0.366797</FloatingPoint>
			</Individual>
			<Individual size="2">
				<FitnessMax value="23.6163"/>
				<FloatingPoint size="40">	1.22236	5.17521	2.73426	3.78642	1.54959	5.26677	2.49866	2.61494	5.2433	4.02202	2.12719	1.39774	4.56333	0.356548	5.09652	4.91501	0.982231	4.71634	1.46773	4.38479	2.93966	2.07457	6.39448	1.98064	1.47224	1.51886	5.13506	1.84454	2.56797	0.837273	2.32704	1.88884	6.42621	1.99138	3.3673	2.41689	5.3719	6.36108	3.29985	3.47962</FloatingPoint>
				<FloatingPoint size="20">	0.113459	0.421575	0.703397	0.247475	0.510788	0.725631	0.585784	0.929801	0.497797	0.584403	0.559928	0.561292	0.414723	0.67369	0.322751	0.381618	0.187043	0.384586	0.544458	0.318506</FloatingPoint>
			</Individual>
			<Individual size="2">
				<FitnessMax value="24.0424"/>
				<FloatingPoint size="40">	6.37367	5.17521	2.73426	3.78642	1.54959	5.26677	2.49866	2.61494	5.23465	4.02202	2.12719	1.39774	4.56333	0.356548	5.09652	4.91798	0.972098	4.72211	0.348068	4.38475	2.941	2.07719	6.40657	3.84882	1.47441	1.51854	5.01459	2.68494	2.58308	0.818209	2.21167	1.88867	6.40341	5.05431	3.47917	2.42001	5.1937	6.36093	3.29136	2.36078</FloatingPoint>
				<FloatingPoint size="20">	0.522095	0.507439	0.53827	0.427062	0.506418	0.724339	0.535739	0.906586	0.555155	0.575134	0.588824	0.540592	0.488725	0.63875	0.48238	0.395991	0.384591	0.47198	0.57578	0.406975</FloatingPoint>
			</Individual>
			<Individual size="2">
				<FitnessMax value="23.5263"/>
				<FloatingPoint size="40">	6.37367	5.17521	2.73426	3.78642	1.54959	5.26677	2.49866	2.61494	5.23465	4.02202	2.12719	6.85948	4.56333	0.356548	5.09652	4.91798	0.972098	4.72211	0.348068	4.38475	2.941	2.06488	6.40657	1.97493	3.4682	1.51854	5.13843	2.68081	2.56555	0.842129	2.21642	1.89309	6.43277	4.24914	3.349	2.41583	5.78844	6.36143	3.29339	3.47441</FloatingPoint>
				<FloatingPoint size="20">	0.285502	0.517143	0.73733	0.317837	0.473781	0.454096	0.583112	0.926219	0.514045	0.65389	0.560413	0.51967	0.465529	0.665953	0.354558	0.477258	0.432629	0.633592	0.543073	0.484777</FloatingPoint>
			</Individual>
			<Individual size="2">
				<FitnessMax value="23.6163"/>
				<FloatingPoint size="40">	1.07073	5.17521	2.73426	3.78642	1.54959	5.26677	2.49866	2.61494	5.23465	4.02202	2.12719	1.39774	4.56333	0.356548	5.09652	4.91798	0.972098	4.72211	0.348068	4.38475	2.941	2.07719	6.40657	1.97493	1.47441	1.51854	5.13843	2.68081	2.56555	0.842129	2.21642	1.89309	6.43277	4.24914	3.349	2.41583	5.39136	6.36143	1.83646	2.8797</FloatingPoint>
				<FloatingPoint size="20">	0.113459	0.421575	0.703397	0.247475	0.462751	0.725631	0.585784	0.929801	0.497797	0.584403	0.559928	0.561292	0.414723	0.67369	0.322751	0.381618	0.187043	0.384586	0.544458	0.318506</FloatingPoint>
			</Individual>
			<Individual size="2">
				<FitnessMax value="24.2808"/>
				<FloatingPoint size="40">	1.37658	5.17521	2.73426	3.78642	1.54959	5.26677	2.49866	2.61494	5.87244	4.02202	2.12719	1.39774	4.56333	0.356548	5.09652	4.91798	0.972097	4.72211	0.34808	4.38475	2.941	2.07719	6.40657	1.97492	1.47441	1.51854	5.13843	0.780926	2.56555	0.842129	2.40046	1.89309	6.43277	1.88971	3.349	2.41583	5.20625	6.36143	3.29826	3.48706</FloatingPoint>
				<FloatingPoint size="20">	0.428004	0.413461	0.646317	0.316801	0.372214	0.602496	0.588856	0.96393	0.349861	0.640951	0.558744	0.55185	0.385307	0.639036	0.346433	0.340384	0.459388	0.292937	0.52208	0.244821</FloatingPoint>
			</Individual>
			<Individual size="2">
				<FitnessMax value="23.9"/>
				<FloatingPoint size="40">	1.15514	5.17203	2.7413	3.78737	1.55202	5.26374	2.4962	2.61233	5.62719	4.00518	2.12925	1.4018	4.56345	0.358574	5.09117	4.91398	0.344912	4.71049	1.08304	4.38746	2.93933	2.07702	6.40268	1.99794	1.47093	1.52087	4.97807	2.71052	2.57698	0.811091	2.21144	1.88095	6.42074	4.25659	3.41557	2.42167	5.16168	6.35947	3.25036	3.48009</FloatingPoint>
				<FloatingPoint size="20">	0.225614	0.460942	0.796981	0.273861	0.572752	0.740843	0.365504	0.885206	0.49705	0.663197	0.588145	0.560674	0.412874	0.621469	0.452781	0.828504	0.193053	0.809982	0.277671	0.771089</FloatingPoint>
			</Individual>
			<Individual size="2">
				<FitnessMax value="25.2204"/>
				<FloatingPoint size="40">	1.07073	5.17521	2.73425	3.78642	1.54957	5.26677	2.49867	2.61494	5.84599	4.02201	2.12719	1.39774	4.56333	0.356543	5.09653	4.91799	0.97209	4.72212	0.348068	4.38475	2.941	2.06488	6.40657	1.97493	3.4682	1.51854	5.13843	2.68081	2.56555	0.842129	2.21642	1.89309	6.43277	4.24914	3.349	2.41583	5.78844	6.36143	3.29339	3.47441</FloatingPoint>
				<FloatingPoint size="20">	0.361666	0.413672	0.660603	0.518794	0.393975	0.618935	0.390172	0.939308	0.376218	0.10789	0.555956	0.567851	0.354406	0.645716	0.370187	0.717449	0.165805	0.622189	0.803425	0.266373</FloatingPoint>
			</Individual>
			<Individual size="2">
				<FitnessMax value="24.2808"/>
				<FloatingPoint size="40">	2.44838	5.17521	2.73426	3.78642	1.54959	5.26677	2.49866	2.61494	5.23465	4.02202	2.12719	1.39774	4.56333	0.356548	5.09652	4.91798	0.972098	4.72211	0.348068	4.38475	2.941	2.07719	6.40657	1.97493	1.47441	1.51854	5.13843	2.68081	2.56555	0.842129	2.21642	1.89309	6.43277	1.57633	3.349	2.41583	5.20625	6.36143	3.31392	3.47441</FloatingPoint>
				<FloatingPoint size="20">	0.810113	0.413461	0.646317	0.316801	0.372214	0.602496	0.588856	0.96393	0.349861	0.640951	0.558744	0.55185	0.385307	0.639036	0.346733	0.340384	0.144948	0.292937	0.52208	0.244821</FloatingPoint>
			</Individual>
			<Individual size="2">
				<FitnessMax value="24.3236"/>
				<FloatingPoint size="40">	2.44838	5.17521	2.73426	3.78642	1.54959	5.26677	2.49866	2.61494	5.23465	4.02202	2.12719	1.39774	4.56333	0.356548	5.09652	4.91798	0.972098	4.72211	0.348068	4.38475	2.941	2.07719	6.40657	1.97493	1.47441	1.51854	5.13843	2.68081	2.56555	0.842129	2.21642	1.89309	6.43277	1.57633	3.349	2.41583	5.20625	6.36143	3.31392	3.47441</FloatingPoint>
				<FloatingPoint size="20">	0.733619	0.417933	0.662205	0.320783	0.484369	0.141908	0.587756	0.963833	0.32911	0.630491	0.558696	0.565733	0.384519	0.638247	0.354993	0.3548	0.0475485	0.610666	0.53869	0.240768</FloatingPoint>
			</Individual>
			<Individual size="2">
				<FitnessMax value="24.2808"/>
				<FloatingPoint size="40">	6.37367	5.17521	2.73426	3.78642	1.54959	5.26677	2.49866	0.175298	5.80349	4.02202	2.12719	1.39774	4.56333	0.356548	5.09652	4.91798	0.972097	4.72211	0.348072	4.38475	2.941	2.07707	6.40559	1.97543	1.47399	1.53576	5.13837	1.42072	2.56929	0.843421	2.36809	1.89304	6.4292	4.15765	3.35219	2.41555	5.20629	6.35853	3.32011	3.47975</FloatingPoint>
				<FloatingPoint size="20">	0.428004	0.413461	0.646317	0.316801	0.372214	0.602496	0.588856	0.96393	0.349861	0.640951	0.558744	0.55185	0.385307	0.639036	0.346433	0.340384	0.459388	0.292937	0.52208	0.244821</FloatingPoint>
			</Individual>
			<Individual size="2">
				<FitnessMax value="24.7015"/>
				<FloatingPoint size="40">	0.974939	5.16932	2.73959	3.79033	1.57311	5.23856	2.47316	2.55696	5.22682	3.90128	2.14586	1.40499	4.57908	0.363136	5.07634	4.82474	0.997939	4.69864	3.39815	4.41994	2.91948	2.04578	5.28974	1.98859	1.46728	1.54729	5.05059	2.72384	2.57648	0.980257	2.20633	1.8909	6.39532	4.21153	3.37824	2.42724	0.113808	6.34939	3.2997	3.4728</FloatingPoint>
				<FloatingPoint size="20">	0.38107	0.420295	0.784826	0.605253	0.553946	0.524912	0.440883	0.919023	0.502871	0.66666	0.575123	0.572361	0.457306	0.658039	0.429718	0.64089	0.189617	0.817268	0.927568	0.366797</FloatingPoint>
			</Individual>
			<Individual size="2">
				<FitnessMax value="24.7015"/>
				<FloatingPoint size="40">	6.37367	5.17521	2.73426	3.78642	1.54959	5.26677	2.49866	2.61494	5.23465	4.02202	2.12719	1.39774	4.56333	0.356548	5.09652	4.91798	0.972098	4.72211	0.348068	4.38475	2.941	2.07719	6.40657	3.84882	1.47441	1.51854	5.13843	2.68081	2.56555	0.842129	2.21642	1.89309	6.43277	4.24914	3.349	2.41583	5.78844	6.36143	3.29339	3.47441</FloatingPoint>
				<FloatingPoint size="20">	0.38107	0.420295	0.784826	0.799277	0.506418	0.724339	0.440883	0.919023	0.507268	0.575134	0.588824	0.540592	0.478401	0.668447	0.429718	0.64089	0.384591	0.378642	0.927568	0.366797</FloatingPoint>
			</Individual>
			<Individual size="2">
				<FitnessMax value="24.7015"/>
				<FloatingPoint size="40">	1.07073	5.17521	2.73426	3.78642	1.54959	5.26677	2.49866	2.61494	5.84583	4.02202	2.12719	1.39774	4.56333	0.356548	5.09652	4.91798	0.972098	4.72211	0.348068	4.38475	2.941	2.07719	6.40657	1.97493	1.47441	1.51854	5.13843	2.68081	2.56555	0.842129	2.41123	1.89309	6.4224	4.22439	3.35417	2.41424	5.2063	6.35781	3.32768	3.47425</FloatingPoint>
				<FloatingPoint size="20">	0.38107	0.420295	0.711378	0.612645	0.228769	0.635662	0.339086	0.919023	0.52071	0.650389	0.8171	0.572361	0.459102	0.671163	0.324057	0.668279	0.189617	0.421593	0.927568	0.366797</FloatingPoint>
			</Individual>
			<Individual size="2">
				<FitnessMax value="24.7015"/>
				<FloatingPoint size="40">	2.44838	5.17521	2.73426	3.78642	1.54959	5.26677	2.49866	2.61494	5.66292	4.02202	2.12719	1.39774	4.56333	0.356548	5.09652	4.91798	0.972098	4.72211	0.348068	4.38475	2.941	2.07697	6.4025	1.97558	6.18885	1.53785	5.12112	2.68102	2.56938	0.843793	2.2063	1.89267	6.4224	4.22439	3.35417	2.41424	6.00597	6.35781	3.32768	3.47425</FloatingPoint>
				<FloatingPoint size="20">	0.38107	0.420295	0.711378	0.612645	0.228769	0.635662	0.339086	0.919023	0.52071	0.650389	0.626803	0.572361	0.459102	0.671163	0.324057	0.668279	0.189617	0.421593	0.927568	0.366797</FloatingPoint>
			</Individual>
			<Individual size="2">
				<FitnessMax value="25.2204"/>
				<FloatingPoint size="40">	1.07073	5.17521	2.73426	3.78642	1.54959	5.26677	2.49866	2.61494	5.84583	4.02202	2.12719	1.39774	4.56333	0.356548	5.09652	4.91798	0.972098	4.72211	0.348068	4.38475	2.941	2.07719	6.40657	1.97493	1.47441	1.51854	5.13843	2.68081	2.56555	0.842129	2.41123	1.89309	6.43277	4.24914	3.349	2.41583	5.20625	6.36143	3.29339	3.47441</FloatingPoint>
				<FloatingPoint size="20">	0.361666	0.413672	0.660603	0.518794	0.393975	0.618935	0.390172	0.939308	0.376218	0.10789	0.555956	0.567851	0.470687	0.645716	0.370187	0.717449	0.165805	0.622189	0.803425	0.266373</FloatingPoint>
			</Individual>
			<Individual size="2">
				<FitnessMax value="23.9975"/>
				<FloatingPoint size="40">	1.37658	5.17521	2.73426	3.78642	1.54959	5.26677	2.49866	2.61494	5.87244	4.02202	2.12719	1.39774	4.56333	0.356548	5.09652	4.91798	0.972097	4.72211	0.34808	4.38475	2.941	2.07719	6.40657	1.97492	1.47441	1.51854	5.13843	0.780926	2.56555	0.842129	2.40046	1.89309	6.43277	1.88971	3.349	2.41583	5.20625	6.36143	3.29826	3.48706</FloatingPoint>
				<FloatingPoint size="20">	0.444208	0.425101	0.660984	0.332074	0.356316	0.471319	0.588989	0.950665	0.471885	0.764227	0.581402	0.530329	0.408065	0.641005	0.55026	0.326717	0.164728	0.204001	0.542574	0.539874</FloatingPoint>
			</Individual>
			<Individual size="2">
				<FitnessMax value="24.2808"/>
				<FloatingPoint size="40">	2.44838	5.17521	2.73426	3.78642	1.54959	5.26677	2.49866	2.61494	5.23465	4.02202	2.12719	1.39774	4.56333	0.356548	5.09652	4.91798	0.972098	4.72211	0.348068	4.38475	2.941	2.07719	6.40657	1.97493	1.47441	1.51854	5.13843	1.54032	2.56555	0.842129	2.3941	1.89309	6.43277	1.89304	3.349	2.41583	5.20625	6.36143	3.29898	3.48201</FloatingPoint>
				<FloatingPoint size="20">	0.533072	0.413461	0.646317	0.316801	0.409814	0.602496	0.588856	0.96393	0.349861	0.640951	0.558744	0.55185	0.385307	0.639036	0.346433	0.340384	0.459388	0.292937	0.52208	0.244821</FloatingPoint>
			</Individual>
			<Individual size="2">
				<FitnessMax value="24.2808"/>
				<FloatingPoint size="40">	1.14572	5.17262	2.7027	3.78827	1.57876	5.25748	2.49118	2.60708	5.54223	4.01141	2.12927	1.40127	4.56836	0.363942	5.09652	4.91798	0.972098	4.72211	0.348068	4.38475	2.941	2.07719	6.40657	3.84882	1.47441	1.51854	5.01459	2.68494	2.58308	0.818209	2.21167	1.88867	6.40341	5.05431	3.47917	2.42001	5.1937	6.36093	3.29136	2.36078</FloatingPoint>
				<FloatingPoint size="20">	0.428004	0.413461	0.646317	0.316801	0.372214	0.602496	0.588856	0.96393	0.349861	0.640951	0.558744	0.55185	0.385307	0.639036	0.346433	0.72616	0.144948	0.292937	0.52208	0.244821</FloatingPoint>
			</Individual>
			<Individual size="2">
				<FitnessMax value="24.2808"/>
				<FloatingPoint size="40">	1.22236	5.16997	2.67045	3.79016	1.60856	5.248	2.48354	2.59904	5.23201	4.00057	2.13139	1.40488	4.5735	0.371499	5.05784	4.88415	1.0036	4.68836	5.7919	4.408	2.91566	2.06285	6.35543	2.06018	1.46457	1.52735	4.96953	2.72225	2.60409	0.799607	2.21131	3.91157	6.39704	4.27438	3.51423	2.42412	5.1548	6.35886	3.19994	3.48178</FloatingPoint>
				<FloatingPoint size="20">	0.810113	0.413461	0.646317	0.316801	0.372214	0.602496	0.588856	0.96393	0.349861	0.640951	0.558744	0.55185	0.385307	0.639036	0.346733	0.340384	0.144948	0.292937	0.52208	0.244821</FloatingPoint>
			</Individual>
			<Individual size="2">
				<FitnessMax value="24.2808"/>
				<FloatingPoint size="40">	1.41363	5.17521	2.73426	3.78642	1.54959	5.26677	2.49866	2.61494	5.8504	4.02202	2.12719	1.39774	4.56333	0.356548	5.09652	4.91798	0.972097	4.72211	0.348075	4.38475	2.941	2.07719	6.40657	1.97492	1.47441	1.51854	5.13843	1.54032	2.56555	0.842129	2.3941	1.89309	6.43277	1.89304	3.349	2.41583	5.20625	6.36143	3.29898	3.48201</FloatingPoint>
				<FloatingPoint size="20">	0.522095	0.507439	0.753154	0.316801	0.372214	0.602496	0.588856	0.96393	0.349861	0.640951	0.558744	0.55185	0.231332	0.639036	0.346433	0.340384	0.459388	0.292937	0.52208	0.244821</FloatingPoint>
			</Individual>
			<Individual size="2">
				<FitnessMax value="24.7015"/>
				<FloatingPoint size="40">	1.80843	5.17397	2.73676	3.78981	1.57066	5.26128	2.48835	2.6064	5.84152	4.01526	2.12897	1.39789	4.56503	0.363374	5.07888	4.89854	0.99172	4.71017	0.579489	4.4017	2.9347	2.07527	6.35931	2.00616	1.45684	1.54159	5.02312	2.68555	2.58447	0.819015	2.2054	1.88932	6.40969	4.94754	3.38335	2.41514	5.20512	6.3583	3.30195	3.43742</FloatingPoint>
				<FloatingPoint size="20">	0.38107	0.420295	0.711378	0.612645	0.553946	0.635662	0.339086	0.919023	0.52071	0.650389	0.8171	0.572361	0.459102	0.671163	0.324057	0.668279	0.189617	0.991578	0.927568	0.366797</FloatingPoint>
			</Individual>
			<Individual size="2">
				<FitnessMax value="24.2808"/>
				<FloatingPoint size="40">	1.31276	5.17471	2.75787	3.78915	1.55793	5.27775	2.44612	2.59554	5.22904	4.01773	2.1272	1.39777	4.57673	0.357613	5.09448	4.92692	0.957414	4.68851	5.43351	4.42455	2.94573	2.08288	6.38714	2.03935	1.46162	1.51838	4.95155	2.68136	2.60709	0.797299	0.905318	1.89759	6.39718	1.04657	3.61759	2.46648	3.95194	6.3617	3.31081	3.47413</FloatingPoint>
				<FloatingPoint size="20">	0.810113	0.413461	0.646317	0.316801	0.372214	0.602496	0.588856	0.96393	0.349861	0.650389	0.8171	0.572361	0.459102	0.671163	0.324057	0.668279	0.189617	0.421593	0.927568	0.366797</FloatingPoint>
			</Individual>
			<Individual size="2">
				<FitnessMax value="24.0426"/>
				<FloatingPoint size="40">	6.37367	5.17521	2.73426	3.78642	1.54959	1.48531	2.49866	2.61494	5.23465	4.02202	2.12719	1.39774	4.56333	0.356548	5.09652	4.91798	0.972098	4.72211	0.348068	4.38475	2.941	2.07719	6.40657	3.84882	1.47441	1.51854	5.01459	2.68494	2.58308	0.818209	2.21167	1.88867	6.40341	5.05431	3.47917	2.42001	5.1937	6.36093	3.29136	2.36078</FloatingPoint>
				<FloatingPoint size="20">	0.375623	0.492159	0.656212	0.363978	0.499842	0.724652	0.541543	0.911829	0.532717	0.576427	0.568204	0.556719	0.43735	0.658645	0.380116	0.39022	0.244754	0.412005	0.573033	0.325525</FloatingPoint>
			</Individual>
			<Individual size="2">
				<FitnessMax value="25.2204"/>
				<FloatingPoint size="40">	1.07073	5.17521	2.73425	3.78642	1.54957	5.26677	2.49867	2.61494	5.84599	4.02201	2.12719	1.39774	4.56333	0.356543	5.09653	4.91799	0.97209	4.72212	0.346653	4.38475	2.941	2.0772	6.40659	1.9749	1.47441	1.51854	5.13847	2.6808	2.56556	0.84214	2.41129	1.89309	6.43278	4.24845	3.34896	2.41583	5.20627	6.36143	3.29341	3.47378</FloatingPoint>
				<FloatingPoint size="20">	0.361666	0.413672	0.660603	0.518794	0.393975	0.618935	0.390172	0.939308	0.376218	0.10789	0.555956	0.567851	0.470687	0.645716	0.370187	0.717449	0.165805	0.622189	0.803425	0.266373</FloatingPoint>
			</Individual>
			<Individual size="2">
				<FitnessMax value="23.8539"/>
				<FloatingPoint size="40">	1.07073	5.1701	2.73951	3.78888	1.59166	5.2634	2.49227	2.60505	5.23413	4.01526	2.12847	1.40175	4.57018	0.362246	5.09509	4.88426	0.97726	4.71846	3.48487	4.39624	2.93433	2.0726	6.39848	2.03202	1.46728	1.52374	5.05125	2.68099	2.57028	0.82172	2.21171	1.88864	6.41652	4.25635	3.40617	2.41789	5.16026	6.36123	3.29291	3.4811</FloatingPoint>
				<FloatingPoint size="20">	0.522095	0.745323	0.784826	0.605253	0.559335	0.524912	0.440883	0.882394	0.502871	0.66666	0.575123	0.573879	0.457306	0.658039	0.429718	0.64089	0.192257	0.817268	0.543876	0.640705</FloatingPoint>
			</Individual>
			<Individual size="2">
				<FitnessMax value="23.6163"/>
				<FloatingPoint size="40">	1.02247	5.17003	2.74319	3.78988	1.59438	5.26027	2.48449	2.60263	5.23284	4.01334	2.12906	1.40395	4.57311	0.372742	5.07381	4.88422	0.99218	4.70369	5.6706	4.40398	2.93401	2.07209	6.35668	2.0572	1.46544	1.52672	5.00663	2.68521	2.58421	0.816671	2.21137	1.88839	6.40153	5.10611	3.48754	2.42028	5.15544	6.3609	3.30814	2.28914</FloatingPoint>
				<FloatingPoint size="20">	0.113459	0.421575	0.703397	0.247475	0.462751	0.725631	0.585784	0.929801	0.497797	0.584403	0.559928	0.561292	0.414723	0.67369	0.322751	0.218785	0.187043	0.384586	0.544458	0.771089</FloatingPoint>
			</Individual>
			<Individual size="2">
				<FitnessMax value="24.2808"/>
				<FloatingPoint size="40">	1.91782	5.17521	2.73425	3.78642	1.54957	5.26677	2.49867	2.61494	5.74842	4.02201	2.12719	1.39774	4.56333	0.356544	5.09653	4.91799	0.972091	4.72212	0.346878	4.38475	2.941	2.0772	6.40659	2.25088	1.47441	1.51854	5.13846	2.67075	2.56556	0.842138	2.38154	1.89309	6.43278	4.21681	3.34896	2.41583	5.292	6.36143	3.2936	3.44611</FloatingPoint>
				<FloatingPoint size="20">	0.478118	0.413461	0.646317	0.316801	0.372214	0.677414	0.588856	0.96393	0.349861	0.640951	0.558744	0.55185	0.385307	0.639036	0.346472	0.340384	0.418149	0.292937	0.52208	0.244821</FloatingPoint>
			</Individual>
		</Deme>
	</Population>
</ECF>
