<?xml version="1.0" encoding="ISO-8859-1"?>
<ECF milestone="Sun Jun 17 14:43:44 2018
">
	<Registry>
		<Entry key="1FloatingPoint.dimension">20</Entry>
		<Entry key="1FloatingPoint.lbound">0</Entry>
		<Entry key="1FloatingPoint.ubound">1</Entry>
		<Entry key="FloatingPoint.dimension">40</Entry>
		<Entry key="FloatingPoint.lbound">0</Entry>
		<Entry key="FloatingPoint.ubound">6.99</Entry>
		<Entry key="SteadyStateTournament.tsize">3</Entry>
		<Entry key="batch.logfile_">*</Entry>
		<Entry key="batch.remaining_">0</Entry>
		<Entry key="batch.repeats">5</Entry>
		<Entry key="batch.singlemilestone">1</Entry>
		<Entry key="batch.statsfile">stats/ohlc_bitfinex_btcusd_21600_10_30_0.5_0.9.csv</Entry>
		<Entry key="data.balance">103779</Entry>
		<Entry key="data.input">data/train/ohlc_bitfinex_btcusd_21600.csv</Entry>
		<Entry key="data.test">data/test/ohlc_bitfinex_btcusd_21600.csv</Entry>
		<Entry key="fuzzy.langvars">conf/ohlc_bitfinex_btcusd_21600.conf</Entry>
		<Entry key="fuzzy.numrules">10</Entry>
		<Entry key="fuzzy.threshold">0.9</Entry>
		<Entry key="log.frequency">10</Entry>
		<Entry key="log.level">3</Entry>
		<Entry key="milestone.elapsedtime_">39</Entry>
		<Entry key="milestone.filename">milestones/ohlc_bitfinex_btcusd_21600_10_30_0.5_0.9.txt</Entry>
		<Entry key="milestone.generation_">9999</Entry>
		<Entry key="mutation.indprob">0.5</Entry>
		<Entry key="operator.logfile">log/ohlc_bitfinex_btcusd_21600_10_30_0.5_0.9.csv</Entry>
		<Entry key="population.size">30</Entry>
		<Entry key="term.eval">300000</Entry>
	</Registry>
	<Population size="1">
		<HallOfFame size="1">
			<Individual size="2" gen="2510">
				<FitnessMax value="1.26175"/>
				<FloatingPoint size="40">	2.65725	1.66104	1.73541	2.53068	2.34716	1.84707	1.50594	1.42355	3.31857	0.597477	3.51107	3.71462	3.53618	1.81029	1.59718	2.28884	3.60994	1.63446	5.46795	4.1008	3.29625	1.12249	1.92327	2.56217	3.04258	1.30292	4.64865	5.31038	3.57002	1.70181	3.83748	3.25262	3.62527	1.49489	4.55224	4.56544	3.55101	1.3015	1.66021	1.22203</FloatingPoint>
				<FloatingPoint size="20">	0.967531	0.718043	0.422978	0.958533	0.462155	0.9082	0.839475	0.975492	0.685725	0.988456	0.723128	0.776023	0.920035	0.436777	0.681302	0.955226	0.966482	0.846963	0.486573	0.941128</FloatingPoint>
			</Individual>
		</HallOfFame>
		<Deme size="30">
			<HallOfFame size="1">
				<Individual size="2" gen="2510">
					<FitnessMax value="1.26175"/>
					<FloatingPoint size="40">	2.65725	1.66104	1.73541	2.53068	2.34716	1.84707	1.50594	1.42355	3.31857	0.597477	3.51107	3.71462	3.53618	1.81029	1.59718	2.28884	3.60994	1.63446	5.46795	4.1008	3.29625	1.12249	1.92327	2.56217	3.04258	1.30292	4.64865	5.31038	3.57002	1.70181	3.83748	3.25262	3.62527	1.49489	4.55224	4.56544	3.55101	1.3015	1.66021	1.22203</FloatingPoint>
					<FloatingPoint size="20">	0.967531	0.718043	0.422978	0.958533	0.462155	0.9082	0.839475	0.975492	0.685725	0.988456	0.723128	0.776023	0.920035	0.436777	0.681302	0.955226	0.966482	0.846963	0.486573	0.941128</FloatingPoint>
				</Individual>
			</HallOfFame>
			<Individual size="2">
				<FitnessMax value="1.26175"/>
				<FloatingPoint size="40">	2.62488	1.332	1.39522	2.34412	2.47764	1.54083	1.46983	1.68529	3.57064	0.65136	3.63808	3.69327	3.32908	1.78647	1.40145	2.5439	3.48312	1.56119	5.12015	4.62256	3.5549	1.54757	1.16474	2.74519	3.46551	1.26932	4.56004	5.13832	3.43513	1.34166	3.26989	3.55728	3.58013	1.49829	4.53449	4.45065	3.86085	1.51228	1.34317	1.42387</FloatingPoint>
				<FloatingPoint size="20">	0.936819	0.622551	0.410126	0.976644	0.400146	0.95852	0.806254	0.889544	0.702923	0.968652	0.482646	0.705094	0.982971	0.275058	0.895866	0.924848	0.928149	0.861785	0.829569	0.927311</FloatingPoint>
			</Individual>
			<Individual size="2">
				<FitnessMax value="1.26175"/>
				<FloatingPoint size="40">	2.62488	1.332	1.39522	2.34412	2.47764	1.54083	1.46983	1.68529	3.57064	0.65136	3.63808	3.69327	3.32908	1.78647	1.40145	2.5439	3.48312	1.56119	5.12015	4.62256	3.5549	1.54757	1.16474	2.74519	3.46551	1.26932	4.56004	5.13832	3.43513	1.34166	3.26989	3.55728	3.58013	1.49829	4.53449	4.45065	3.67046	1.51228	1.34317	1.42387</FloatingPoint>
				<FloatingPoint size="20">	0.936819	0.622551	0.410126	0.976644	0.400146	0.95852	0.806254	0.889544	0.702923	0.968652	0.482646	0.704987	0.982971	0.275058	0.733009	0.924848	0.928149	0.861785	0.493781	0.927311</FloatingPoint>
			</Individual>
			<Individual size="2">
				<FitnessMax value="1.26175"/>
				<FloatingPoint size="40">	2.62488	1.332	1.39522	2.34412	2.47764	1.54083	1.46983	1.68529	3.57064	0.65136	3.63808	3.69327	3.32908	1.78647	1.40145	2.5439	3.48312	1.56119	5.12015	4.62256	3.5549	1.54757	1.16474	2.74519	3.46551	1.26932	4.56004	5.13832	3.43513	1.33001	3.26999	3.5573	3.58013	1.49829	4.53449	4.45029	3.6704	1.51228	1.34321	1.42387</FloatingPoint>
				<FloatingPoint size="20">	0.936255	0.622691	0.413172	0.976644	0.223663	0.95852	0.806051	0.889706	0.691411	0.968652	0.483001	0.706032	0.982974	0.293914	0.729849	0.924848	0.92409	0.861785	0.144274	0.927311</FloatingPoint>
			</Individual>
			<Individual size="2">
				<FitnessMax value="1.26175"/>
				<FloatingPoint size="40">	2.62488	1.332	1.39522	2.34412	2.47764	1.54083	1.46983	1.68529	3.57064	0.65136	3.63808	3.69327	3.32908	1.78647	1.40145	2.5439	3.48312	1.56119	5.12015	4.62256	3.5549	1.54757	1.16474	2.74519	3.46551	1.26932	4.56004	5.13832	3.43513	1.34166	3.26989	3.55728	3.58013	1.49829	4.53449	4.45065	3.67046	1.51228	1.34317	1.42387</FloatingPoint>
				<FloatingPoint size="20">	0.936857	0.622524	0.408694	0.976644	0.393817	0.95852	0.806166	0.889361	0.741962	0.968652	0.482796	0.705425	0.982969	0.245201	0.733654	0.924847	0.924466	0.861785	0.0140878	0.927311</FloatingPoint>
			</Individual>
			<Individual size="2">
				<FitnessMax value="1.26175"/>
				<FloatingPoint size="40">	2.62488	1.33198	1.3776	2.34412	2.47764	1.54082	1.46984	1.68529	3.57062	0.65134	3.63805	3.69505	3.32908	1.78552	1.40089	2.5439	3.48312	1.56112	5.0732	4.62256	3.5549	1.54757	1.16474	2.74521	3.4837	1.26932	4.14898	5.13832	3.43514	1.33087	3.26997	3.5573	3.58013	1.49829	4.53449	4.45007	3.6704	1.51228	1.3432	1.42387</FloatingPoint>
				<FloatingPoint size="20">	0.936255	0.622524	0.408694	0.976644	0.223663	0.95852	0.806166	0.889361	0.741962	0.968652	0.483001	0.706032	0.982974	0.245201	0.729849	0.924848	0.92409	0.861785	0.0140878	0.927311</FloatingPoint>
			</Individual>
			<Individual size="2">
				<FitnessMax value="1.18942"/>
				<FloatingPoint size="40">	2.62488	1.33198	1.39212	2.34412	2.47764	1.54082	1.46984	1.68529	3.57063	0.651356	3.63807	3.6934	3.32908	1.78645	1.40141	2.5439	3.48312	1.56115	5.11972	4.62256	3.5549	1.54757	1.16474	2.74525	3.47651	1.26932	4.56004	5.13832	3.43513	1.33889	0.239049	3.55729	3.58013	1.49829	4.53449	4.45043	3.67042	1.51228	1.34319	1.42387</FloatingPoint>
				<FloatingPoint size="20">	0.936255	0.622691	0.413172	0.976644	0.223663	0.95852	0.806051	0.889706	0.691411	0.968652	0.483001	0.706032	0.982974	0.293914	0.729849	0.924848	0.92409	0.861785	0.144274	0.927311</FloatingPoint>
			</Individual>
			<Individual size="2">
				<FitnessMax value="1.26175"/>
				<FloatingPoint size="40">	2.62488	1.332	1.39522	2.34412	2.47764	1.54083	1.46983	1.68529	3.57064	0.65136	3.63808	3.69327	3.32908	1.78647	1.40145	2.5439	3.48312	1.56119	5.12015	4.62256	3.5549	1.54757	1.16474	2.74519	3.46551	1.26932	4.56004	5.13832	3.43513	1.34166	3.26989	3.55728	3.58013	1.49829	4.53449	4.45065	3.67046	1.51228	1.34317	1.42387</FloatingPoint>
				<FloatingPoint size="20">	0.936819	0.622551	0.410126	0.976644	0.400146	0.95852	0.806254	0.889544	0.702923	0.968652	0.482646	0.705094	0.982971	0.275058	0.733009	0.924848	0.928149	0.861785	0.493781	0.927311</FloatingPoint>
			</Individual>
			<Individual size="2">
				<FitnessMax value="1.26175"/>
				<FloatingPoint size="40">	2.62488	1.332	1.39522	2.34412	2.47764	1.54083	1.46983	1.68529	3.57064	0.65136	3.63808	3.69327	3.32908	1.78647	1.40145	2.5439	3.48312	1.56119	5.12015	4.62256	3.5549	1.54757	1.16474	2.74519	3.46551	1.26932	4.56004	5.13832	3.43513	1.34166	3.26989	3.55728	3.58013	1.49829	4.53449	4.45065	3.67046	1.51228	1.34317	1.42387</FloatingPoint>
				<FloatingPoint size="20">	0.937199	0.623752	0.530641	0.976644	0.393817	0.95852	0.806166	0.8896	0.725809	0.968652	0.482796	0.705425	0.982969	0.296742	0.733654	0.924847	0.924466	0.861785	0.294961	0.927311</FloatingPoint>
			</Individual>
			<Individual size="2">
				<FitnessMax value="1.26175"/>
				<FloatingPoint size="40">	2.62488	1.332	1.39522	2.34412	2.47764	1.54083	1.46983	1.68529	3.57064	0.65136	3.63808	3.69327	3.32908	1.78647	1.40145	2.5439	3.48312	1.56119	5.12015	4.62256	3.5549	1.54757	1.16474	2.74519	3.46551	1.26932	4.56004	5.13832	3.43513	1.34166	3.26989	3.55728	3.58013	1.49829	4.53449	4.45065	3.67046	1.51228	1.34317	1.42387</FloatingPoint>
				<FloatingPoint size="20">	0.937024	0.622767	0.410753	0.976644	0.331638	0.918693	0.809116	0.889483	0.726655	0.968652	0.482804	0.70535	0.982969	0.271674	0.733671	0.924848	0.928414	0.861785	0.162276	0.927311</FloatingPoint>
			</Individual>
			<Individual size="2">
				<FitnessMax value="1.26175"/>
				<FloatingPoint size="40">	2.62488	1.332	1.39522	2.34412	2.47764	1.54083	1.46983	1.68529	3.57064	0.65136	3.63808	3.69327	3.32908	1.78647	1.40145	2.5439	3.48312	1.56119	5.12015	4.62256	3.5549	1.54757	1.16474	2.74519	3.46551	1.26932	4.56004	5.13832	3.43513	1.34166	3.26989	3.55728	3.58013	1.49829	4.53449	4.45065	3.67046	1.51228	1.34317	1.42387</FloatingPoint>
				<FloatingPoint size="20">	0.937024	0.622767	0.410753	0.976644	0.331638	0.918693	0.809116	0.889483	0.726655	0.968652	0.482804	0.70535	0.982969	0.271674	0.733671	0.924848	0.928414	0.861785	0.162276	0.927311</FloatingPoint>
			</Individual>
			<Individual size="2">
				<FitnessMax value="1.25661"/>
				<FloatingPoint size="40">	2.62488	1.33198	1.386	2.34412	2.47764	1.54082	1.46984	1.68529	3.57061	0.651342	3.63805	3.69396	3.32908	1.78549	1.40088	2.5439	3.48312	1.56114	5.07127	4.62256	3.5549	1.54757	1.16474	2.74525	3.48267	1.26932	4.56004	5.13832	3.43514	1.33001	3.26999	3.5573	3.58013	1.49829	4.53449	4.45029	3.6704	1.51228	1.34321	1.42387</FloatingPoint>
				<FloatingPoint size="20">	0.938192	0.622153	0.398756	0.976644	0.771459	0.95852	0.805909	0.888596	0.854157	0.968652	0.48234	0.706771	0.98298	0.137086	0.7421	0.924846	0.925301	0.861785	0.00172518	0.927311</FloatingPoint>
			</Individual>
			<Individual size="2">
				<FitnessMax value="1.26175"/>
				<FloatingPoint size="40">	2.62488	1.332	1.39522	2.34412	2.47764	1.54083	1.46983	1.68529	3.57064	0.65136	3.63808	3.69327	3.32908	1.78647	1.40145	2.5439	3.48312	1.56119	5.12015	4.62256	3.5549	1.54757	1.16474	2.74519	3.46551	1.26932	4.56004	5.13832	3.43513	1.34166	3.26989	3.55728	3.58013	1.49829	4.53449	4.45065	3.67046	1.51228	1.34317	1.42387</FloatingPoint>
				<FloatingPoint size="20">	0.936819	0.62265	0.410126	0.976644	0.41368	0.95852	0.806166	0.889544	0.702923	0.968652	0.482798	0.705444	0.982971	0.275058	0.731326	0.924848	0.928149	0.861785	0.493781	0.927311</FloatingPoint>
			</Individual>
			<Individual size="2">
				<FitnessMax value="1.26175"/>
				<FloatingPoint size="40">	2.62488	1.33198	1.386	2.34412	2.47764	1.54082	1.46984	1.68529	3.57061	0.651342	3.63805	3.69396	3.32908	1.78549	1.40088	2.5439	3.48312	1.56114	5.07127	4.62256	3.5549	1.54757	1.16474	2.74525	3.48267	1.26932	4.56004	5.13832	3.43514	1.33001	3.26999	3.5573	3.58013	1.49829	4.53449	4.45029	3.6704	1.51228	1.34321	1.42387</FloatingPoint>
				<FloatingPoint size="20">	0.936255	0.622691	0.413172	0.976644	0.223663	0.95852	0.806051	0.889706	0.691411	0.968652	0.483001	0.706032	0.982974	0.293914	0.729849	0.924848	0.92409	0.861785	0.144274	0.927311</FloatingPoint>
			</Individual>
			<Individual size="2">
				<FitnessMax value="1.26175"/>
				<FloatingPoint size="40">	2.62488	1.33198	1.386	2.34412	2.47764	1.54082	1.46984	1.68529	3.57061	0.651342	3.63805	3.69396	3.32908	1.78549	1.40088	2.5439	3.48312	1.56114	5.07127	4.62256	3.5549	1.54757	1.16474	2.74525	3.48267	1.26932	4.56004	5.13832	3.43514	1.33001	3.26999	3.5573	3.58013	1.49829	4.53449	4.45029	3.6704	1.51228	1.34321	1.42387</FloatingPoint>
				<FloatingPoint size="20">	0.937202	0.622551	0.408921	0.976644	0.400146	0.95852	0.806254	0.889353	0.727203	0.968652	0.482646	0.704987	0.982969	0.246995	0.733009	0.924847	0.931312	0.861785	0.545924	0.927311</FloatingPoint>
			</Individual>
			<Individual size="2">
				<FitnessMax value="1.26175"/>
				<FloatingPoint size="40">	2.62488	1.332	1.39522	2.34412	2.47764	1.54083	1.46983	1.68529	3.57064	0.65136	3.63808	3.69327	3.32908	1.78647	1.40145	2.5439	3.48312	1.56119	5.12015	4.62256	3.5549	1.54757	1.16474	2.74519	3.46551	1.26932	4.56004	5.13832	3.43513	1.34166	3.26989	3.55728	3.58013	1.49829	4.53449	4.45065	3.67046	1.51228	1.34317	1.42387</FloatingPoint>
				<FloatingPoint size="20">	0.936819	0.622551	0.410126	0.976644	0.400146	0.95852	0.806254	0.889544	0.702923	0.968652	0.482646	0.705094	0.982971	0.275058	0.733009	0.924848	0.928149	0.861785	0.493781	0.927311</FloatingPoint>
			</Individual>
			<Individual size="2">
				<FitnessMax value="1.25232"/>
				<FloatingPoint size="40">	2.62488	1.33199	1.39061	2.34412	2.47764	1.54083	1.46984	1.68529	3.57062	0.651351	3.63806	3.69361	3.32908	1.78598	1.40116	2.5439	3.48312	1.56116	5.09571	4.62256	3.5549	1.54757	1.16474	2.74522	3.47409	1.26932	4.56004	5.13832	3.43513	1.33583	3.26994	3.55729	3.58013	1.49829	4.53449	4.45047	3.67043	1.51228	1.34319	1.42387</FloatingPoint>
				<FloatingPoint size="20">	0.938192	0.622153	0.398756	0.976644	0.771459	0.95852	0.0462941	0.888596	0.854157	0.968652	0.48234	0.706771	0.98298	0.137086	0.7421	0.924846	0.925301	0.861785	0.00172518	0.927311</FloatingPoint>
			</Individual>
			<Individual size="2">
				<FitnessMax value="1.26175"/>
				<FloatingPoint size="40">	2.62488	1.332	1.39522	2.34412	2.47764	1.54083	1.46983	1.68529	3.57064	0.65136	3.63808	3.69327	3.32908	1.78647	1.40145	2.5439	3.48312	1.56119	5.12015	4.62256	3.5549	1.54757	1.16474	2.74519	3.46551	1.26932	4.56004	5.13832	3.43513	1.34166	3.26989	3.55728	3.58013	1.49829	4.53449	4.45065	3.67046	1.51228	1.34317	1.42387</FloatingPoint>
				<FloatingPoint size="20">	0.936819	0.622551	0.410126	0.976644	0.400146	0.95852	0.806254	0.889544	0.702923	0.968652	0.482646	0.704987	0.982971	0.275058	0.733009	0.924848	0.928149	0.861785	0.493781	0.927311</FloatingPoint>
			</Individual>
			<Individual size="2">
				<FitnessMax value="1.26175"/>
				<FloatingPoint size="40">	2.62488	1.33199	1.3916	2.34412	2.47764	1.54082	1.46984	1.68529	3.57063	0.651348	3.63808	3.69368	3.32908	1.78571	1.40103	2.5439	3.48312	1.56114	5.07818	4.62256	3.5549	1.54757	1.16474	2.74524	3.48025	1.26932	4.56004	5.13832	3.43513	1.33165	3.26997	3.5573	3.58013	1.49829	4.53449	4.45034	3.67041	1.51228	1.3432	1.42387</FloatingPoint>
				<FloatingPoint size="20">	0.937024	0.622767	0.410753	0.976644	0.331638	0.918693	0.809116	0.889483	0.726655	0.968652	0.482804	0.70535	0.982969	0.271674	0.733671	0.924848	0.928414	0.861785	0.162276	0.927311</FloatingPoint>
			</Individual>
			<Individual size="2">
				<FitnessMax value="1.26175"/>
				<FloatingPoint size="40">	2.62488	1.332	1.39522	2.34412	2.47764	1.54083	1.46983	1.68529	3.57064	0.65136	3.63808	3.69327	3.32908	1.78647	1.40145	2.5439	3.48312	1.56119	5.12015	4.62256	3.5549	1.54757	1.16474	2.74519	3.46551	1.26932	4.56004	5.13832	3.43513	1.34166	3.26989	3.55728	3.58013	1.49829	4.53449	4.45065	3.67046	1.51228	1.34317	1.42387</FloatingPoint>
				<FloatingPoint size="20">	0.936819	0.62265	0.410126	0.976644	0.41368	0.95852	0.806166	0.889544	0.702923	0.968652	0.482798	0.705444	0.982971	0.275058	0.731326	0.924848	0.928149	0.861785	0.493781	0.927311</FloatingPoint>
			</Individual>
			<Individual size="2">
				<FitnessMax value="1.26175"/>
				<FloatingPoint size="40">	2.62488	1.332	1.39522	2.34412	2.47764	1.54083	1.46983	1.68529	3.57064	0.65136	3.63808	3.69327	3.32908	1.78647	1.40145	2.5439	3.48312	1.56119	5.12015	4.62256	3.5549	1.54757	1.16474	2.74519	3.46551	1.26932	4.56004	5.13832	3.43513	1.34166	3.26989	3.55728	3.58013	1.49829	4.53449	4.45065	3.86085	1.51228	1.34317	1.42387</FloatingPoint>
				<FloatingPoint size="20">	0.936819	0.622551	0.410126	0.976644	0.400146	0.95852	0.806254	0.889544	0.702923	0.968652	0.482646	0.705094	0.982971	0.275058	0.895866	0.924848	0.928149	0.861785	0.493781	0.927311</FloatingPoint>
			</Individual>
			<Individual size="2">
				<FitnessMax value="1.26175"/>
				<FloatingPoint size="40">	2.62488	1.332	1.39522	2.34412	2.47764	1.54083	1.46983	1.68529	3.57064	0.65136	3.63808	3.69327	3.32908	1.78647	1.40145	2.5439	3.48312	1.56119	5.12015	4.62256	3.5549	1.54757	1.16474	2.74519	3.46551	1.26932	4.56004	5.13832	3.43513	1.34166	3.26989	3.55728	3.58013	1.49829	4.53449	4.45065	3.86085	1.51228	1.34317	1.42387</FloatingPoint>
				<FloatingPoint size="20">	0.937199	0.623752	0.530641	0.976644	0.390737	0.95852	0.806166	0.8896	0.725809	0.968652	0.482647	0.705029	0.982969	0.296742	0.731794	0.924849	0.925406	0.861785	0.294961	0.927311</FloatingPoint>
			</Individual>
			<Individual size="2">
				<FitnessMax value="1.23638"/>
				<FloatingPoint size="40">	2.62488	1.332	1.39522	2.34412	2.47764	1.54083	1.46983	1.68529	3.57064	0.65136	3.63808	3.69327	3.99037	1.78647	1.40145	2.5439	3.48312	1.56119	5.12015	4.62256	3.5549	1.54757	1.16474	2.74519	3.46551	1.26932	4.56004	5.13832	3.43513	1.34166	3.26989	3.55728	3.58013	1.49829	4.53449	4.45065	3.67046	1.51228	1.34317	1.42387</FloatingPoint>
				<FloatingPoint size="20">	0.937032	0.622759	0.410437	0.976644	0.358722	0.92655	0.808538	0.889472	0.724721	0.968652	0.482775	0.699873	0.982969	0.277179	0.686141	0.924848	0.928885	0.402991	0.225451	0.927311</FloatingPoint>
			</Individual>
			<Individual size="2">
				<FitnessMax value="1.23559"/>
				<FloatingPoint size="40">	2.62488	1.332	1.39522	2.34412	2.47764	1.54083	1.46983	1.68529	3.57064	0.65136	3.63808	3.69327	3.32908	1.78647	1.40145	2.5439	3.48312	1.56119	5.12015	4.62256	3.5549	1.54757	1.16474	2.74519	3.46551	5.39829	4.56004	5.13832	3.43513	1.34166	3.26989	3.55728	3.58013	1.49829	4.53449	4.45065	3.67046	1.51228	1.34317	1.42387</FloatingPoint>
				<FloatingPoint size="20">	0.936819	0.622551	0.410126	0.976644	0.400146	0.95852	0.806254	0.889544	0.702923	0.968652	0.482646	0.705094	0.982971	0.275058	0.733009	0.924848	0.928149	0.861785	0.493781	0.927311</FloatingPoint>
			</Individual>
			<Individual size="2">
				<FitnessMax value="1.26175"/>
				<FloatingPoint size="40">	2.62488	1.332	1.39522	2.34412	2.47764	1.54083	1.46983	1.68529	3.57064	0.65136	3.63808	3.69327	3.99037	1.78647	1.40145	2.5439	3.48312	1.56119	5.12015	4.62256	3.5549	1.54757	1.16474	2.74519	3.46551	1.26932	4.56004	5.13832	3.43513	1.34166	3.26989	3.55728	3.58013	1.49829	4.53449	4.45065	3.67046	1.51228	1.34317	1.42387</FloatingPoint>
				<FloatingPoint size="20">	0.937066	0.623722	0.412562	0.976644	0.612083	0.95852	0.806166	0.889488	0.71048	0.968652	0.482673	0.675015	0.982969	0.331519	0.736376	0.924849	0.927877	0.861785	0.363304	0.927311</FloatingPoint>
			</Individual>
			<Individual size="2">
				<FitnessMax value="1.26175"/>
				<FloatingPoint size="40">	2.62488	1.332	1.39522	2.34412	2.47764	1.54083	1.46983	1.68529	3.57064	0.65136	3.63808	3.69327	3.99037	1.78647	1.40145	2.5439	3.48312	1.56119	5.12015	4.62256	3.5549	1.54757	1.16474	2.74519	3.46551	1.26932	4.56004	5.13832	3.43513	1.34166	3.26989	3.55728	3.58013	1.49829	4.53449	4.45065	3.67046	1.51228	1.34317	1.42387</FloatingPoint>
				<FloatingPoint size="20">	0.937066	0.62273	0.409149	0.976644	0.468927	0.95852	0.806187	0.889425	0.716852	0.968652	0.482657	0.677585	0.982969	0.299578	0.49274	0.924849	0.930802	0.861785	0.482511	0.927311</FloatingPoint>
			</Individual>
			<Individual size="2">
				<FitnessMax value="1.26175"/>
				<FloatingPoint size="40">	2.62488	1.332	1.39522	2.34412	2.47764	1.54083	1.46983	1.68529	3.57064	0.65136	3.63808	3.69327	3.32908	1.78647	1.40145	2.5439	3.48312	1.56119	5.12015	4.62256	3.5549	1.54757	1.16474	2.74519	3.46551	1.26932	4.56004	5.13832	3.43513	1.34166	3.26989	3.55728	3.58013	1.49829	4.53449	4.45065	3.67046	1.51228	1.34317	1.42387</FloatingPoint>
				<FloatingPoint size="20">	0.936857	0.622524	0.408694	0.976644	0.393817	0.95852	0.806166	0.889361	0.741962	0.968652	0.482796	0.705425	0.982969	0.245201	0.733654	0.924847	0.924466	0.861785	0.0140878	0.927311</FloatingPoint>
			</Individual>
			<Individual size="2">
				<FitnessMax value="1.26175"/>
				<FloatingPoint size="40">	2.62488	1.332	1.39522	2.34412	2.47764	1.54083	1.46983	1.68529	3.57064	0.65136	3.63808	3.69327	3.32908	1.78647	1.40145	2.5439	3.48312	1.56119	5.12015	4.62256	3.5549	1.54757	1.16474	2.74519	3.46551	1.26932	4.56004	5.13832	3.43513	1.34166	3.26989	3.55728	3.58013	1.49829	4.53449	4.45065	3.67046	1.51228	1.34317	1.42387</FloatingPoint>
				<FloatingPoint size="20">	0.937024	0.622767	0.410753	0.976644	0.331638	0.918693	0.809116	0.889483	0.726655	0.968652	0.482804	0.70535	0.982969	0.271674	0.733671	0.924848	0.928414	0.861785	0.162276	0.927311</FloatingPoint>
			</Individual>
			<Individual size="2">
				<FitnessMax value="1.18605"/>
				<FloatingPoint size="40">	2.62488	1.332	1.39522	2.34412	2.47764	1.54083	1.46983	1.68529	3.57064	0.65136	3.63808	3.69327	4.48128	1.78647	1.40145	2.5439	3.48312	1.56119	5.12015	4.62256	3.5549	1.54757	1.16474	2.74519	3.46551	1.26932	4.56004	5.13832	3.43513	1.34166	3.26989	3.55728	3.58013	1.49829	4.53449	4.45065	3.67046	1.51228	1.34317	1.42387</FloatingPoint>
				<FloatingPoint size="20">	0.937024	0.622767	0.410753	0.976644	0.331638	0.918693	0.809116	0.889483	0.726655	0.968652	0.948538	0.70535	0.982969	0.271674	0.733671	0.924848	0.928414	0.861785	0.162276	0.927311</FloatingPoint>
			</Individual>
			<Individual size="2">
				<FitnessMax value="1.26175"/>
				<FloatingPoint size="40">	2.62488	1.332	1.39522	2.34412	2.47764	1.54083	1.46983	1.68529	3.57064	0.65136	3.63808	3.69327	3.85123	1.78647	1.40145	2.5439	3.48312	1.56119	5.12015	4.62256	3.5549	1.54757	1.16474	2.74519	3.46551	1.26932	4.56004	5.13832	3.43513	1.34166	3.26989	3.55728	3.58013	1.49829	4.53449	4.45065	3.67046	1.51228	1.34317	1.42387</FloatingPoint>
				<FloatingPoint size="20">	0.93693	0.623048	0.414126	0.976644	0.820653	0.95852	0.806165	0.889572	0.701259	0.968652	0.482307	0.705534	0.982966	0.303884	0.731612	0.924848	0.925633	0.861785	0.267979	0.927311</FloatingPoint>
			</Individual>
			<Individual size="2">
				<FitnessMax value="1.26175"/>
				<FloatingPoint size="40">	2.62488	1.332	1.39522	2.34412	2.47764	1.54083	1.46983	1.68529	3.57064	0.65136	3.63808	3.69327	3.32908	1.78647	1.40145	2.5439	3.48312	1.56119	5.12015	4.62256	3.5549	1.54757	1.16474	2.74519	3.46551	1.26932	4.56004	5.13832	3.43513	1.34166	3.26989	3.55728	3.58013	1.49829	4.53449	4.45065	3.67046	1.51228	1.34317	1.42387</FloatingPoint>
				<FloatingPoint size="20">	0.936841	0.622531	0.408777	0.976644	0.396707	0.95852	0.806252	0.889508	0.738292	0.968652	0.482751	0.70501	0.982971	0.257654	0.733367	0.924848	0.927403	0.861785	0.25561	0.927311</FloatingPoint>
			</Individual>
		</Deme>
	</Population>
</ECF>
