<?xml version="1.0" encoding="ISO-8859-1"?>
<ECF milestone="Mon Jun 18 20:10:21 2018
">
	<Registry>
		<Entry key="1FloatingPoint.dimension">10</Entry>
		<Entry key="1FloatingPoint.lbound">1</Entry>
		<Entry key="1FloatingPoint.ubound">4</Entry>
		<Entry key="FloatingPoint.dimension">40</Entry>
		<Entry key="FloatingPoint.lbound">0</Entry>
		<Entry key="FloatingPoint.ubound">7</Entry>
		<Entry key="SteadyStateTournament.tsize">3</Entry>
		<Entry key="batch.logfile_">*</Entry>
		<Entry key="batch.remaining_">0</Entry>
		<Entry key="data.input">data/train/iris.csv</Entry>
		<Entry key="data.test">data/test/iris.csv</Entry>
		<Entry key="fuzzy.langvars">conf/iris.conf</Entry>
		<Entry key="fuzzy.numrules">10</Entry>
		<Entry key="log.frequency">10</Entry>
		<Entry key="log.level">3</Entry>
		<Entry key="milestone.elapsedtime_">77</Entry>
		<Entry key="milestone.filename">milestones/iris_10.txt</Entry>
		<Entry key="milestone.generation_">9999</Entry>
		<Entry key="mutation.indprob">0.3</Entry>
		<Entry key="operator.logfile">log/iris_10.log</Entry>
		<Entry key="population.size">100</Entry>
		<Entry key="term.eval">1000000</Entry>
	</Registry>
	<Population size="1">
		<HallOfFame size="1">
			<Individual size="2" gen="2296">
				<FitnessMin value="0.0285714"/>
				<FloatingPoint size="40">	3.71131	3.54929	3.40533	4.13193	2.58674	3.37172	1.96626	1.97024	2.5867	5.56183	1.5083	1.55388	1.58396	3.50231	1.5075	1.3731	4.52913	2.56387	3.51767	3.6715	2.31559	1.53188	3.48786	3.5386	3.37196	1.08111	3.35276	3.59724	2.62801	4.52387	1.42531	1.59405	3.29738	2.27861	3.38941	3.45585	3.68476	4.45787	3.25702	2.76185</FloatingPoint>
				<FloatingPoint size="10">	2.51841	1.61315	1.45404	1.3152	2.52614	2.49371	2.45211	1.42801	2.4428	3.49733</FloatingPoint>
			</Individual>
		</HallOfFame>
		<Deme size="100">
			<HallOfFame size="1">
				<Individual size="2" gen="2296">
					<FitnessMin value="0.0285714"/>
					<FloatingPoint size="40">	3.71131	3.54929	3.40533	4.13193	2.58674	3.37172	1.96626	1.97024	2.5867	5.56183	1.5083	1.55388	1.58396	3.50231	1.5075	1.3731	4.52913	2.56387	3.51767	3.6715	2.31559	1.53188	3.48786	3.5386	3.37196	1.08111	3.35276	3.59724	2.62801	4.52387	1.42531	1.59405	3.29738	2.27861	3.38941	3.45585	3.68476	4.45787	3.25702	2.76185</FloatingPoint>
					<FloatingPoint size="10">	2.51841	1.61315	1.45404	1.3152	2.52614	2.49371	2.45211	1.42801	2.4428	3.49733</FloatingPoint>
				</Individual>
			</HallOfFame>
			<Individual size="2">
				<FitnessMin value="0.0285714"/>
				<FloatingPoint size="40">	3.4146	3.46311	3.6911	4.1154	2.55213	3.61179	1.34795	1.67742	2.60232	5.49085	1.56846	1.53259	1.4836	3.23883	1.41551	1.59569	4.38732	2.56237	3.32675	3.4744	2.57827	1.50456	3.49487	3.44487	3.51934	0.8129	3.48895	3.57575	2.59879	4.50371	1.31682	1.50088	3.49675	2.44186	3.37637	3.3916	3.73193	2.46187	4.66386	2.34297</FloatingPoint>
				<FloatingPoint size="10">	2.43245	1.40684	1.57853	1.43196	2.43997	2.53795	2.45124	1.69635	2.43342	3.53763</FloatingPoint>
			</Individual>
			<Individual size="2">
				<FitnessMin value="0.0285714"/>
				<FloatingPoint size="40">	3.4146	3.46352	3.69102	4.11533	2.55354	3.6118	1.34857	1.67737	2.60232	5.4907	1.56812	1.53374	1.48676	3.23467	1.41578	1.59571	4.38732	2.56365	3.33001	3.4744	2.57847	1.50452	3.52205	3.43074	3.51974	0.81216	3.48903	3.57574	2.59879	4.50371	1.30092	1.50068	3.49672	2.44179	3.37637	3.39159	4.91126	2.47573	4.94477	2.3429</FloatingPoint>
				<FloatingPoint size="10">	2.62998	1.4649	1.56649	1.43629	2.35887	2.5029	2.45293	1.69745	2.4226	3.56634</FloatingPoint>
			</Individual>
			<Individual size="2">
				<FitnessMin value="0.0285714"/>
				<FloatingPoint size="40">	3.41459	3.46335	3.69123	4.11542	2.55144	3.61178	1.34811	1.67739	2.60232	5.49095	1.56813	1.52985	1.04166	3.05227	1.41569	1.59574	4.38732	2.57208	3.32675	3.4744	2.57831	1.50453	3.52424	3.42455	3.51943	0.810946	3.48888	3.5758	2.59879	4.50371	1.34013	1.50044	3.47861	2.44188	3.37637	3.39127	3.7068	2.53152	4.66186	2.35495</FloatingPoint>
				<FloatingPoint size="10">	2.41568	1.44571	1.5766	1.20811	2.34804	2.54559	2.46623	1.69563	2.4027	3.56397</FloatingPoint>
			</Individual>
			<Individual size="2">
				<FitnessMin value="0.0285714"/>
				<FloatingPoint size="40">	3.4146	3.46334	3.6911	4.11534	2.55397	3.6118	1.34854	1.67739	2.60232	5.49069	1.56827	1.53038	1.48065	3.24145	1.41577	1.59551	4.38733	2.57036	3.33176	3.4744	2.57791	1.50441	3.52424	3.45418	3.51856	0.813015	3.48912	3.57575	2.59879	4.50371	1.22875	1.50094	3.48644	2.44182	3.37638	3.39173	4.73876	2.41413	4.54403	2.36371</FloatingPoint>
				<FloatingPoint size="10">	2.47231	1.42557	1.57704	1.4329	2.44428	2.52559	2.45306	1.6972	2.43962	3.56231</FloatingPoint>
			</Individual>
			<Individual size="2">
				<FitnessMin value="0.0285714"/>
				<FloatingPoint size="40">	3.4146	3.46315	3.69114	4.1154	2.55244	3.61178	1.35227	1.67739	2.60232	5.49086	1.56813	1.53026	1.47694	3.24299	1.41524	1.59535	4.38732	2.53598	3.3306	3.4744	2.57834	1.5045	3.52355	3.44038	3.5184	0.812479	3.48903	3.57575	2.59853	4.5037	1.22063	1.50093	3.49714	2.44184	3.37637	3.3912	3.93803	6.31704	4.70512	2.32526</FloatingPoint>
				<FloatingPoint size="10">	2.49987	1.50448	1.58839	1.4409	2.59096	2.53874	2.45308	1.67925	2.46185	3.56073</FloatingPoint>
			</Individual>
			<Individual size="2">
				<FitnessMin value="0.0285714"/>
				<FloatingPoint size="40">	3.4146	3.46322	3.69094	4.11538	2.55171	3.61178	1.34834	1.67739	2.60232	5.49078	1.56813	1.53342	1.48457	3.05003	1.41531	1.59535	4.38732	2.57053	3.32826	3.4744	2.57842	1.5045	3.52435	3.44558	3.51826	0.812909	3.48902	3.57573	2.62663	4.5037	1.21222	1.50086	3.49944	2.44186	3.37637	3.39144	3.61612	2.43625	4.68796	2.35086</FloatingPoint>
				<FloatingPoint size="10">	2.49109	1.50044	1.57712	1.4763	2.47902	2.51485	2.45327	1.67547	2.46584	3.55745</FloatingPoint>
			</Individual>
			<Individual size="2">
				<FitnessMin value="0.0285714"/>
				<FloatingPoint size="40">	3.4146	3.46334	3.69097	4.11527	2.55206	3.61178	1.34854	1.67738	2.60231	5.49096	1.56813	1.53369	1.48742	3.22728	1.41568	1.59597	4.38733	2.56326	3.32869	3.4744	2.57829	1.50449	3.52424	3.41976	3.51973	0.811398	3.48895	3.57576	2.59879	4.50371	1.30669	1.50055	3.48622	2.44181	3.37637	3.39209	3.89081	2.53831	5.08702	2.36485</FloatingPoint>
				<FloatingPoint size="10">	2.62998	1.4649	1.56649	1.43629	2.35887	2.5029	2.45293	1.69745	2.4226	3.56634</FloatingPoint>
			</Individual>
			<Individual size="2">
				<FitnessMin value="0.0285714"/>
				<FloatingPoint size="40">	3.4146	3.46335	3.69107	4.11531	2.55418	3.6118	1.34821	1.6774	2.60232	5.49088	1.56821	1.53058	1.48739	3.24154	1.41379	1.59555	4.38733	2.56304	3.32629	3.4744	2.57797	1.50441	3.52652	3.43613	3.51856	0.811716	3.48955	3.57575	2.59879	4.5037	1.26681	1.50086	3.47367	2.44186	3.37638	3.39154	4.61471	2.42818	4.55648	2.36594</FloatingPoint>
				<FloatingPoint size="10">	2.63614	1.43905	1.57744	1.43068	2.48273	2.53453	2.45331	1.69883	2.43744	3.55918</FloatingPoint>
			</Individual>
			<Individual size="2">
				<FitnessMin value="0.0285714"/>
				<FloatingPoint size="40">	3.41464	3.4631	3.69109	4.11541	2.5529	3.61178	1.348	1.6774	2.60232	5.49086	1.56813	1.53428	1.48053	3.23887	1.41549	1.59542	4.38732	2.56027	3.32645	3.4744	2.57833	1.50449	3.52424	3.44618	3.51831	0.812914	3.489	3.57574	2.59879	4.5037	1.32009	1.50094	3.49661	2.44184	3.37637	3.39127	3.67882	2.48148	4.68972	2.35383</FloatingPoint>
				<FloatingPoint size="10">	2.56352	1.33746	1.58467	1.43012	2.52675	2.52205	2.44948	1.69865	2.42637	3.5576</FloatingPoint>
			</Individual>
			<Individual size="2">
				<FitnessMin value="0.0285714"/>
				<FloatingPoint size="40">	3.4146	3.46339	3.69105	4.11528	2.5535	3.61177	1.3491	1.6774	2.60232	5.49044	1.56813	1.53339	1.4827	3.2396	1.41548	1.59556	4.38733	2.55514	3.3279	3.4744	2.57697	1.50444	3.52638	3.42809	3.51948	0.812174	3.48915	3.57574	2.59879	4.50371	1.25248	1.50081	3.50165	2.44181	3.37637	3.39171	5.61641	2.46004	4.52486	2.33556</FloatingPoint>
				<FloatingPoint size="10">	2.54599	1.42134	1.57848	1.40757	2.4522	2.57696	2.45424	1.6933	2.44972	3.55493</FloatingPoint>
			</Individual>
			<Individual size="2">
				<FitnessMin value="0.0285714"/>
				<FloatingPoint size="40">	3.4146	3.46389	3.69101	4.11527	2.55475	3.61181	1.3487	1.67737	2.60232	5.49062	1.56812	1.53688	1.48678	3.23844	1.41591	1.59567	4.38732	2.56922	3.33087	3.4744	2.57859	1.50453	3.52424	3.42732	3.51956	0.812787	3.48913	3.57574	2.59879	4.50371	1.30326	1.50074	3.49252	2.44183	3.37637	3.39127	5.21393	2.46497	4.74486	2.33603</FloatingPoint>
				<FloatingPoint size="10">	2.63614	1.42446	1.5734	1.36111	2.29509	2.4988	2.45124	1.69551	2.417	3.55748</FloatingPoint>
			</Individual>
			<Individual size="2">
				<FitnessMin value="0.0285714"/>
				<FloatingPoint size="40">	3.4146	3.46349	3.69108	4.11531	2.55324	3.6118	1.34835	1.67738	2.60232	5.49074	1.56812	1.53558	1.48366	3.18376	1.4157	1.59569	4.38733	2.56054	3.32879	3.4744	2.57851	1.50456	3.52642	3.42483	3.51948	0.811527	3.48911	3.57577	2.59879	4.50371	1.31779	1.50076	3.47969	2.44186	3.37637	3.3914	4.60458	2.47504	4.70638	2.34669</FloatingPoint>
				<FloatingPoint size="10">	2.51584	1.42696	1.58415	1.4067	2.36247	2.5427	2.4505	1.69219	2.43605	3.55756</FloatingPoint>
			</Individual>
			<Individual size="2">
				<FitnessMin value="0.0285714"/>
				<FloatingPoint size="40">	3.4146	3.46315	3.69113	4.11542	2.55346	3.61179	1.34833	1.6774	2.60232	5.49074	1.56815	1.52991	1.47808	3.23863	1.41555	1.59541	4.38732	2.55815	3.33272	3.4744	2.57841	1.5045	3.52424	3.44365	3.51837	0.812834	3.48906	3.57574	2.59879	4.5037	1.2165	1.50093	3.50618	2.44182	3.37636	3.39128	3.62528	2.43794	4.72456	2.33279</FloatingPoint>
				<FloatingPoint size="10">	2.40368	1.42172	1.56649	1.43629	2.35887	2.5029	2.45293	1.69359	2.42639	3.56634</FloatingPoint>
			</Individual>
			<Individual size="2">
				<FitnessMin value="0.0285714"/>
				<FloatingPoint size="40">	3.41459	3.4631	3.69114	4.11536	2.55172	3.61179	1.348	1.6774	2.60232	5.49086	1.56813	1.53428	1.48053	3.12908	1.41549	1.59565	4.38733	2.55031	3.3267	3.4744	2.57833	1.50459	3.5286	3.42512	3.51922	0.810285	3.48908	3.57581	2.59879	4.50371	1.32009	1.5008	3.46853	2.44189	3.37637	3.39153	3.75901	2.48148	4.65881	2.3572</FloatingPoint>
				<FloatingPoint size="10">	2.39918	1.419	1.58934	1.43871	2.75655	2.51311	2.4614	1.70122	2.455	3.64742</FloatingPoint>
			</Individual>
			<Individual size="2">
				<FitnessMin value="0.0285714"/>
				<FloatingPoint size="40">	3.4146	3.46316	3.6911	4.11543	2.55342	3.61178	1.34833	1.67741	2.60232	5.49059	1.56813	1.5296	1.4795	3.18431	1.41524	1.59519	4.38732	2.56947	3.33278	3.4744	2.57831	1.5045	3.52431	3.46029	3.51858	0.8125	3.48902	3.57575	2.64776	4.5037	1.2145	1.50096	3.50779	2.44183	3.37637	3.39145	3.63627	2.41489	4.67714	2.32511</FloatingPoint>
				<FloatingPoint size="10">	2.49987	1.50448	1.58839	1.4409	2.59096	2.55526	2.45308	1.67925	2.46185	3.56073</FloatingPoint>
			</Individual>
			<Individual size="2">
				<FitnessMin value="0.0952381"/>
				<FloatingPoint size="40">	3.4146	3.46389	3.69101	4.11527	2.55475	3.61181	1.3487	1.67737	2.60232	5.49062	1.56812	1.53688	1.48678	3.23844	1.41591	1.59567	4.38732	2.56922	3.33087	3.4744	2.57859	1.50453	3.52424	3.42732	3.51956	0.812787	3.48913	3.57574	2.59879	4.50371	1.30326	1.50074	5.28257	2.44183	3.37637	3.39127	5.21393	2.46497	4.74486	2.33603</FloatingPoint>
				<FloatingPoint size="10">	2.62822	1.47646	1.58183	1.35922	2.34504	2.50227	2.4538	1.6969	2.421	3.54721</FloatingPoint>
			</Individual>
			<Individual size="2">
				<FitnessMin value="0.0285714"/>
				<FloatingPoint size="40">	3.4146	3.46323	3.69092	4.11524	2.55142	3.61178	1.34829	1.67739	2.60232	5.49107	1.56813	1.5377	1.49999	3.23801	1.4157	1.59584	4.38732	2.57173	3.33194	3.4744	2.57831	1.50453	3.52424	3.42455	3.51943	0.810946	3.48888	3.5758	2.59879	4.50371	1.34013	1.50044	3.47861	2.44188	3.37637	3.39127	3.7068	2.53152	4.66186	2.35495</FloatingPoint>
				<FloatingPoint size="10">	2.62998	1.4649	1.57996	1.35964	2.36504	2.5015	2.45323	1.69745	2.4226	3.54949</FloatingPoint>
			</Individual>
			<Individual size="2">
				<FitnessMin value="0.0285714"/>
				<FloatingPoint size="40">	3.4146	3.46317	3.69104	4.11533	2.55245	3.61178	1.34847	1.67739	2.60232	5.49076	1.56813	1.53547	1.4781	3.25013	1.41578	1.59543	4.38733	2.55987	3.33073	3.4744	2.57854	1.5045	3.51096	3.43809	3.51902	0.812866	3.48909	3.57578	2.87307	4.5037	1.2245	1.50089	3.50308	2.44191	3.37637	3.39124	3.77565	2.43868	4.67359	2.35635</FloatingPoint>
				<FloatingPoint size="10">	2.44333	1.50422	1.58328	1.4193	2.36256	2.58613	2.46059	1.69402	2.43268	3.57274</FloatingPoint>
			</Individual>
			<Individual size="2">
				<FitnessMin value="0.0285714"/>
				<FloatingPoint size="40">	3.4146	3.46336	3.6911	4.11537	2.55382	3.61179	1.34843	1.67739	2.60232	5.4907	1.56814	1.53184	1.48049	3.23857	1.41565	1.59548	4.38732	2.56122	3.33221	3.4744	2.57846	1.50451	3.52424	3.43912	3.5187	0.812821	3.48908	3.57574	2.59879	4.5037	1.24055	1.50087	3.50239	2.44182	3.37636	3.36806	4.06566	2.44544	4.73019	2.33369</FloatingPoint>
				<FloatingPoint size="10">	2.63614	1.42446	1.5734	1.36111	2.29509	2.4988	2.45124	1.69551	2.417	3.55748</FloatingPoint>
			</Individual>
			<Individual size="2">
				<FitnessMin value="0.0285714"/>
				<FloatingPoint size="40">	3.41459	3.46309	3.6912	4.11543	2.55338	3.61178	1.35411	1.6774	2.60233	5.4909	1.56815	1.5293	1.47689	3.02643	1.41524	1.59575	4.38732	2.56972	3.33304	3.4744	2.5771	1.5045	3.52464	3.44232	3.51809	0.812914	3.48886	3.40142	2.59879	4.50371	1.21341	1.5004	3.50704	2.44189	3.37637	3.39125	3.49336	2.54208	4.65015	2.33234</FloatingPoint>
				<FloatingPoint size="10">	2.41568	1.43555	1.55881	1.34761	2.49581	2.55864	2.44518	1.68432	2.4187	3.57644</FloatingPoint>
			</Individual>
			<Individual size="2">
				<FitnessMin value="0.0285714"/>
				<FloatingPoint size="40">	3.4146	3.46345	3.69103	4.11529	2.5527	3.61179	1.34878	1.67737	2.60231	5.49085	1.56812	1.52968	1.47486	3.21655	1.41566	1.5961	4.38735	2.55479	3.32544	3.4744	2.57827	1.50444	3.52424	3.41497	3.52002	0.811849	3.48902	3.57573	2.59879	4.50371	1.27326	1.50066	3.49383	2.44174	3.37637	3.3929	4.07483	2.54509	5.51218	2.37475</FloatingPoint>
				<FloatingPoint size="10">	2.41568	1.48613	1.58884	1.44442	2.36385	2.6467	2.46575	1.69523	2.44036	3.56686</FloatingPoint>
			</Individual>
			<Individual size="2">
				<FitnessMin value="0.0285714"/>
				<FloatingPoint size="40">	3.4146	3.46315	3.69102	4.11524	2.55142	3.61178	1.34829	1.67739	2.60232	5.49067	1.56813	1.5377	1.48371	3.01066	1.41575	1.59491	4.38732	2.56105	3.33223	3.4744	2.57845	1.5045	3.51096	3.43809	3.51943	0.810946	3.48909	3.5758	2.59879	4.5037	1.2245	1.50089	3.50308	2.44191	3.37637	3.39124	3.7068	2.53152	4.67359	2.35495</FloatingPoint>
				<FloatingPoint size="10">	2.62998	1.4649	1.57996	1.35964	2.36504	2.5015	2.45323	1.69745	2.4226	3.54949</FloatingPoint>
			</Individual>
			<Individual size="2">
				<FitnessMin value="0.0285714"/>
				<FloatingPoint size="40">	3.4146	3.46314	3.69115	4.11541	2.55276	3.61178	1.35281	1.67739	2.60232	5.49088	1.56813	1.52957	1.47649	3.2396	1.41537	1.59536	4.38732	2.53364	3.33065	3.4744	2.57831	1.5045	3.52424	3.44557	3.51821	0.812408	3.48904	3.57574	2.59879	4.5037	1.20804	1.501	3.50034	2.44183	3.37637	3.39119	3.61091	2.40349	4.67408	2.32131</FloatingPoint>
				<FloatingPoint size="10">	2.49987	1.50448	1.58839	1.4409	2.59096	2.53874	2.45308	1.67925	2.46185	3.56073</FloatingPoint>
			</Individual>
			<Individual size="2">
				<FitnessMin value="0.0285714"/>
				<FloatingPoint size="40">	3.4146	3.46331	3.69118	4.11536	2.5526	3.6118	1.34819	1.6774	2.60232	5.49088	1.56822	1.5314	1.48699	3.23775	1.33263	1.59555	4.38733	2.56304	3.32639	3.4744	2.57807	1.50444	3.52613	3.42826	3.51856	0.811989	3.48948	3.57577	2.59879	4.5037	1.25875	1.50089	3.47188	2.44187	3.37637	3.39114	4.30301	2.43011	4.6457	2.36717</FloatingPoint>
				<FloatingPoint size="10">	2.38307	1.43297	1.57621	1.43265	2.40727	2.54395	2.4519	1.69549	2.43608	3.5301</FloatingPoint>
			</Individual>
			<Individual size="2">
				<FitnessMin value="0.0285714"/>
				<FloatingPoint size="40">	3.4146	3.46331	3.69118	4.11536	2.5526	3.6118	1.34819	1.6774	2.60232	5.49088	1.56822	1.5314	1.48699	3.23775	1.33263	1.59555	4.38733	2.56304	3.32639	3.4744	2.57807	1.50444	3.52613	3.42826	3.51856	0.811989	3.48948	3.57577	2.59879	4.5037	1.25875	1.50089	3.47188	2.44187	3.37637	3.39114	4.30301	2.43011	4.6457	2.36717</FloatingPoint>
				<FloatingPoint size="10">	2.38506	1.42196	1.56726	1.43273	2.4022	2.53721	2.45214	1.69437	2.43211	3.54369</FloatingPoint>
			</Individual>
			<Individual size="2">
				<FitnessMin value="0.0285714"/>
				<FloatingPoint size="40">	3.4146	3.46314	3.69115	4.11541	2.55276	3.61178	1.35281	1.67739	2.60232	5.49088	1.56813	1.52957	1.47649	3.2396	1.41537	1.59536	4.38732	2.53364	3.33065	3.4744	2.57831	1.5045	3.52424	3.44557	3.51821	0.812408	3.48904	3.57574	2.59879	4.5037	1.20804	1.501	3.50034	2.44183	3.37637	3.39119	3.61091	2.40349	4.67408	2.32131</FloatingPoint>
				<FloatingPoint size="10">	2.3892	1.42767	1.58031	1.43948	2.42802	2.51393	2.45351	1.6841	2.43818	3.56363</FloatingPoint>
			</Individual>
			<Individual size="2">
				<FitnessMin value="0.0285714"/>
				<FloatingPoint size="40">	3.4146	3.46323	3.69092	4.11524	2.55142	3.61178	1.34829	1.67739	2.60232	5.49067	1.56813	1.53356	1.48551	3.23842	1.41564	1.59539	4.38732	2.55975	3.32663	3.4744	2.57843	1.50449	3.52424	3.44641	3.51829	0.812909	3.48901	3.57573	2.59879	4.5037	1.21612	1.50095	3.50076	2.44184	3.37637	3.39127	3.68704	2.42989	4.6893	2.3521</FloatingPoint>
				<FloatingPoint size="10">	2.38307	1.43297	1.57621	1.43265	2.40727	2.54395	2.4519	1.69549	2.43608	3.5301</FloatingPoint>
			</Individual>
			<Individual size="2">
				<FitnessMin value="0.0285714"/>
				<FloatingPoint size="40">	3.41459	3.4631	3.69114	4.11536	2.55172	3.61179	1.348	1.6774	2.60232	5.49086	1.56813	1.53428	1.48053	3.12908	1.41549	1.59565	4.38733	2.55031	3.3267	3.4744	2.57833	1.50459	3.5286	3.42512	3.51922	0.810285	3.48908	3.57581	2.59879	4.50371	1.32009	1.5008	3.46853	2.44189	3.37637	3.39153	3.75901	2.48148	4.65881	2.3572</FloatingPoint>
				<FloatingPoint size="10">	2.39918	1.419	1.58934	1.43871	2.75655	2.51311	2.4614	1.70122	2.455	3.56784</FloatingPoint>
			</Individual>
			<Individual size="2">
				<FitnessMin value="0.0285714"/>
				<FloatingPoint size="40">	3.41459	3.4632	3.69101	4.11541	2.55322	3.61178	1.35182	1.67739	2.60232	5.49088	1.56813	1.53456	1.49076	3.24028	1.41558	1.59564	4.38732	2.57022	3.3324	3.4744	2.57749	1.50452	3.52446	3.43702	3.5194	0.811387	3.48889	3.57579	2.59879	4.50371	1.26573	1.50062	3.4908	2.44187	3.37637	3.39127	3.70695	2.51646	4.67131	2.34697</FloatingPoint>
				<FloatingPoint size="10">	2.56849	1.47451	1.58951	1.45021	2.49811	2.66814	2.45036	1.6903	2.44688	3.56603</FloatingPoint>
			</Individual>
			<Individual size="2">
				<FitnessMin value="0.0285714"/>
				<FloatingPoint size="40">	3.41459	3.4631	3.69114	4.11536	2.55172	3.61179	1.348	1.6774	2.60232	5.49086	1.56813	1.53428	1.48053	3.12908	1.41549	1.59565	4.38733	2.55031	3.3267	3.4744	2.57833	1.50459	3.5286	3.42512	3.51922	0.810285	3.48908	3.57581	2.59879	4.50371	1.32009	1.5008	3.46853	2.44189	3.37637	3.39153	3.75901	2.48148	4.65881	2.3572</FloatingPoint>
				<FloatingPoint size="10">	2.54599	1.42134	1.57848	1.40757	2.4522	2.57696	2.45424	1.6933	2.44972	3.55493</FloatingPoint>
			</Individual>
			<Individual size="2">
				<FitnessMin value="0.0285714"/>
				<FloatingPoint size="40">	3.41459	3.46313	3.69119	4.11539	2.55363	3.61179	1.34775	1.6774	2.60232	5.49086	1.5683	1.53162	1.47814	3.23859	1.4156	1.59538	4.38733	2.56325	3.32712	3.4744	2.57539	1.5045	3.52449	3.44481	3.51938	0.812855	3.48889	3.57578	2.76833	4.50371	1.22435	1.50086	3.49864	2.44188	3.37637	3.39128	3.70117	2.43533	4.68201	2.33169</FloatingPoint>
				<FloatingPoint size="10">	2.65921	1.47564	1.58195	1.42068	2.52059	2.58141	2.4466	1.6952	2.4258	3.53419</FloatingPoint>
			</Individual>
			<Individual size="2">
				<FitnessMin value="0.0285714"/>
				<FloatingPoint size="40">	3.4146	3.46334	3.69097	4.11527	2.55206	3.61178	1.34854	1.67738	2.60231	5.49096	1.56813	1.53369	1.48742	3.22728	1.41568	1.59597	4.38733	2.56326	3.32869	3.4744	2.57829	1.50449	3.52424	3.41976	3.51973	0.811398	3.48895	3.57576	2.59879	4.50371	1.30669	1.50055	3.48622	2.44181	3.37637	3.39209	3.89081	2.53831	5.08702	2.36485</FloatingPoint>
				<FloatingPoint size="10">	2.60916	1.45605	1.57802	1.35992	2.35675	2.50448	2.45289	1.69784	2.42205	3.55058</FloatingPoint>
			</Individual>
			<Individual size="2">
				<FitnessMin value="0.0285714"/>
				<FloatingPoint size="40">	3.4146	3.46314	3.69115	4.11541	2.55276	3.61178	1.35281	1.67739	2.60232	5.49088	1.56813	1.52957	1.47649	3.2396	1.41537	1.59536	4.38732	2.53364	3.33065	3.4744	2.57831	1.5045	3.52424	3.44557	3.51821	0.812408	3.48904	3.57574	2.59879	4.5037	1.20804	1.501	3.50034	2.44183	3.37637	3.39119	3.61091	2.40349	4.67408	2.32131</FloatingPoint>
				<FloatingPoint size="10">	2.43266	1.45756	1.57898	1.25506	2.39703	2.54421	2.46358	1.69232	2.41463	3.56332</FloatingPoint>
			</Individual>
			<Individual size="2">
				<FitnessMin value="0.0571429"/>
				<FloatingPoint size="40">	3.4146	3.46336	3.69107	4.11535	2.55402	3.61177	1.34891	1.6774	2.60232	5.49081	1.56815	1.53315	1.48208	3.23946	1.41578	1.59544	1.38494	2.55626	3.32779	3.4744	2.57794	1.50448	3.52424	3.42867	3.51931	0.812897	3.48901	3.57574	2.59879	4.5037	1.24921	1.50094	3.49918	2.44183	3.37637	3.39128	5.19974	2.40785	4.69401	2.34782</FloatingPoint>
				<FloatingPoint size="10">	2.65921	1.47564	1.58195	1.42068	2.52059	2.58141	2.4466	1.6952	2.43102	3.53419</FloatingPoint>
			</Individual>
			<Individual size="2">
				<FitnessMin value="0.0285714"/>
				<FloatingPoint size="40">	3.41459	3.50804	3.69104	4.11541	2.55228	3.61178	1.34964	1.6774	2.60232	5.49087	1.56816	1.53082	1.48153	3.18859	1.40902	1.59534	4.38732	2.56865	3.32914	3.4744	2.57814	1.5045	3.52452	3.42931	3.51942	0.812573	3.48902	3.57578	2.68069	4.50371	1.23501	1.50094	3.49081	2.44185	3.37637	3.39129	4.16806	2.44289	4.67823	2.34128</FloatingPoint>
				<FloatingPoint size="10">	2.52283	1.5136	1.58993	1.45511	2.37204	2.66922	2.47375	1.68906	2.44746	3.56317</FloatingPoint>
			</Individual>
			<Individual size="2">
				<FitnessMin value="0.0285714"/>
				<FloatingPoint size="40">	3.4146	3.46389	3.69101	4.11527	2.55475	3.61181	1.3487	1.67737	2.60232	5.49062	1.56812	1.53688	1.48678	3.23844	1.41591	1.59573	4.38732	2.57077	3.33087	3.4744	2.5787	1.50454	3.52424	3.42454	3.51974	0.81277	3.48914	3.57573	2.59879	4.50371	1.3155	1.50071	3.49085	2.44183	3.37637	3.39127	5.45015	2.4686	4.75396	2.33617</FloatingPoint>
				<FloatingPoint size="10">	2.38506	1.42196	1.56726	1.43273	2.4022	2.53721	2.45214	1.69437	2.43211	3.55388</FloatingPoint>
			</Individual>
			<Individual size="2">
				<FitnessMin value="0.0285714"/>
				<FloatingPoint size="40">	3.4146	3.49934	3.69095	4.11531	2.55218	3.61178	1.35325	1.6774	2.60232	5.49055	1.56813	1.53271	1.48137	3.24199	1.41544	1.59541	4.38733	2.56759	3.32869	3.4744	2.57715	1.50444	3.52472	3.42664	3.51946	0.812291	3.48903	3.57575	2.59879	4.50371	1.23684	1.5009	3.50422	2.44182	3.37637	3.39187	4.32595	2.49633	4.66871	2.34206</FloatingPoint>
				<FloatingPoint size="10">	2.4	1.42069	1.56703	1.43758	2.34528	2.46834	2.45407	1.69611	2.42142	3.56428</FloatingPoint>
			</Individual>
			<Individual size="2">
				<FitnessMin value="0.0285714"/>
				<FloatingPoint size="40">	3.4146	3.46331	3.69118	4.11536	2.5526	3.6118	1.34819	1.6774	2.60232	5.49088	1.56822	1.5314	1.48699	3.23775	1.33263	1.59555	4.38733	2.56304	3.32639	3.4744	2.57807	1.50444	3.52613	3.42826	3.51856	0.811989	3.48948	3.57577	2.59879	4.5037	1.25875	1.50089	3.47188	2.44187	3.37637	3.39114	4.30301	2.43011	4.6457	2.36717</FloatingPoint>
				<FloatingPoint size="10">	2.38506	1.42196	1.56726	1.43273	2.43357	2.56215	2.45346	1.6937	2.44316	3.55074</FloatingPoint>
			</Individual>
			<Individual size="2">
				<FitnessMin value="0.0285714"/>
				<FloatingPoint size="40">	3.4146	3.4632	3.69104	4.11537	2.5503	3.61179	1.34872	1.6774	2.60232	5.49073	1.56812	1.53482	1.47994	3.26541	1.4144	1.59527	4.38734	2.55146	3.33023	3.4744	2.57853	1.50452	3.51904	3.4061	3.51965	0.812943	3.48895	3.57579	2.59676	4.50371	1.3039	1.50045	3.47598	2.44188	3.37637	3.39131	6.10115	2.49085	4.91042	2.35135</FloatingPoint>
				<FloatingPoint size="10">	2.59408	1.42654	1.59685	1.42442	2.33879	2.53752	2.44894	1.70145	2.45047	3.48996</FloatingPoint>
			</Individual>
			<Individual size="2">
				<FitnessMin value="0.0285714"/>
				<FloatingPoint size="40">	3.41459	3.46315	3.69123	4.11542	2.55346	3.61178	1.35501	1.67739	2.60232	5.49087	1.56815	1.52985	1.47808	3.05227	1.41531	1.59574	4.38732	2.56899	3.33272	3.4744	2.57727	1.5045	3.52424	3.44365	3.51829	0.812851	3.48888	3.42281	2.59879	4.50371	1.22393	1.50044	3.50618	2.44188	3.37637	3.39127	3.7068	2.53152	4.68081	2.33279</FloatingPoint>
				<FloatingPoint size="10">	2.41568	1.44571	1.5766	1.20811	2.5066	2.54559	2.45267	1.6953	2.4027	3.57323</FloatingPoint>
			</Individual>
			<Individual size="2">
				<FitnessMin value="0.0285714"/>
				<FloatingPoint size="40">	3.41464	3.4631	3.69109	4.11541	2.5529	3.61178	1.348	1.6774	2.60232	5.49086	1.56813	1.53428	1.48053	3.23887	1.41549	1.59542	4.38732	2.56027	3.32645	3.4744	2.57833	1.50449	3.52424	3.44618	3.51831	0.812914	3.489	3.57574	2.59879	4.5037	1.32009	1.50094	3.49661	2.44184	3.37637	3.39127	3.67882	2.48148	4.68972	2.35383</FloatingPoint>
				<FloatingPoint size="10">	2.44954	1.26236	1.58964	1.43307	2.54735	2.52302	2.45263	1.68859	2.42332	3.56103</FloatingPoint>
			</Individual>
			<Individual size="2">
				<FitnessMin value="0.0285714"/>
				<FloatingPoint size="40">	3.4146	3.4635	3.69115	4.11536	2.55339	3.61179	1.34988	1.67737	2.60232	5.49057	1.56817	1.52931	1.47851	3.23996	1.41548	1.59545	4.38732	2.55881	3.33082	3.4744	2.57832	1.47049	3.5272	3.45777	3.51848	0.8126	3.48908	3.57574	2.59879	4.5037	1.23684	1.50104	3.49826	2.44182	3.37637	3.39143	4.0523	2.41385	4.65604	2.33204</FloatingPoint>
				<FloatingPoint size="10">	2.55571	1.48169	1.58405	1.44427	2.4759	2.66566	2.4503	1.69444	2.44542	3.53581</FloatingPoint>
			</Individual>
			<Individual size="2">
				<FitnessMin value="0.0285714"/>
				<FloatingPoint size="40">	3.4146	3.46317	3.69104	4.11533	2.55245	3.61178	1.34847	1.67739	2.60232	5.49076	1.56813	1.53547	1.4781	3.25013	1.41578	1.59543	4.38733	2.55987	3.33073	3.4744	2.57854	1.5045	3.51664	3.43702	3.51879	0.812907	3.48906	3.57577	2.59879	4.50371	1.22051	1.5009	3.50274	2.44184	3.37637	3.3913	3.81123	2.44063	4.73758	2.35845</FloatingPoint>
				<FloatingPoint size="10">	2.56849	1.42239	1.56737	1.29305	2.40793	2.36763	2.45776	1.69354	2.43476	3.48448</FloatingPoint>
			</Individual>
			<Individual size="2">
				<FitnessMin value="0.133333"/>
				<FloatingPoint size="40">	3.4146	3.46323	3.69113	4.11538	2.5533	3.61179	1.35106	1.67739	2.60232	5.49079	1.56819	1.53017	6.52068	3.24056	1.41554	1.59542	4.38732	2.55278	3.33117	3.4744	2.57808	1.50446	3.52424	3.44942	3.51838	0.812734	3.48907	3.57575	2.59879	4.5037	1.21878	1.50097	3.49455	2.44183	3.37637	3.39144	4.11439	2.41243	4.61758	2.34167</FloatingPoint>
				<FloatingPoint size="10">	2.55571	1.48169	1.58405	1.44427	2.4759	2.66566	2.4503	1.69444	2.44542	3.53581</FloatingPoint>
			</Individual>
			<Individual size="2">
				<FitnessMin value="0.0761905"/>
				<FloatingPoint size="40">	3.4146	3.46354	3.6911	4.1154	2.55271	3.6118	1.35226	1.67738	2.60232	5.49074	1.56824	1.53287	1.48341	3.23929	1.41556	1.59559	4.38732	2.56444	3.33044	3.4744	2.57818	1.50454	3.50063	3.44047	3.519	0.812896	3.48898	3.57575	5.65927	4.50371	1.31555	1.50087	3.49716	2.44185	3.37637	3.39152	4.00405	2.44541	4.66419	2.33942</FloatingPoint>
				<FloatingPoint size="10">	2.56352	1.33746	1.58467	1.43012	2.52675	2.52205	2.44948	1.69865	2.42637	3.5576</FloatingPoint>
			</Individual>
			<Individual size="2">
				<FitnessMin value="0.104762"/>
				<FloatingPoint size="40">	3.4146	3.4633	3.69117	4.1154	2.5527	3.61178	1.35072	1.67739	2.60232	5.49088	1.56818	1.52976	1.48235	3.23948	1.39956	1.59542	4.38733	2.53427	3.32974	3.4744	2.5781	1.50448	3.52612	3.43381	3.51834	0.812265	3.48909	3.57575	2.59879	4.5037	1.23158	1.5009	3.48387	2.44184	3.37637	3.39114	3.7872	2.41837	4.64774	2.34546</FloatingPoint>
				<FloatingPoint size="10">	2.38506	1.42196	1.56726	1.43273	2.43357	2.56215	2.45346	2.66372	2.44316	3.55074</FloatingPoint>
			</Individual>
			<Individual size="2">
				<FitnessMin value="0.0285714"/>
				<FloatingPoint size="40">	3.4146	3.46334	3.6911	4.11534	2.55397	3.6118	1.72102	1.67738	2.60232	5.49074	1.56812	1.53558	1.48366	3.18376	1.4157	1.59569	4.38733	2.56054	3.32879	3.4744	2.57851	1.50456	3.52642	3.42483	3.51948	0.811527	3.48911	3.57577	2.59879	4.50371	1.31779	1.50076	3.47969	2.44186	3.37637	3.3914	4.60458	2.47504	4.70638	2.34669</FloatingPoint>
				<FloatingPoint size="10">	2.51584	1.42696	1.58415	1.4067	2.36247	2.5427	2.4505	1.69219	2.43605	3.55756</FloatingPoint>
			</Individual>
			<Individual size="2">
				<FitnessMin value="0.0285714"/>
				<FloatingPoint size="40">	3.41459	3.46315	3.69103	4.11542	2.55352	3.61178	1.34855	1.6774	2.60232	5.49087	1.56815	1.52997	1.48176	3.02283	1.41529	1.59518	4.38732	2.57107	3.33319	3.4744	2.57835	1.5045	3.52452	3.44263	3.51948	0.812874	3.48889	3.57578	2.78451	4.50371	1.22465	1.50085	3.49788	2.44189	3.37637	3.39123	3.70692	2.43393	4.67848	2.33104</FloatingPoint>
				<FloatingPoint size="10">	2.46926	1.49987	1.58939	1.44976	2.36794	2.65796	2.46975	1.69214	2.44391	3.56209</FloatingPoint>
			</Individual>
			<Individual size="2">
				<FitnessMin value="0.0285714"/>
				<FloatingPoint size="40">	3.41459	3.46324	3.69116	4.11543	2.55335	3.61179	1.35406	1.67739	2.60232	5.48983	1.56812	1.52005	1.47707	3.17514	1.41566	1.59521	4.38732	2.56935	3.33348	3.4744	2.57867	1.5045	3.4888	3.51578	3.51862	0.812445	3.4889	3.57573	2.59879	4.50371	1.20792	1.50111	3.5168	2.44183	3.37636	3.39076	3.57441	2.38764	4.75312	2.28633</FloatingPoint>
				<FloatingPoint size="10">	2.4999	1.10573	1.58994	1.42743	2.33815	2.53292	2.44386	1.68309	2.43738	3.5656</FloatingPoint>
			</Individual>
			<Individual size="2">
				<FitnessMin value="0.0285714"/>
				<FloatingPoint size="40">	3.4146	3.46323	3.69092	4.11524	2.55142	3.61178	1.34829	1.67739	2.60232	5.49107	1.56813	1.5377	1.49999	3.23801	1.4157	1.59584	4.38732	2.57173	3.33194	3.4744	2.57831	1.50453	3.52424	3.42455	3.51943	0.810946	3.48888	3.5758	2.59879	4.50371	1.34013	1.50044	3.47861	2.44188	3.37637	3.39127	3.7068	2.53152	4.66186	2.35495</FloatingPoint>
				<FloatingPoint size="10">	2.52283	1.5136	1.58993	1.45511	2.37204	2.66922	2.46692	1.69185	2.43919	3.55862</FloatingPoint>
			</Individual>
			<Individual size="2">
				<FitnessMin value="0.0285714"/>
				<FloatingPoint size="40">	3.4146	3.46321	3.69117	4.11538	2.55268	3.61179	1.3498	1.67739	2.60232	5.49089	1.56817	1.53002	1.48309	3.23813	1.37407	1.59546	4.38733	2.56389	3.3258	3.4744	2.5782	1.50447	3.52518	3.43714	3.51838	0.812435	3.48924	3.57575	2.59879	4.5037	1.21224	1.50091	3.48405	2.44185	3.37637	3.39114	3.96496	2.45101	4.66078	2.36018</FloatingPoint>
				<FloatingPoint size="10">	2.74618	1.50697	1.58391	1.42901	2.57291	2.54577	2.44845	1.69045	2.52094	3.54195</FloatingPoint>
			</Individual>
			<Individual size="2">
				<FitnessMin value="0.0285714"/>
				<FloatingPoint size="40">	3.41459	3.46315	3.69103	4.11542	2.55352	3.61178	1.34855	1.6774	2.60232	5.49087	1.56815	1.52997	1.48176	3.02283	1.41529	1.59518	4.38732	2.57107	3.33319	3.4744	2.57835	1.5045	3.52452	3.44263	3.51948	0.812874	3.48889	3.57578	2.78451	4.50371	1.22465	1.50085	3.49788	2.44189	3.37637	3.39123	3.70692	2.43393	4.67848	2.33104</FloatingPoint>
				<FloatingPoint size="10">	2.52283	1.5136	1.58993	1.45511	2.37204	2.66922	2.47375	1.68906	2.44746	3.56317</FloatingPoint>
			</Individual>
			<Individual size="2">
				<FitnessMin value="0.0285714"/>
				<FloatingPoint size="40">	3.41459	3.46335	3.69123	4.11542	2.55144	3.61178	1.34811	1.67739	2.60232	5.49095	1.56813	1.52985	1.4769	3.05227	1.41569	1.59574	4.38732	2.57208	3.32675	3.4744	2.57831	1.50453	3.52424	3.42455	3.51943	0.810946	3.48888	3.5758	2.59879	4.50371	1.34013	1.50044	3.47861	2.44188	3.37637	3.39127	3.7068	2.53152	4.66186	2.35495</FloatingPoint>
				<FloatingPoint size="10">	2.43224	1.43331	1.56732	1.20629	2.32689	2.18088	2.44707	1.70794	2.40171	3.56273</FloatingPoint>
			</Individual>
			<Individual size="2">
				<FitnessMin value="0.0285714"/>
				<FloatingPoint size="40">	3.41459	3.4631	3.69114	4.11536	2.55172	3.61179	1.348	1.6774	2.60232	5.49086	1.56813	1.53428	1.48053	3.12908	1.41549	1.59565	4.38733	2.55031	3.3267	3.4744	2.57833	1.50459	3.5286	3.42512	3.51922	0.810285	3.48908	3.57581	2.59879	4.50371	1.32009	1.5008	3.46853	2.44189	3.37637	3.39132	3.75901	2.48148	4.65881	2.3572</FloatingPoint>
				<FloatingPoint size="10">	2.44333	1.50422	1.58328	1.4193	2.36256	2.58613	2.46059	1.69402	2.43268	3.57274</FloatingPoint>
			</Individual>
			<Individual size="2">
				<FitnessMin value="0.0285714"/>
				<FloatingPoint size="40">	3.4146	3.46334	3.69097	4.11527	2.55206	3.61178	1.34854	1.67738	2.60231	5.49096	1.56813	1.53369	1.48742	3.22728	1.41568	1.59597	4.38733	2.56326	3.32869	3.4744	2.57829	1.50449	3.52424	3.41976	3.51973	0.811398	3.48895	3.57576	2.59879	4.50371	1.30669	1.50055	3.48622	2.44181	3.37637	3.39209	3.89081	2.53831	5.08702	2.36485</FloatingPoint>
				<FloatingPoint size="10">	2.43113	1.43299	1.56997	1.21091	2.66523	2.35035	2.44642	1.70165	2.4052	3.57849</FloatingPoint>
			</Individual>
			<Individual size="2">
				<FitnessMin value="0.0285714"/>
				<FloatingPoint size="40">	3.41459	3.46348	3.69109	4.11534	2.55336	3.61178	1.34884	1.67739	2.60232	5.49053	1.56813	1.53302	1.48473	3.23894	1.41544	1.59548	4.38732	2.55556	3.33082	3.4744	2.57764	1.5045	3.52542	3.4362	3.51928	0.812238	3.48908	3.57574	2.59879	4.50371	1.26221	1.5008	3.50369	2.44181	3.37637	3.39167	5.58542	2.46161	4.64115	2.31815</FloatingPoint>
				<FloatingPoint size="10">	2.56352	1.42141	1.58705	1.54557	2.35859	2.61491	2.45019	1.69123	2.4953	3.54162</FloatingPoint>
			</Individual>
			<Individual size="2">
				<FitnessMin value="0.0285714"/>
				<FloatingPoint size="40">	3.4146	3.46334	3.69097	4.11527	2.55206	3.61178	1.34854	1.67738	2.60231	5.49096	1.56813	1.53369	1.48742	3.22728	1.41568	1.59597	4.38733	2.56326	3.32869	3.4744	2.57829	1.50449	3.52424	3.41976	3.51973	0.811398	3.48895	3.57576	2.59879	4.50371	1.30669	1.50055	3.48622	2.44181	3.37637	3.39209	3.89081	2.53831	5.08702	2.36485</FloatingPoint>
				<FloatingPoint size="10">	2.4174	1.43473	1.57617	1.27429	2.62549	2.49664	2.45071	1.69904	2.41119	3.55276</FloatingPoint>
			</Individual>
			<Individual size="2">
				<FitnessMin value="0.0285714"/>
				<FloatingPoint size="40">	3.4146	3.46314	3.69115	4.11541	2.55276	3.61178	1.35281	1.67739	2.60232	5.49088	1.56813	1.52957	1.47649	3.2396	1.41537	1.59536	4.38732	2.53364	3.33065	3.4744	2.57831	1.5045	3.52424	3.44557	3.51821	0.812408	3.48904	3.57574	2.59879	4.5037	1.20804	1.501	3.50034	2.44183	3.37637	3.39119	3.61091	2.40349	4.67408	2.32131</FloatingPoint>
				<FloatingPoint size="10">	2.38921	1.42909	1.5695	1.40792	2.46007	2.52256	2.45174	1.68411	2.42168	3.56674</FloatingPoint>
			</Individual>
			<Individual size="2">
				<FitnessMin value="0.0285714"/>
				<FloatingPoint size="40">	3.4146	3.46324	3.69114	4.11518	2.55266	3.61178	1.34811	1.67739	2.60232	5.49093	1.56813	1.52925	1.46473	3.13871	1.41565	1.59589	4.38732	2.57139	3.3319	3.4744	2.57831	1.50451	3.52424	3.42429	3.5194	0.811083	3.48897	3.57578	2.59879	4.50371	1.33401	1.50055	3.47705	2.4416	3.37637	3.39128	3.65389	2.47068	4.66167	2.35502</FloatingPoint>
				<FloatingPoint size="10">	2.49987	1.50448	1.58839	1.4409	2.59096	2.55526	2.45308	1.67925	2.46185	3.56073</FloatingPoint>
			</Individual>
			<Individual size="2">
				<FitnessMin value="0.0285714"/>
				<FloatingPoint size="40">	3.41459	3.46313	3.69119	4.11539	2.55209	3.6118	1.34775	1.67747	2.60232	5.49085	1.56871	1.53162	1.48369	3.23859	1.41552	1.5957	4.38733	2.56325	3.32712	3.4744	2.57769	1.50459	3.48928	3.44481	3.51936	0.812855	3.48889	3.57578	2.59879	4.50371	1.31448	1.50086	3.49864	2.44188	3.37637	3.39402	4.56775	2.44531	4.64907	2.3423</FloatingPoint>
				<FloatingPoint size="10">	2.65921	1.47564	1.58195	1.42068	2.52059	2.58141	2.4466	1.6952	2.4258	3.53419</FloatingPoint>
			</Individual>
			<Individual size="2">
				<FitnessMin value="0.0285714"/>
				<FloatingPoint size="40">	3.4146	3.46321	3.69117	4.11538	2.55268	3.61179	1.3498	1.67739	2.60232	5.49089	1.56817	1.53002	1.48309	3.23813	1.37407	1.59546	4.38733	2.56389	3.3258	3.4744	2.5782	1.50447	3.52518	3.43714	3.51838	0.812435	3.48924	3.57575	2.59879	4.5037	1.21224	1.50091	3.48405	2.44185	3.37637	3.39114	3.96496	2.45101	4.66078	2.36018</FloatingPoint>
				<FloatingPoint size="10">	2.49987	1.50448	1.58839	1.4409	2.59096	2.53874	2.45308	1.67925	2.46185	3.56073</FloatingPoint>
			</Individual>
			<Individual size="2">
				<FitnessMin value="0.0285714"/>
				<FloatingPoint size="40">	3.41462	3.46391	3.69119	4.11535	2.55343	3.61178	1.34861	1.67734	2.60232	5.49022	1.56813	1.52825	1.47843	3.23907	1.41534	1.59547	4.38732	2.56976	3.3302	3.4744	2.57867	1.4158	3.53198	3.47047	3.51863	0.81242	3.48909	3.57574	2.59879	4.5037	1.26655	1.50115	3.50611	2.44182	3.37636	3.39138	3.85503	2.42196	4.73168	2.31518</FloatingPoint>
				<FloatingPoint size="10">	2.56849	1.42134	1.57848	1.40757	2.4522	2.57696	2.45424	1.6933	2.44972	3.55493</FloatingPoint>
			</Individual>
			<Individual size="2">
				<FitnessMin value="0.0285714"/>
				<FloatingPoint size="40">	3.41459	3.46318	3.69102	4.11535	2.55055	3.61179	1.3487	1.67739	2.60232	5.49072	1.56813	1.53453	1.48031	3.02092	1.41442	1.59499	4.38733	2.55748	3.33104	3.4744	2.57852	1.50451	3.51554	3.40806	3.51957	0.812879	3.48905	3.57578	2.74786	4.50371	1.27023	1.50066	3.48062	2.4419	3.37637	3.39126	5.13833	2.47276	4.77712	2.35556</FloatingPoint>
				<FloatingPoint size="10">	2.46926	1.49987	1.58939	1.44976	2.36794	2.65796	2.46975	1.69214	2.44391	3.56209</FloatingPoint>
			</Individual>
			<Individual size="2">
				<FitnessMin value="0.0285714"/>
				<FloatingPoint size="40">	3.4146	3.46315	3.69113	4.11542	2.55346	3.61179	1.35501	1.6774	2.60232	5.49087	1.56815	1.53227	1.47808	3.24751	1.41531	1.59515	4.38732	2.56899	3.33272	3.4744	2.57727	1.5045	3.5245	3.44365	3.51829	0.812851	3.48902	3.57578	2.59879	4.50371	1.22393	1.50093	3.50618	2.44182	3.37637	3.39128	3.70926	2.43794	4.68081	2.33279</FloatingPoint>
				<FloatingPoint size="10">	2.65921	1.46748	1.5774	1.40606	2.38715	2.5819	2.45215	1.69872	2.44682	3.52188</FloatingPoint>
			</Individual>
			<Individual size="2">
				<FitnessMin value="0.0285714"/>
				<FloatingPoint size="40">	3.4146	3.46389	3.69101	4.11527	2.55475	3.61181	1.3487	1.67737	2.60232	5.49062	1.56812	1.53688	1.48678	3.23844	1.41591	1.59573	4.38732	2.57077	3.33087	3.4744	2.5787	1.50454	3.52424	3.42454	3.51974	0.81277	3.48914	3.57573	2.59879	4.50371	1.3155	1.50071	3.49085	2.44183	3.37637	3.39127	5.45015	2.4686	4.75396	2.33617</FloatingPoint>
				<FloatingPoint size="10">	2.63614	1.42446	1.5734	1.36111	2.29509	2.4988	2.45124	1.69551	2.417	3.55748</FloatingPoint>
			</Individual>
			<Individual size="2">
				<FitnessMin value="0.0285714"/>
				<FloatingPoint size="40">	3.4146	3.46351	3.69111	4.11536	2.55366	3.61179	1.34845	1.67738	2.60232	5.49059	1.56812	1.5314	1.48175	3.23794	1.41562	1.59552	4.38732	2.56667	3.32991	3.4744	2.57856	1.50452	3.52523	3.44471	3.51915	0.812453	3.48904	3.57574	2.59879	4.5037	1.28095	1.50088	3.50159	2.44181	3.37637	3.39137	4.43474	2.45039	4.79764	2.33078</FloatingPoint>
				<FloatingPoint size="10">	2.51584	1.44518	1.57465	1.45385	2.37934	2.51569	2.45174	1.69123	2.44428	3.54162</FloatingPoint>
			</Individual>
			<Individual size="2">
				<FitnessMin value="0.0285714"/>
				<FloatingPoint size="40">	3.4146	3.46326	3.69118	4.11542	2.55243	3.61178	1.35148	1.6774	2.60232	5.49091	1.56813	1.52965	1.47782	3.14509	1.41546	1.59548	4.38732	2.57057	3.32971	3.4744	2.57831	1.50452	3.52424	3.4451	3.51886	0.81164	3.48898	3.57577	2.59879	4.50371	1.27676	1.50071	3.49473	2.44185	3.37637	3.39139	3.65877	2.47028	4.66863	2.33895</FloatingPoint>
				<FloatingPoint size="10">	2.49987	1.50448	1.58839	1.43307	2.54735	2.52302	2.45308	1.67925	2.42332	3.56073</FloatingPoint>
			</Individual>
			<Individual size="2">
				<FitnessMin value="0.0285714"/>
				<FloatingPoint size="40">	3.4146	3.46315	3.69113	4.11542	2.55346	3.61179	1.34833	1.67739	2.60232	5.49074	1.56815	1.52991	1.47808	3.23863	1.41555	1.59541	4.38732	2.55815	3.33272	3.4744	2.57841	1.5045	3.52424	3.44365	3.51837	0.812834	3.48906	3.57574	2.59879	4.5037	1.2165	1.50093	3.50618	2.44182	3.37636	3.35916	3.62528	2.43794	4.72456	2.33279</FloatingPoint>
				<FloatingPoint size="10">	2.61739	1.38296	1.58338	1.41855	2.485	2.56393	2.44578	1.69469	2.43209	3.48254</FloatingPoint>
			</Individual>
			<Individual size="2">
				<FitnessMin value="0.0285714"/>
				<FloatingPoint size="40">	3.41459	3.46335	3.69123	4.11542	2.55144	3.61178	1.34811	1.67739	2.60232	5.49095	1.56813	1.52985	1.04166	3.05227	1.41569	1.59574	4.38732	2.57208	3.32675	3.4744	2.57831	1.50453	3.52424	3.42455	3.51943	0.810946	3.48888	3.42281	2.59879	4.50371	1.34013	1.50044	3.47861	2.44188	3.37637	3.39127	3.7068	2.53152	4.66186	2.35495</FloatingPoint>
				<FloatingPoint size="10">	2.41568	1.44571	1.5766	1.20811	2.5066	2.54559	2.45267	1.6953	2.4027	3.57323</FloatingPoint>
			</Individual>
			<Individual size="2">
				<FitnessMin value="0.0285714"/>
				<FloatingPoint size="40">	3.4146	3.46358	3.69104	4.11534	2.554	3.6118	1.34857	1.67737	2.60232	5.49062	1.56812	1.53376	1.48656	3.23699	1.41582	1.59562	4.38732	2.56377	3.33042	3.4744	2.57852	1.50454	3.52136	3.4342	3.51974	0.8124	3.48905	3.57574	2.59879	4.50371	1.2991	1.50073	3.50003	2.44179	3.37637	3.39143	5.23261	2.45602	4.89997	2.33599</FloatingPoint>
				<FloatingPoint size="10">	2.5311	1.45077	1.57742	1.3476	2.35617	2.61242	2.46802	1.69311	2.44323	3.56827</FloatingPoint>
			</Individual>
			<Individual size="2">
				<FitnessMin value="0.0285714"/>
				<FloatingPoint size="40">	3.4146	3.46316	3.69113	4.11543	2.55341	3.61178	1.34835	1.67741	2.60232	5.49048	1.56813	1.52944	1.47879	3.24238	1.41522	1.59521	4.38732	2.569	3.3328	3.4744	2.57831	1.5045	3.52424	3.46663	3.51825	0.812367	3.48908	3.57573	2.59879	4.5037	1.21035	1.501	3.51162	2.44181	3.37637	3.39152	3.60843	2.40609	3.58639	2.32218</FloatingPoint>
				<FloatingPoint size="10">	2.50023	1.44503	1.59305	1.438	2.34249	2.64582	2.46318	1.69139	2.44978	3.53853</FloatingPoint>
			</Individual>
			<Individual size="2">
				<FitnessMin value="0.0285714"/>
				<FloatingPoint size="40">	3.4146	3.52243	3.6909	4.1154	2.5521	3.61179	1.35501	1.67741	2.60232	5.49087	1.56813	1.53227	1.48125	3.24511	1.41531	1.59515	4.38732	2.56899	3.33346	3.4744	2.57727	1.50446	3.5245	3.42532	3.51829	0.812851	3.48902	3.57578	2.59879	4.50371	1.22393	1.50097	3.51081	2.44182	3.37637	3.39218	3.70926	2.53188	4.68081	2.35269</FloatingPoint>
				<FloatingPoint size="10">	2.3892	1.41842	1.57085	1.43762	2.35056	2.50037	2.45352	1.69338	2.42834	3.56493</FloatingPoint>
			</Individual>
			<Individual size="2">
				<FitnessMin value="0.0285714"/>
				<FloatingPoint size="40">	3.4146	3.46335	3.69107	4.11531	2.55418	3.6118	1.34821	1.6774	2.60232	5.49088	1.56821	1.53058	1.48739	3.24154	1.41379	1.59555	4.38733	2.56304	3.32629	3.4744	2.57797	1.50441	3.52652	3.43613	3.51856	0.811716	3.48955	3.57575	2.59879	4.5037	1.26681	1.50086	3.47367	2.44186	3.37638	3.39154	4.61471	2.42818	4.55648	2.36594</FloatingPoint>
				<FloatingPoint size="10">	2.47231	1.42557	1.57704	1.4329	2.46422	2.52421	2.45479	1.69985	2.44004	3.5617</FloatingPoint>
			</Individual>
			<Individual size="2">
				<FitnessMin value="0.0285714"/>
				<FloatingPoint size="40">	3.4146	3.46326	3.69118	4.11542	2.55243	3.61178	1.35148	1.6774	2.60232	5.49091	1.56813	1.52965	1.47782	3.14509	1.41546	1.59548	4.38732	2.57057	3.32971	3.4744	2.57831	1.50452	3.52424	3.4451	3.51886	0.81164	3.48898	3.57577	2.59879	4.50371	1.27676	1.50071	3.49473	2.44185	3.37637	3.39139	3.65877	2.47028	4.66863	2.33895</FloatingPoint>
				<FloatingPoint size="10">	2.49987	1.50448	1.58839	1.4409	2.59096	2.55526	2.45308	1.67925	2.46185	3.56073</FloatingPoint>
			</Individual>
			<Individual size="2">
				<FitnessMin value="0.0285714"/>
				<FloatingPoint size="40">	3.4146	3.46315	3.69113	4.11542	2.55346	3.61179	1.35501	1.6774	2.60232	5.49087	1.56815	1.53227	1.47808	3.24751	1.41531	1.59515	4.38732	2.56899	3.33272	3.4744	2.57727	1.5045	3.5245	3.44365	3.51829	0.812851	3.48902	3.57578	2.59879	4.50371	1.22393	1.50093	3.50618	2.44182	3.37637	3.39128	3.70926	2.43794	4.68081	2.33279</FloatingPoint>
				<FloatingPoint size="10">	2.56849	1.47451	1.58951	1.45021	2.49811	2.66814	2.45036	1.6903	2.44688	3.56603</FloatingPoint>
			</Individual>
			<Individual size="2">
				<FitnessMin value="0.0571429"/>
				<FloatingPoint size="40">	3.4146	0.0327899	3.69104	4.11533	2.55244	3.61178	1.34847	1.67739	2.60232	5.49076	1.56813	1.53547	1.47808	3.2501	1.41578	1.59543	4.38733	2.55985	3.33073	3.4744	2.57854	1.5045	3.51662	3.43705	3.51879	0.812907	3.48906	3.57577	2.59879	4.50371	1.22029	1.5009	3.50277	2.44184	3.37637	3.3913	3.80761	2.44057	4.73756	2.35851</FloatingPoint>
				<FloatingPoint size="10">	2.41541	1.44418	1.57072	1.3708	2.50505	2.54877	2.45244	1.69458	2.43105	3.5124</FloatingPoint>
			</Individual>
			<Individual size="2">
				<FitnessMin value="0.0285714"/>
				<FloatingPoint size="40">	3.4146	3.46335	3.69111	4.11535	2.5528	3.61178	1.34804	1.67739	2.60232	5.49078	1.56815	1.53332	1.49423	3.23785	1.4156	1.59589	4.38732	2.5592	3.33166	3.4744	2.57803	1.50453	3.51339	3.45464	3.51938	0.812535	3.48903	3.57575	2.59879	4.50371	1.27158	1.50052	3.50912	2.44187	3.37637	3.39129	3.81814	2.49298	4.68566	2.31998</FloatingPoint>
				<FloatingPoint size="10">	2.38804	1.42619	1.56737	1.32895	2.40793	2.55495	2.45776	1.69354	2.43476	3.48448</FloatingPoint>
			</Individual>
			<Individual size="2">
				<FitnessMin value="0.0285714"/>
				<FloatingPoint size="40">	3.4146	3.46317	3.69113	4.11541	2.55275	3.61178	1.35405	1.6774	2.60232	5.49086	1.56813	1.53175	1.47703	3.24085	1.41531	1.59527	4.38732	2.55889	3.33087	3.4744	2.57781	1.5045	3.52429	3.44583	3.51832	0.812904	3.48902	3.57576	2.59879	4.50371	1.22183	1.50095	3.50363	2.44183	3.37637	3.39127	3.64133	2.44078	4.68433	2.33507</FloatingPoint>
				<FloatingPoint size="10">	2.3892	1.44277	1.57977	1.42226	2.48875	2.55001	2.4532	1.6956	2.43722	3.55629</FloatingPoint>
			</Individual>
			<Individual size="2">
				<FitnessMin value="0.0285714"/>
				<FloatingPoint size="40">	3.4146	3.46389	3.69101	4.11527	2.55475	3.61181	1.3487	1.67737	2.60232	5.49062	1.56812	1.53688	1.48678	3.23844	1.41591	1.59573	4.38732	2.57077	3.33087	3.4744	2.5787	1.50454	3.52424	3.42454	3.51974	0.81277	3.48914	3.57573	2.59879	4.50371	1.3155	1.50071	3.49085	2.44183	3.37637	3.39127	5.45015	2.4686	4.75396	2.33617</FloatingPoint>
				<FloatingPoint size="10">	2.42372	1.4291	1.56993	1.38943	2.4734	2.54957	2.44609	1.68703	2.42724	3.56774</FloatingPoint>
			</Individual>
			<Individual size="2">
				<FitnessMin value="0.0285714"/>
				<FloatingPoint size="40">	3.4146	3.46314	3.69115	4.11541	2.55276	3.61178	1.35281	1.67739	2.60232	5.49088	1.56813	1.52957	1.47649	3.2396	1.41537	1.59536	4.38732	2.53364	3.33065	3.4744	2.57831	1.5045	3.52424	3.44557	3.51821	0.812408	3.48904	3.57574	2.59879	4.5037	1.20804	1.501	3.50034	2.44183	3.37637	3.39119	3.61091	2.40349	4.67408	2.32131</FloatingPoint>
				<FloatingPoint size="10">	2.4174	1.46281	1.58909	1.43915	2.40855	2.61352	2.4591	1.68542	2.42301	3.56251</FloatingPoint>
			</Individual>
			<Individual size="2">
				<FitnessMin value="0.0285714"/>
				<FloatingPoint size="40">	3.41459	3.4631	3.69114	4.11536	2.55172	3.61179	1.348	1.6774	2.60232	5.49087	1.56813	1.53428	1.48053	3.12908	1.41549	1.59565	4.38733	2.55031	3.3267	3.4744	2.57833	1.50459	3.5286	3.42512	3.51922	0.810285	3.48908	3.57581	2.59879	4.50371	1.32009	1.5008	3.46853	2.44189	3.37637	3.39153	3.75901	2.48148	4.65881	2.3572</FloatingPoint>
				<FloatingPoint size="10">	2.54599	1.42134	1.57848	1.40757	2.4522	2.57696	2.45424	1.6933	2.44972	3.55493</FloatingPoint>
			</Individual>
			<Individual size="2">
				<FitnessMin value="0.0285714"/>
				<FloatingPoint size="40">	3.4146	3.4629	3.69102	4.11552	2.55412	3.61177	1.34797	1.67742	2.60232	5.49088	1.56813	1.52965	1.48702	3.1935	1.41499	1.59443	4.3873	2.58467	3.33909	3.4744	2.57835	1.50455	3.52473	3.46874	3.51671	0.813728	3.48903	3.57573	2.93134	4.5037	1.1553	1.501	3.50117	2.442	3.37638	3.3903	3.20031	2.34418	3.94378	2.29607</FloatingPoint>
				<FloatingPoint size="10">	2.38307	1.43297	1.57621	1.43265	2.40727	2.53451	2.45235	1.68899	2.44573	3.53897</FloatingPoint>
			</Individual>
			<Individual size="2">
				<FitnessMin value="0.0285714"/>
				<FloatingPoint size="40">	3.4146	3.46315	3.69114	4.1154	2.55244	3.61178	1.35227	1.67739	2.60232	5.49086	1.56813	1.53026	1.47694	3.24299	1.41524	1.59535	4.38732	2.53598	3.3306	3.4744	2.57834	1.5045	3.52355	3.44038	3.5184	0.812479	3.48903	3.57575	2.59853	4.5037	1.22063	1.50093	3.49714	2.44184	3.37637	3.3912	3.93803	6.31704	4.70512	2.32526</FloatingPoint>
				<FloatingPoint size="10">	2.61384	1.48157	1.57807	1.44291	2.41242	2.52518	2.45263	1.68077	2.45247	3.54711</FloatingPoint>
			</Individual>
			<Individual size="2">
				<FitnessMin value="0.0285714"/>
				<FloatingPoint size="40">	3.41459	3.46331	3.6909	4.11536	2.5513	3.61178	1.34833	1.67739	2.60232	5.49071	1.56813	1.53097	1.18702	3.12307	1.41571	1.5958	4.38733	2.57635	3.3343	3.4744	2.57813	1.50455	3.5231	3.41937	3.51932	0.813673	3.48892	3.57576	2.59879	4.50371	1.26003	1.50085	3.43714	2.44187	3.37637	3.3913	3.70728	2.60917	4.73201	2.35783</FloatingPoint>
				<FloatingPoint size="10">	2.56849	1.42239	1.56737	1.29305	2.40793	2.36763	2.45776	1.69354	2.43476	3.48448</FloatingPoint>
			</Individual>
			<Individual size="2">
				<FitnessMin value="0.0285714"/>
				<FloatingPoint size="40">	3.4146	3.46343	3.69118	4.11538	2.55332	3.61178	1.34833	1.6774	2.60232	5.49057	1.56813	1.52904	1.47695	3.23889	1.41542	1.59542	4.38732	2.56956	3.32939	3.4744	2.5786	1.50451	3.52909	3.45522	3.51857	0.812507	3.48902	3.57574	2.59879	4.5037	1.2628	1.50104	3.50315	2.44183	3.37637	3.3913	3.63687	2.44476	4.69531	2.32557</FloatingPoint>
				<FloatingPoint size="10">	2.56352	1.40894	1.57465	1.6087	2.35859	2.51569	2.45174	1.69123	2.41325	3.54162</FloatingPoint>
			</Individual>
			<Individual size="2">
				<FitnessMin value="0.0285714"/>
				<FloatingPoint size="40">	3.4146	3.46389	3.69101	4.11527	2.55475	3.61181	1.3487	1.67737	2.60232	5.49062	1.56812	1.53688	1.48678	3.23844	1.41591	1.59573	4.38732	2.57077	3.33087	3.4744	2.5787	1.50454	3.52424	3.42454	3.51974	0.81277	3.48914	3.57573	2.59879	4.50371	1.3155	1.50071	3.49085	2.44183	3.37637	3.39127	5.45015	2.4686	4.75396	2.33617</FloatingPoint>
				<FloatingPoint size="10">	2.61174	1.42479	1.57607	1.38708	2.34742	2.51438	2.45234	1.69699	2.4276	3.55944</FloatingPoint>
			</Individual>
			<Individual size="2">
				<FitnessMin value="0.0285714"/>
				<FloatingPoint size="40">	3.4146	3.4928	3.69103	4.11538	2.55295	3.61179	1.35177	1.6774	2.60232	5.49083	1.56821	1.53143	1.48035	3.24273	1.41551	1.59528	4.38732	2.56784	3.33081	3.4744	2.57636	1.50448	3.52447	3.43583	3.51872	0.812921	3.48904	3.57577	2.61132	4.50371	1.22472	1.50095	3.49938	2.44185	3.37637	3.39187	4.22312	2.47563	4.657	2.35538</FloatingPoint>
				<FloatingPoint size="10">	2.52283	1.41942	1.57064	1.36093	2.34515	2.51685	2.45504	1.70026	2.42605	3.48663</FloatingPoint>
			</Individual>
			<Individual size="2">
				<FitnessMin value="0.0285714"/>
				<FloatingPoint size="40">	3.41459	3.51371	3.69108	4.1154	2.55211	3.61179	1.35227	1.6774	2.60232	5.49087	1.56819	1.53145	1.48156	3.24159	1.39715	1.59542	4.38733	2.56592	3.32656	3.4744	2.57798	1.50446	3.52538	3.42618	3.51839	0.812094	3.48909	3.57578	2.59879	4.50371	1.24824	1.50095	3.47891	2.44184	3.37637	3.39135	4.23939	2.45909	4.67104	2.35761</FloatingPoint>
				<FloatingPoint size="10">	2.52283	1.41942	1.57064	1.36093	2.34515	2.51685	2.45504	1.70026	2.42605	3.48663</FloatingPoint>
			</Individual>
			<Individual size="2">
				<FitnessMin value="0.0285714"/>
				<FloatingPoint size="40">	3.4146	3.4632	3.69113	4.1154	2.55339	3.61179	1.34951	1.6774	2.60232	5.49063	1.56816	1.52971	1.47868	3.24145	1.41539	1.59532	4.38732	2.5605	3.33201	3.4744	2.57821	1.50448	3.52424	3.45826	3.51832	0.812539	3.48908	3.57574	2.59879	4.5037	1.21437	1.50099	3.5025	2.44182	3.37637	3.39149	3.89164	2.40745	4.09772	2.33235</FloatingPoint>
				<FloatingPoint size="10">	2.47311	1.47839	1.58085	1.39731	2.46118	2.55161	2.26196	1.69549	2.42267	3.54322</FloatingPoint>
			</Individual>
			<Individual size="2">
				<FitnessMin value="0.0285714"/>
				<FloatingPoint size="40">	3.4146	3.46321	3.69117	4.11538	2.55268	3.61179	1.3498	1.67739	2.60232	5.49089	1.56817	1.53002	1.48309	3.23813	1.37407	1.59546	4.38733	2.56389	3.3258	3.4744	2.5782	1.50447	3.52518	3.43714	3.51838	0.812435	3.48924	3.57575	2.59879	4.5037	1.21224	1.50091	3.4929	2.44185	3.37637	3.39114	3.96496	2.45101	4.66078	2.36018</FloatingPoint>
				<FloatingPoint size="10">	2.49987	1.50448	1.58839	1.4409	2.59096	2.53874	2.45308	1.67925	2.46185	3.56073</FloatingPoint>
			</Individual>
			<Individual size="2">
				<FitnessMin value="0.0285714"/>
				<FloatingPoint size="40">	3.4146	3.46317	3.69113	4.11541	2.55275	3.61178	1.35405	1.6774	2.60232	5.49086	1.56813	1.53175	1.47703	3.24085	1.41531	1.59527	4.38732	2.55889	3.33087	3.4744	2.57781	1.5045	3.52429	3.44583	3.51832	0.812904	3.48902	3.57576	2.59879	4.50371	1.22183	1.50095	3.50363	2.44183	3.37637	3.39127	3.64133	2.44078	4.68433	2.33507</FloatingPoint>
				<FloatingPoint size="10">	2.8545	1.50806	1.58194	1.42378	2.56498	2.54886	2.44641	1.69538	2.43035	3.53369</FloatingPoint>
			</Individual>
			<Individual size="2">
				<FitnessMin value="0.0285714"/>
				<FloatingPoint size="40">	3.41459	3.46313	3.69119	4.11539	2.55363	3.61179	1.34775	1.6774	2.60232	5.49086	1.5683	1.53162	1.47814	3.23859	1.4156	1.59538	4.38733	2.56325	3.32712	3.4744	2.57539	1.5045	3.52424	3.45476	3.5182	0.812787	3.48906	3.57575	2.59879	4.5037	1.22868	1.50094	3.5153	2.44181	3.37636	3.39132	3.55378	2.38238	4.72092	2.31016</FloatingPoint>
				<FloatingPoint size="10">	2.65921	1.47564	1.58195	1.42068	2.52059	2.58141	2.4466	1.6952	2.43102	3.53419</FloatingPoint>
			</Individual>
			<Individual size="2">
				<FitnessMin value="0.0285714"/>
				<FloatingPoint size="40">	3.4146	3.46317	3.69104	4.11533	2.55245	3.61178	1.34847	1.67739	2.60232	5.49076	1.56813	1.53547	1.4781	3.25013	1.41578	1.59543	4.38733	2.55987	3.33073	3.4744	2.57854	1.5045	3.51664	3.43702	3.51879	0.812907	3.48906	3.57577	2.59879	4.50371	1.22051	1.5009	3.50274	2.44184	3.37637	3.3913	3.81123	2.44063	4.73758	2.35845</FloatingPoint>
				<FloatingPoint size="10">	2.41541	1.44418	1.57072	1.3708	2.50505	2.54877	2.45244	1.69458	2.43105	3.5124</FloatingPoint>
			</Individual>
			<Individual size="2">
				<FitnessMin value="0.0285714"/>
				<FloatingPoint size="40">	3.4146	3.46316	3.69113	4.11543	2.55341	3.61178	1.34835	1.67741	2.60232	5.49048	1.56813	1.52944	1.47879	3.24238	1.41522	1.59521	4.38732	2.569	3.3328	3.4744	2.57831	1.5045	3.52424	3.46663	3.51825	0.812367	3.48908	3.57573	2.59879	4.5037	1.21035	1.501	3.51162	2.44181	3.37637	3.39152	3.60843	2.40609	3.58639	2.32218</FloatingPoint>
				<FloatingPoint size="10">	2.52283	1.5136	1.58993	1.45511	2.37204	2.66922	2.4679	1.68906	2.44746	3.56317</FloatingPoint>
			</Individual>
			<Individual size="2">
				<FitnessMin value="0.0285714"/>
				<FloatingPoint size="40">	3.41459	3.46315	3.69123	4.11542	2.55346	3.61178	1.35501	1.67739	2.60232	5.49087	1.56815	1.52985	1.47808	3.05227	1.41531	1.59574	4.38732	2.56899	3.33272	3.4744	2.57727	1.5045	3.52424	3.44365	3.51829	0.812851	3.48888	3.42281	2.59879	4.50371	1.22393	1.50044	3.50618	2.44188	3.37637	3.39127	3.7068	2.53152	4.68081	2.33279</FloatingPoint>
				<FloatingPoint size="10">	2.41568	1.43555	1.55881	1.34761	2.49581	2.55864	2.44518	1.68432	2.4187	3.57644</FloatingPoint>
			</Individual>
			<Individual size="2">
				<FitnessMin value="0.0285714"/>
				<FloatingPoint size="40">	3.4146	3.46334	3.6911	4.11534	2.55397	3.6118	1.34854	1.67739	2.60232	5.49069	1.56827	1.53038	1.48065	3.24145	1.41577	1.59551	4.38733	2.57036	3.33176	3.4744	2.57791	1.50441	3.52424	3.45418	3.51856	0.813015	3.48912	3.57575	2.59879	4.5037	1.22875	1.50094	3.48644	2.44182	3.37638	3.39173	4.73876	2.41413	4.54403	2.36371</FloatingPoint>
				<FloatingPoint size="10">	2.56849	1.42204	1.58237	1.4308	2.48196	2.51883	2.45224	1.69349	2.41011	3.57949</FloatingPoint>
			</Individual>
			<Individual size="2">
				<FitnessMin value="0.0285714"/>
				<FloatingPoint size="40">	3.41459	3.46315	3.69102	4.11534	2.55238	3.61178	1.34844	1.67739	2.60232	5.49067	1.56815	1.53452	1.48371	3.01066	1.41575	1.59491	4.38732	2.56105	3.33223	3.4744	2.57845	1.5045	3.51096	3.43809	3.51902	0.812866	3.48909	3.57578	2.87307	4.5037	1.2245	1.50089	3.50308	2.44191	3.37637	3.39124	3.77565	2.43868	4.67359	2.35635</FloatingPoint>
				<FloatingPoint size="10">	2.46926	1.49987	1.58939	1.44976	2.36794	2.65796	2.46975	1.69214	2.44391	3.56209</FloatingPoint>
			</Individual>
			<Individual size="2">
				<FitnessMin value="0.0285714"/>
				<FloatingPoint size="40">	3.4146	3.46334	3.69113	4.11542	2.55206	3.61178	1.34854	1.67738	2.60231	5.46541	1.56815	1.53369	1.47808	3.23863	1.41555	1.59597	4.38733	2.55815	3.33272	3.4744	2.57841	1.50449	3.52424	3.44365	3.51837	0.812834	3.48906	3.57576	2.59879	4.50371	1.30669	1.50093	3.48622	2.44181	3.37636	3.39209	3.89081	2.43794	4.72456	2.33279</FloatingPoint>
				<FloatingPoint size="10">	2.61739	1.38296	1.58338	1.41855	2.485	2.56393	2.44578	1.69469	2.43209	3.48254</FloatingPoint>
			</Individual>
			<Individual size="2">
				<FitnessMin value="0.133333"/>
				<FloatingPoint size="40">	3.4146	3.46323	3.69092	4.11524	2.55142	3.61178	1.34829	1.67739	2.60232	5.49067	1.56813	1.53356	1.48551	3.23842	1.41564	1.59539	4.38732	2.55975	3.32663	3.4744	2.57843	1.50449	3.52424	3.44641	3.51829	0.812909	3.48901	3.57573	2.59879	4.5037	1.21612	1.50095	3.50076	2.44184	3.37637	3.39127	3.68704	2.42989	4.6893	2.3521</FloatingPoint>
				<FloatingPoint size="10">	2.49109	1.42362	1.5688	1.38331	2.40734	1.85592	2.45477	1.69532	2.43575	3.49497</FloatingPoint>
			</Individual>
			<Individual size="2">
				<FitnessMin value="0.0285714"/>
				<FloatingPoint size="40">	3.4146	3.46341	3.69113	4.11539	2.55405	3.61177	1.34891	1.67737	2.60232	5.49072	1.5687	1.5334	1.48013	3.20397	1.41585	1.59558	4.38732	2.56979	3.32724	3.4744	2.57753	1.50448	3.52609	3.43833	3.51919	0.812526	3.48899	3.57574	2.59879	4.50371	1.25717	1.50072	3.49512	2.44183	3.37637	3.39118	4.29796	2.41709	4.66102	2.34064</FloatingPoint>
				<FloatingPoint size="10">	2.57557	1.29027	1.58481	1.41643	2.44942	2.54644	2.44495	1.69418	2.43315	3.43088</FloatingPoint>
			</Individual>
		</Deme>
	</Population>
</ECF>
