<?xml version="1.0" encoding="ISO-8859-1"?>
<ECF milestone="Tue Jun 19 11:27:23 2018
">
	<Registry>
		<Entry key="1FloatingPoint.dimension">20</Entry>
		<Entry key="1FloatingPoint.lbound">1</Entry>
		<Entry key="1FloatingPoint.ubound">4</Entry>
		<Entry key="FloatingPoint.dimension">80</Entry>
		<Entry key="FloatingPoint.lbound">0</Entry>
		<Entry key="FloatingPoint.ubound">7</Entry>
		<Entry key="SteadyStateTournament.tsize">3</Entry>
		<Entry key="batch.logfile_">*</Entry>
		<Entry key="batch.remaining_">0</Entry>
		<Entry key="data.input">data/train/iris.csv</Entry>
		<Entry key="data.test">data/test/iris.csv</Entry>
		<Entry key="fuzzy.langvars">conf/iris.conf</Entry>
		<Entry key="fuzzy.numrules">20</Entry>
		<Entry key="log.frequency">10</Entry>
		<Entry key="log.level">3</Entry>
		<Entry key="milestone.elapsedtime_">157</Entry>
		<Entry key="milestone.filename">milestones/iris_20.txt</Entry>
		<Entry key="milestone.generation_">9999</Entry>
		<Entry key="mutation.indprob">0.3</Entry>
		<Entry key="operator.logfile">log/iris_20.log</Entry>
		<Entry key="population.size">100</Entry>
		<Entry key="term.eval">1000000</Entry>
	</Registry>
	<Population size="1">
		<HallOfFame size="1">
			<Individual size="2" gen="8611">
				<FitnessMin value="0.0190476"/>
				<FloatingPoint size="80">	3.16795	3.09235	1.54408	4.06574	3.25393	3.22853	4.04836	2.62023	1.98729	3.0821	2.3292	2.78327	3.49089	0.970669	3.54521	3.66085	4.48682	2.43147	3.62203	3.36267	1.43793	2.96036	1.83497	1.38799	3.37114	2.54692	3.42211	3.34018	2.94864	4.08484	2.70829	3.23106	2.35837	3.51073	1.41443	1.43869	4.04237	5.03232	4.18571	3.72891	2.59637	5.46883	1.47267	1.3494	3.04897	3.91435	4.38169	3.23767	3.55614	2.99666	4.19112	1.90083	2.47742	4.5382	1.59705	1.61428	1.52296	3.42327	1.44382	1.59338	3.67221	3.00544	2.83923	3.06641	3.00036	3.65512	3.45492	3.99612	4.04289	3.91378	1.98386	4.08437	2.50362	1.49349	3.42484	3.26834	3.24726	3.12904	2.60539	6.32001</FloatingPoint>
				<FloatingPoint size="20">	2.16337	2.61901	2.58846	2.44522	2.3104	1.85155	2.46589	1.80643	1.39408	2.35466	1.48156	2.28517	2.27024	1.35709	1.55971	2.19005	2.73508	2.00251	2.47185	3.51368</FloatingPoint>
			</Individual>
		</HallOfFame>
		<Deme size="100">
			<HallOfFame size="1">
				<Individual size="2" gen="8611">
					<FitnessMin value="0.0190476"/>
					<FloatingPoint size="80">	3.16795	3.09235	1.54408	4.06574	3.25393	3.22853	4.04836	2.62023	1.98729	3.0821	2.3292	2.78327	3.49089	0.970669	3.54521	3.66085	4.48682	2.43147	3.62203	3.36267	1.43793	2.96036	1.83497	1.38799	3.37114	2.54692	3.42211	3.34018	2.94864	4.08484	2.70829	3.23106	2.35837	3.51073	1.41443	1.43869	4.04237	5.03232	4.18571	3.72891	2.59637	5.46883	1.47267	1.3494	3.04897	3.91435	4.38169	3.23767	3.55614	2.99666	4.19112	1.90083	2.47742	4.5382	1.59705	1.61428	1.52296	3.42327	1.44382	1.59338	3.67221	3.00544	2.83923	3.06641	3.00036	3.65512	3.45492	3.99612	4.04289	3.91378	1.98386	4.08437	2.50362	1.49349	3.42484	3.26834	3.24726	3.12904	2.60539	6.32001</FloatingPoint>
					<FloatingPoint size="20">	2.16337	2.61901	2.58846	2.44522	2.3104	1.85155	2.46589	1.80643	1.39408	2.35466	1.48156	2.28517	2.27024	1.35709	1.55971	2.19005	2.73508	2.00251	2.47185	3.51368</FloatingPoint>
				</Individual>
			</HallOfFame>
			<Individual size="2">
				<FitnessMin value="0.0190476"/>
				<FloatingPoint size="80">	2.55966	3.1469	4.45643	3.2012	3.18328	3.71521	2.56978	2.52081	2.80518	4.43674	3.57978	5.46851	3.47834	1.17733	3.55334	3.64967	4.57977	2.42107	3.61263	3.41018	1.17376	2.88911	1.68854	1.40929	3.38626	3.0078	3.75018	3.37075	2.30774	3.36841	5.69467	4.97182	2.35955	3.56807	1.62398	1.49632	3.13023	3.93689	3.52025	1.98578	2.59535	5.19308	1.55733	1.3707	4.82401	3.05665	4.20066	2.15089	3.31142	2.38649	3.37177	3.14608	2.47906	4.57964	1.54833	1.60765	1.54843	3.47211	1.45387	1.61038	3.6162	3.58038	3.3859	3.84815	2.37094	2.56038	2.89664	2.90934	4.00587	3.4239	4.61632	2.2747	2.52898	1.49297	3.41763	3.23297	4.15839	3.56258	1.53029	3.99559</FloatingPoint>
				<FloatingPoint size="20">	3.98649	2.24984	2.41915	2.46384	2.42879	1.49632	2.44029	2.8167	1.39798	2.11765	1.498	2.24152	2.52309	1.4098	1.30019	2.49562	2.61317	2.37476	2.46752	3.39087</FloatingPoint>
			</Individual>
			<Individual size="2">
				<FitnessMin value="0.0190476"/>
				<FloatingPoint size="80">	2.82712	3.26207	4.47575	3.21409	4.02495	3.60136	2.5701	2.8182	3.3924	4.64338	3.60925	3.58408	3.47834	1.17936	3.55334	3.64955	4.57977	2.421	3.61292	3.3921	1.173	2.88797	1.68854	1.40928	3.45414	3.04598	3.76836	3.38346	2.37262	3.30716	5.69553	5.05318	2.35955	3.56811	1.62398	1.47969	2.14357	3.92995	3.5326	1.98258	2.59535	5.46046	1.55464	1.3905	4.80584	2.92068	4.13296	1.65024	3.31166	2.38647	3.37172	3.14821	2.47906	4.57964	1.54833	1.60765	1.54843	3.47211	1.45387	1.61038	3.61455	3.63626	3.36054	3.87262	2.36927	2.38221	2.87865	2.91434	3.96287	3.96165	4.60031	2.27651	2.53235	1.49297	3.41762	3.23297	4.15618	3.58396	1.6205	3.97586</FloatingPoint>
				<FloatingPoint size="20">	2.74926	2.13929	2.4877	2.45078	2.42911	1.49617	2.47222	2.90796	1.40955	3.51486	1.49912	2.21035	2.58954	1.33126	1.33559	2.4668	2.60504	2.67369	2.46497	3.45321</FloatingPoint>
			</Individual>
			<Individual size="2">
				<FitnessMin value="0.0190476"/>
				<FloatingPoint size="80">	2.84273	3.42354	4.4725	3.21586	4.57545	3.70571	2.58614	2.58824	2.80627	4.42282	3.55348	2.93321	3.47834	1.17984	3.55334	3.64897	4.57977	2.42101	3.61283	3.39382	1.1746	2.89003	1.68854	1.40931	3.52818	3.02886	3.48818	3.41796	2.2852	3.38565	5.72822	5.07463	2.35955	3.56803	1.62398	1.47901	3.03192	3.92479	3.52978	1.99065	2.59535	5.17666	1.54988	1.3707	4.8399	5.3458	4.03727	2.12255	3.31252	2.3865	3.37164	3.20595	2.47906	4.57964	1.54833	1.60765	1.54843	3.47211	1.45387	1.61038	3.6069	3.64064	3.39365	3.7746	2.37503	2.33919	2.88909	2.92079	4.11521	3.81758	4.6196	2.2754	2.53279	1.49297	3.41763	3.23297	4.16898	3.56631	1.5304	3.99108</FloatingPoint>
				<FloatingPoint size="20">	2.67856	2.15878	2.32643	2.4477	2.4283	1.49668	2.57591	2.9378	1.36005	2.77308	1.49896	2.21214	2.54988	1.37542	1.34083	2.48334	1.46051	2.71151	2.46673	3.71455</FloatingPoint>
			</Individual>
			<Individual size="2">
				<FitnessMin value="0.0190476"/>
				<FloatingPoint size="80">	2.57011	3.45913	4.47228	3.20272	3.19705	3.69176	2.56867	2.54068	2.806	4.37909	3.54349	3.75818	3.47834	1.17973	3.55334	3.6496	4.57977	2.42104	3.61284	3.38968	1.17318	2.88835	1.68854	1.40929	3.43337	3.02351	3.76415	3.41515	2.35614	3.40327	5.70414	5.09131	2.35955	3.56813	1.62398	1.47822	3.12344	3.92216	3.51806	1.9853	2.59535	5.43116	1.55212	1.3707	4.83013	2.86672	4.23845	2.14928	3.31136	2.38649	3.3717	3.1503	2.47906	4.57964	1.54833	1.60765	1.54843	3.47211	1.45387	1.61038	3.61478	3.60819	3.37514	3.74041	2.38101	2.52941	2.89244	2.90841	3.97238	3.35636	4.66297	2.27484	2.53103	1.49297	3.41763	3.23297	4.15852	3.55476	1.5308	3.91573</FloatingPoint>
				<FloatingPoint size="20">	3.00003	2.26448	2.28476	2.4651	2.4297	1.49633	2.46533	2.89599	1.40136	2.7087	1.49735	2.20721	2.52258	1.42331	1.32561	2.46249	2.54981	2.80189	2.46681	3.38715</FloatingPoint>
			</Individual>
			<Individual size="2">
				<FitnessMin value="0.114286"/>
				<FloatingPoint size="80">	5.03686	3.3999	4.55708	3.19393	3.06728	3.67252	1.24146	2.73353	2.80234	4.59525	3.51718	3.68766	3.47834	1.18058	3.55334	3.64911	4.57977	2.42099	3.61237	3.39179	1.17404	2.88771	1.68854	1.40929	3.44043	3.02845	3.85908	3.40485	2.36823	3.31479	5.69768	5.04543	2.35955	3.56796	1.62399	1.48819	3.08803	3.92543	3.5303	1.99115	2.59535	5.4544	1.55636	1.3707	4.81651	1.36642	4.11713	2.14922	3.31263	2.38644	3.37173	3.14383	2.47906	4.57964	1.54833	1.60765	1.54843	3.47211	1.45387	1.61038	3.62083	3.57435	3.34682	3.85892	2.3938	2.56897	2.85341	2.93915	3.97568	3.28202	4.80515	2.26938	2.52747	1.49297	3.41763	3.23297	3.52322	3.60701	1.48341	3.97533</FloatingPoint>
				<FloatingPoint size="20">	3.46323	2.11916	2.40324	2.45293	2.42864	1.49646	2.49301	2.9155	1.48156	2.3037	1.49791	2.2167	3.52007	1.35515	1.32786	2.48138	2.61328	2.47086	2.46685	3.47538</FloatingPoint>
			</Individual>
			<Individual size="2">
				<FitnessMin value="0.0190476"/>
				<FloatingPoint size="80">	2.85762	3.13123	4.47873	3.20959	3.29159	3.57223	2.57168	2.56368	2.80088	3.97722	3.63525	3.71856	3.84814	1.17959	3.55334	3.64925	4.57977	2.42101	3.61314	3.40197	1.17408	2.88816	1.68854	1.40929	3.45211	2.99857	3.7772	3.40583	2.36966	3.28085	5.68812	5.02011	2.35955	3.56811	1.62402	1.48912	3.08261	3.92357	3.51841	1.99062	2.59535	5.38025	1.55819	1.3707	4.81962	2.20619	4.36768	1.58347	3.31247	2.38647	3.37171	3.14879	2.47906	4.57964	1.54833	1.60765	1.54843	3.47211	1.45387	1.61038	3.61964	3.61806	3.35522	4.08321	2.37471	2.91319	2.88297	2.91819	3.96634	3.61033	4.65327	2.27494	2.52645	1.49297	3.41762	3.23297	4.15791	3.60469	1.52722	4.01735</FloatingPoint>
				<FloatingPoint size="20">	3.49892	2.10613	2.44158	2.45838	2.42875	1.49647	2.47953	2.94531	1.4041	2.37484	1.4977	2.24186	2.55492	1.35515	1.33408	2.47847	2.63053	2.64503	2.46688	3.49757</FloatingPoint>
			</Individual>
			<Individual size="2">
				<FitnessMin value="0.0190476"/>
				<FloatingPoint size="80">	5.03686	3.3999	4.55708	3.19393	3.06728	3.67252	1.24146	2.73353	2.80234	4.59525	3.51718	3.68766	3.47834	1.18058	3.55334	3.64911	4.57977	2.42099	3.61237	3.39179	1.17404	2.88771	1.68854	1.40929	3.44043	3.02845	3.85908	3.40485	2.36823	3.31479	5.69768	5.04543	2.35955	3.56796	1.62399	1.48819	3.08803	3.92543	3.5303	1.99115	2.59535	5.4544	1.55636	1.3707	4.81651	1.36642	4.11713	2.14922	3.31263	2.38644	3.37173	3.14383	2.47906	4.57964	1.54833	1.60765	1.54843	3.47211	1.45387	1.61038	3.62083	3.57435	3.34682	3.85892	2.3938	2.56897	2.85341	2.93915	3.97568	3.28202	4.80515	2.26938	2.52747	1.49297	3.41763	3.23297	3.52322	3.60701	1.48341	3.97533</FloatingPoint>
				<FloatingPoint size="20">	3.46323	2.11916	2.40324	2.45293	2.42864	1.49646	2.49301	2.9155	1.48156	2.3037	1.49791	2.2167	2.53992	1.35515	1.32786	2.48138	2.61328	2.47086	2.46685	3.47538</FloatingPoint>
			</Individual>
			<Individual size="2">
				<FitnessMin value="0.0190476"/>
				<FloatingPoint size="80">	2.84769	3.45913	4.47228	3.21682	4.87516	3.71582	2.58928	2.54068	2.806	4.37909	3.54349	2.81543	3.47834	1.17973	3.55334	3.6488	4.57977	2.42099	3.61284	3.38968	1.17499	2.89042	1.68854	1.40929	3.55698	3.02351	3.43851	3.41515	2.265	3.40327	5.72715	5.09131	2.35955	3.56803	1.62398	1.47822	3.12344	3.92216	3.51806	1.99061	2.59535	5.18289	1.55023	1.3707	4.83936	5.74368	4.03984	2.12356	3.31248	2.38649	3.37164	3.20507	2.47906	4.57964	1.54833	1.60765	1.54843	3.47211	1.45387	1.61038	3.60487	3.64028	3.39324	3.77346	2.38101	2.37577	2.89244	2.92045	4.11506	3.35636	4.61392	2.27484	2.53103	1.49297	3.41763	3.23297	4.16878	3.55476	1.52988	3.98458</FloatingPoint>
				<FloatingPoint size="20">	3.00003	2.26448	2.28476	2.4651	2.4297	1.49633	2.46533	2.89599	1.40136	2.7087	1.49735	2.20721	2.52258	1.42331	1.32561	2.46249	2.54981	2.80189	2.46681	3.38715</FloatingPoint>
			</Individual>
			<Individual size="2">
				<FitnessMin value="0.0190476"/>
				<FloatingPoint size="80">	2.85762	3.31155	4.45287	3.21685	4.50324	3.70997	2.59043	2.66935	3.82403	5.06755	3.59715	3.27893	3.47834	1.17781	3.55334	3.64877	4.57977	2.42102	3.61526	3.38946	1.17501	2.88837	1.68854	1.40929	3.56253	3.07225	3.68611	3.38824	2.26133	3.43974	5.72798	5.00747	2.35955	3.56803	1.62399	1.5007	3.1276	3.93017	3.585	1.98706	2.59535	5.16967	1.55643	1.3707	4.82242	5.96708	4.0363	1.62473	3.31159	2.3865	3.37164	3.15747	2.47906	4.57964	1.54833	1.60765	1.54843	3.47211	1.45387	1.61038	3.6131	3.62434	3.39457	3.76943	2.36242	2.46973	2.85563	2.91847	4.02648	4.96168	4.61649	2.27609	2.53637	1.49297	3.41762	3.23297	4.16522	3.60257	1.63116	3.98424</FloatingPoint>
				<FloatingPoint size="20">	3.26753	2.18574	2.6709	2.46206	2.42847	1.4965	2.46424	2.90372	1.39923	2.86194	1.49805	3.92909	2.5234	1.36826	1.31742	2.46424	2.77682	1.15544	2.46652	3.46882</FloatingPoint>
			</Individual>
			<Individual size="2">
				<FitnessMin value="0.0190476"/>
				<FloatingPoint size="80">	2.57011	3.14671	4.45378	3.21535	3.74721	3.69551	2.57796	2.29063	2.80518	4.90751	3.65285	3.50097	3.47834	1.1773	3.55334	3.64906	4.57977	2.42103	3.61287	3.3895	1.17395	2.88862	1.68854	1.40929	3.51882	3.03295	3.47009	3.37609	2.27742	3.34042	5.7093	5.0326	2.35955	3.56805	1.62405	1.48572	3.09007	3.92911	3.55455	1.9904	2.59535	5.21996	1.55566	1.3707	4.83138	5.75796	4.34373	2.12936	3.31208	2.38656	3.37167	3.19911	2.47906	4.57964	1.54833	1.60765	1.54843	3.47211	1.45387	1.61038	3.61676	3.63866	3.3711	3.93601	2.36913	2.56667	2.87693	2.91468	4.08692	4.06935	4.61712	2.27787	2.53908	1.49297	3.41763	3.23297	4.15954	3.60732	1.53011	4.01928</FloatingPoint>
				<FloatingPoint size="20">	3.69986	2.15438	2.28022	2.46265	2.42887	1.49632	2.48651	2.90619	1.43053	2.59772	1.49735	1.86376	2.55432	1.38258	1.31122	2.46818	2.96709	2.48944	2.46525	3.42668</FloatingPoint>
			</Individual>
			<Individual size="2">
				<FitnessMin value="0.0190476"/>
				<FloatingPoint size="80">	2.93423	3.13531	4.45706	3.21003	3.22458	3.68308	2.56317	2.32138	2.80615	4.07314	3.65155	3.60748	3.47834	1.17839	3.55334	3.64969	4.57977	2.42104	3.61335	3.38956	1.17385	2.88865	1.68854	1.40929	3.45697	2.99843	3.62255	3.37778	2.36951	3.3402	5.70761	5.05298	2.35955	3.56807	1.62403	1.48076	3.08364	3.92081	3.5336	1.98986	2.59535	5.24679	1.56091	1.3707	4.83138	4.87434	4.3663	2.14637	3.31148	2.38655	3.37171	3.15571	2.47906	4.57964	1.54833	1.60765	1.54843	3.47211	1.45387	1.61038	3.61515	3.63131	3.35866	3.99848	2.36466	2.74442	2.87837	2.91586	4.04802	3.8258	4.62129	2.27668	2.539	1.49297	3.41763	3.23297	4.15892	3.60709	1.52931	4.01968</FloatingPoint>
				<FloatingPoint size="20">	3.00003	2.11816	2.13997	2.46267	2.42876	1.49569	2.39495	2.9867	1.41911	2.69144	1.49827	2.22607	2.5261	1.35581	1.34512	2.47452	2.7729	2.51223	2.466	3.53104</FloatingPoint>
			</Individual>
			<Individual size="2">
				<FitnessMin value="0.114286"/>
				<FloatingPoint size="80">	2.57011	3.45913	4.47228	3.20272	3.19705	3.69176	2.56867	2.54068	2.806	4.37909	3.54349	3.75818	3.47834	1.17973	3.55334	3.6496	4.57977	2.42104	3.61284	3.38968	1.17318	2.88835	1.68854	1.40929	3.43337	3.02351	3.76415	3.41515	2.35614	3.40327	5.70414	5.09131	2.35955	3.56813	1.62398	1.47822	3.12344	3.92216	3.51806	1.9853	2.59535	5.43116	1.55212	1.3707	4.83013	2.86672	4.23845	2.14928	3.31136	2.38649	3.3717	3.1503	2.47906	4.57964	1.54833	1.60765	1.54843	3.47211	1.45387	1.61038	3.61478	3.60819	3.37514	3.74041	2.38101	2.52941	2.89244	2.90841	3.97238	3.35636	4.66297	2.27484	2.53103	1.49297	3.41763	3.23297	4.15852	3.55476	1.5308	3.91573</FloatingPoint>
				<FloatingPoint size="20">	3.07132	2.26029	2.28946	2.45713	2.42901	1.49592	2.54673	2.93866	1.40437	2.62142	1.49802	2.21842	3.71904	1.40956	1.33042	2.46617	2.6219	2.76039	2.46651	3.45729</FloatingPoint>
			</Individual>
			<Individual size="2">
				<FitnessMin value="0.0190476"/>
				<FloatingPoint size="80">	2.57011	3.55717	4.4831	3.20965	3.29091	3.72931	2.56618	2.52956	2.80071	4.24935	3.49668	3.6943	3.47834	1.17937	3.55334	3.64944	4.57977	2.42099	3.61186	3.38962	1.17524	2.8879	1.68854	1.40929	3.44454	3.0591	3.76597	3.38451	2.32486	3.16845	5.66716	4.97749	2.35955	3.56789	1.62399	1.49064	3.08009	3.92541	3.54556	1.99205	2.59535	5.45409	1.55691	1.3707	4.81706	1.05874	4.17083	2.15073	3.31263	2.38647	3.3717	3.15379	2.47906	4.57964	1.54833	1.60765	1.54843	3.47211	1.45387	1.61038	3.62078	3.61811	3.34448	3.83118	2.37723	2.58884	2.81753	2.94	3.95248	3.71306	4.85746	2.27626	2.52559	1.49297	3.41763	3.23297	4.1622	3.60108	1.52642	4.01417</FloatingPoint>
				<FloatingPoint size="20">	3.3212	2.14139	2.42902	2.46195	2.42832	1.49629	2.42801	2.9402	1.40164	2.64991	1.49891	2.24443	2.53323	1.3577	1.33417	2.47384	2.60816	2.54982	2.46697	3.4856</FloatingPoint>
			</Individual>
			<Individual size="2">
				<FitnessMin value="0.0190476"/>
				<FloatingPoint size="80">	2.93423	3.23698	4.47854	3.18446	2.92639	3.35672	2.57218	2.99321	2.81382	4.57957	3.63861	3.55263	3.47834	1.18049	3.55334	3.6487	4.57977	2.42096	3.61315	3.3897	1.17459	2.8874	1.68854	1.40929	3.42036	3.06868	3.77068	3.3628	2.3655	3.30854	5.77847	5.09216	2.35955	3.56813	1.62399	1.48012	1.42478	3.92834	3.50813	1.98135	2.59535	5.45466	1.55273	1.3707	4.78615	2.76736	4.16226	2.1406	3.3116	2.38646	3.37178	3.14517	2.47906	4.57964	1.54833	1.60765	1.54843	3.47211	1.45387	1.61038	3.61772	3.64664	3.40637	3.76264	2.35363	2.5682	2.94197	2.90322	3.94639	3.37019	4.67547	2.2775	2.5341	1.49297	3.41763	3.23297	4.15776	3.58901	1.583	3.97452</FloatingPoint>
				<FloatingPoint size="20">	2.87248	2.10017	2.41348	2.46274	2.4282	1.49621	2.4683	2.9395	1.39613	2.21431	1.4964	2.21456	2.619	1.56331	1.33046	2.46145	2.49475	2.45169	2.46823	3.5245</FloatingPoint>
			</Individual>
			<Individual size="2">
				<FitnessMin value="0.0857143"/>
				<FloatingPoint size="80">	2.57011	3.1469	4.45643	3.2012	3.18328	3.71521	2.56978	2.52081	2.80518	4.43674	3.57978	4.6807	3.47834	1.17733	3.55334	3.64967	4.57977	2.42107	3.61263	3.41018	1.17376	2.88911	1.68854	1.40929	3.38626	3.0078	3.75018	3.37075	2.30774	3.36841	5.69467	4.97182	2.35955	3.56807	1.62398	1.49632	3.13023	3.93689	3.52025	1.98578	2.59535	5.19308	1.55733	1.3707	4.82401	3.05665	4.20066	2.15089	3.31142	2.38649	3.37177	3.14608	2.47906	4.57964	1.54833	1.60765	1.54843	3.47211	1.45387	1.61038	3.6162	3.58038	3.3859	3.84815	2.37094	2.56038	2.89664	2.90934	4.00587	3.4239	4.61632	2.2747	2.52898	1.49297	3.41763	3.23297	4.15839	3.56258	1.53029	3.99559</FloatingPoint>
				<FloatingPoint size="20">	2.67856	2.1368	2.47263	2.44217	2.42923	1.49651	2.45694	2.89398	3.5688	2.25362	1.49669	2.23173	2.56409	1.36668	1.31596	2.476	2.54756	2.43886	2.4654	3.51416</FloatingPoint>
			</Individual>
			<Individual size="2">
				<FitnessMin value="0.0190476"/>
				<FloatingPoint size="80">	2.60323	3.47856	4.47409	3.21274	4.3166	3.70472	2.57269	2.5546	4.07633	4.72193	3.5846	3.52842	3.47834	1.17855	3.55334	3.64959	4.57977	2.42102	3.61272	3.39446	1.1733	2.88836	1.68854	1.4093	3.51149	3.02171	3.76551	3.39909	2.32036	3.41727	5.70809	5.01967	2.35955	3.5681	1.62398	1.48876	2.89603	3.92858	3.54031	1.98868	2.59535	5.43148	1.55613	1.3707	4.82573	3.09898	4.12525	1.07345	3.31155	2.38649	3.3717	3.15295	2.47906	4.57964	1.54833	1.60765	1.54843	3.47211	1.45387	1.61038	3.61117	3.6264	3.36494	4.03052	2.3704	2.47939	2.84919	2.91606	4.01722	4.49546	4.61652	2.27522	2.53482	1.49297	3.41762	3.23297	4.16198	3.60493	1.66713	3.9792</FloatingPoint>
				<FloatingPoint size="20">	3.26753	2.18574	2.27045	2.46206	2.42847	1.4965	2.46424	2.90372	1.39923	2.86194	1.49805	3.92909	2.5234	1.36826	1.31742	2.46424	2.77682	1.15544	2.46652	3.46882</FloatingPoint>
			</Individual>
			<Individual size="2">
				<FitnessMin value="0.0190476"/>
				<FloatingPoint size="80">	2.84769	3.3999	4.55708	3.21682	3.06728	3.67252	2.58928	2.54178	2.80234	4.38154	3.5439	2.81543	3.47834	1.18058	3.55334	3.64911	4.57977	2.42099	3.61237	3.39179	1.17499	2.89042	1.68854	1.40929	3.44043	3.02318	3.43851	3.4156	2.265	3.31479	5.72715	5.09162	2.35955	3.56796	1.62399	1.47814	3.08803	3.92214	3.5303	1.99115	2.59535	5.4544	1.55636	1.3707	4.81651	5.74368	4.03984	2.14922	3.31263	2.38644	3.37173	3.20507	2.47906	4.57964	1.54833	1.60765	1.54843	3.47211	1.45387	1.61038	3.60487	3.57435	3.34682	3.77346	2.3938	2.37577	2.89246	2.92045	3.97568	3.34567	4.80515	2.27483	2.53099	1.49297	3.41763	3.23297	3.52322	3.60701	1.48341	3.97533</FloatingPoint>
				<FloatingPoint size="20">	2.67856	2.15878	2.32643	2.4477	2.4283	1.49668	2.57591	2.9378	1.36005	2.77308	1.49896	2.21214	2.54988	1.37542	1.34083	2.48334	1.46051	2.71151	2.46673	3.71455</FloatingPoint>
			</Individual>
			<Individual size="2">
				<FitnessMin value="0.0190476"/>
				<FloatingPoint size="80">	2.55966	3.1469	4.45643	3.2012	3.18328	3.71521	2.56978	2.52081	2.80518	4.43674	3.57978	3.55437	3.47834	1.17733	3.55334	3.64967	4.57977	2.42107	3.61263	3.41018	1.17376	2.88911	1.68854	1.40929	3.38626	3.0078	3.75018	3.37075	2.30774	3.3485	5.69467	4.97182	2.35955	3.56807	1.62398	1.49632	3.13023	3.93689	3.52025	1.98578	2.59535	5.19308	1.55733	1.3707	4.82401	3.05665	4.20066	2.15089	3.31142	2.38649	3.37177	3.14608	2.47906	4.57964	1.54833	1.60765	1.54843	3.47211	1.45387	1.61038	3.6162	3.58038	3.3859	3.84815	2.37094	2.56038	2.89664	2.90934	4.00587	3.4239	4.61632	2.2747	2.52898	1.49297	3.41763	3.23297	4.15839	3.56258	1.53029	3.99559</FloatingPoint>
				<FloatingPoint size="20">	3.33303	2.20841	2.77555	2.46108	2.4276	1.4963	3.09482	2.90563	1.39592	2.43409	1.49716	2.17412	2.57248	1.3453	1.33149	2.47543	2.64058	2.50143	2.46584	3.47002</FloatingPoint>
			</Individual>
			<Individual size="2">
				<FitnessMin value="0.0190476"/>
				<FloatingPoint size="80">	2.84769	3.16383	4.45316	3.21682	4.87516	3.71582	2.58928	2.24319	2.7892	5.04186	3.65305	2.81543	3.47834	1.17657	3.55334	3.6488	4.57977	2.42099	3.61512	3.38947	1.17499	2.89042	1.68854	1.40929	3.55698	3.11198	3.43851	3.29471	2.265	3.46722	5.72715	5.00775	2.35955	3.56803	1.62408	1.5003	3.12508	3.92879	3.58341	1.99061	2.59535	5.18289	1.55023	1.3707	4.83936	5.74368	4.03984	2.12356	3.31248	2.38657	3.37164	3.20507	2.47906	4.57964	1.54833	1.60765	1.54843	3.47211	1.45387	1.61038	3.60487	3.64028	3.39324	3.77346	2.3514	2.37577	2.88688	2.92045	4.11506	6.24655	4.61392	2.27812	2.54071	1.49297	3.41763	3.23297	4.16878	3.52625	1.52988	3.98458</FloatingPoint>
				<FloatingPoint size="20">	3.74072	2.24204	2.25024	2.4657	2.42724	1.49573	3.64698	2.87548	1.40775	2.75059	1.4979	2.22714	2.52353	1.37153	1.31009	2.48393	2.65394	2.635	2.46606	3.48279</FloatingPoint>
			</Individual>
			<Individual size="2">
				<FitnessMin value="0.0190476"/>
				<FloatingPoint size="80">	2.85762	3.15498	4.45287	3.21685	4.93338	3.71541	2.59043	2.22016	2.78876	5.06755	3.66126	2.7839	3.47834	1.17653	3.55334	3.64877	4.57977	2.42099	3.61526	3.38946	1.17501	2.89053	1.68854	1.40929	3.56253	3.11264	3.42527	3.36937	2.26133	3.47564	5.72798	5.00747	2.35955	3.56803	1.62408	1.5007	3.1276	3.92905	3.585	1.99091	2.59535	5.16967	1.54991	1.3707	4.8396	5.96708	4.0363	2.12286	3.31248	2.38657	3.37164	3.20745	2.47906	4.57964	1.54833	1.60765	1.54843	3.47211	1.45387	1.61038	3.61664	3.64081	3.39457	3.76943	2.35141	2.36838	2.87718	2.92029	4.1187	6.2965	4.60955	2.27817	2.54118	1.49297	3.41763	3.23297	4.169	3.61771	1.53219	4.00988</FloatingPoint>
				<FloatingPoint size="20">	2.80966	2.24074	2.26375	2.46602	2.42812	1.49547	3.33419	2.87461	1.41834	2.75629	1.49776	1.91714	2.53311	1.38212	1.30857	2.48287	2.6225	2.61395	2.46623	3.39208</FloatingPoint>
			</Individual>
			<Individual size="2">
				<FitnessMin value="0.0190476"/>
				<FloatingPoint size="80">	2.57011	3.50815	4.47769	3.20619	3.24398	3.71053	2.56742	2.53512	2.80336	4.31422	3.52008	3.72624	3.47834	1.17955	3.55334	3.64952	4.57977	2.42102	3.61235	3.38965	1.17421	2.88812	1.68854	1.40929	3.43896	3.0413	3.76506	3.39983	2.3405	3.28586	5.68565	5.0344	2.35955	3.56801	1.62399	1.48443	3.10176	3.92379	3.53181	1.98867	2.59535	5.44262	1.55451	1.3707	4.8236	1.96273	4.20464	2.15001	3.312	2.38648	3.3717	3.15205	2.47906	4.57964	1.54833	1.60765	1.54843	3.47211	1.45387	1.61038	3.61778	3.61315	3.35981	3.7858	2.37912	2.55912	2.85499	2.92421	0.955607	3.53471	4.76021	2.27555	2.52831	1.49297	3.41763	3.23297	4.16036	3.57792	1.52861	3.96495</FloatingPoint>
				<FloatingPoint size="20">	2.47056	2.10828	2.32592	2.43735	2.42873	1.4961	2.496	3.02442	1.46728	2.82785	1.49809	2.27457	2.53228	1.37534	1.32904	2.48447	2.61266	2.44778	2.46648	3.49644</FloatingPoint>
			</Individual>
			<Individual size="2">
				<FitnessMin value="0.0190476"/>
				<FloatingPoint size="80">	2.8091	3.15276	4.46964	3.21111	6.10569	3.68584	2.56758	2.83292	2.79398	4.69498	3.59507	3.42513	3.47834	1.17712	3.55334	3.6498	4.57977	2.42107	3.61321	3.39936	1.17275	2.88809	1.68854	1.40925	3.577	3.08067	3.66741	3.3878	2.34598	3.2366	5.73446	4.99233	2.35955	3.56809	1.62399	1.47882	2.5842	3.93854	3.56709	1.9842	2.59535	5.47787	1.55746	1.44991	4.81926	3.17113	4.0258	2.13595	3.3118	2.38651	3.37171	3.15712	2.47906	4.57964	1.54833	1.60765	1.54843	3.47211	1.45387	1.61038	3.61359	3.62125	3.36829	3.8101	2.36231	2.55876	2.86045	2.93775	4.00981	5.70494	4.62634	2.27803	2.5288	1.49297	3.41763	3.23297	4.15693	3.54883	1.5392	3.981</FloatingPoint>
				<FloatingPoint size="20">	2.74926	2.13929	2.4877	2.45078	2.42911	1.49617	2.47222	2.90796	1.40955	2.2146	1.49912	2.21035	2.58954	1.33126	1.33559	2.4668	2.60504	2.67369	2.46497	3.45321</FloatingPoint>
			</Individual>
			<Individual size="2">
				<FitnessMin value="0.0190476"/>
				<FloatingPoint size="80">	2.58228	3.56067	4.46656	3.21129	3.62621	3.61748	2.57578	2.76892	2.79932	4.6469	3.61603	3.6459	3.47834	1.18008	3.55334	3.64934	4.57977	2.42105	3.61335	3.38967	1.1741	2.88889	1.68854	1.40929	3.47198	3.02619	3.74835	3.32057	2.32484	3.32049	5.68843	5.04255	2.35955	3.56813	1.62399	1.48946	3.10493	3.92811	3.5628	0.731956	2.59535	5.33037	1.55047	1.3707	4.82284	3.21366	4.12513	2.13443	3.31231	2.38649	3.3717	3.14929	2.47906	4.57964	1.54833	1.60765	1.54843	3.47211	1.45387	1.61038	3.61477	3.63239	3.38429	3.7146	2.37163	2.61997	2.87462	2.91927	3.97603	4.09619	4.71075	2.27608	2.53524	1.49297	3.41762	3.23297	4.16484	3.58711	1.52972	3.97992</FloatingPoint>
				<FloatingPoint size="20">	3.98649	2.21743	2.06123	2.45555	2.4286	1.49639	2.50544	2.95916	1.41652	2.3508	1.49825	2.22987	2.53265	1.39608	1.33845	2.48105	2.58268	2.65244	2.46683	3.49923</FloatingPoint>
			</Individual>
			<Individual size="2">
				<FitnessMin value="0.0190476"/>
				<FloatingPoint size="80">	2.63092	3.73251	4.47626	3.21142	4.14135	3.6996	2.56846	2.45346	5.14798	4.71941	3.56471	3.80592	3.47834	1.17936	3.55334	3.64942	4.57977	2.42101	3.61216	3.38964	1.17376	2.88833	1.68854	1.40929	3.47153	2.96589	3.86469	3.42041	2.36069	3.3789	5.6905	5.03608	2.35955	3.56815	1.62397	1.4797	3.14052	3.9246	3.52126	1.99061	2.59535	5.45468	1.55566	1.3707	4.8318	2.97687	4.19076	0.183827	3.31137	2.38647	3.37169	3.14537	2.47906	4.57964	1.54833	1.60765	1.54843	3.47211	1.45387	1.61038	3.60918	3.6305	3.35727	4.24121	2.37884	2.51634	2.83988	2.91318	3.94889	3.40127	4.61896	2.27301	2.53286	1.49297	3.41761	3.23297	4.15729	3.60899	1.77678	3.9734</FloatingPoint>
				<FloatingPoint size="20">	2.68682	2.14188	1.48998	2.4639	2.42842	1.49585	2.39989	2.84241	1.43377	2.58893	1.49857	2.24732	2.54206	1.10031	1.33908	2.48239	2.64179	2.50278	2.46566	3.49469</FloatingPoint>
			</Individual>
			<Individual size="2">
				<FitnessMin value="0.0190476"/>
				<FloatingPoint size="80">	2.85762	3.55969	4.47943	3.20971	3.57149	3.69504	2.57163	2.75837	2.79937	4.54972	3.56616	3.68905	3.47834	1.17939	3.55334	3.64935	4.57977	2.42104	3.61224	3.38964	1.17473	2.88802	1.68854	1.40929	3.44623	3.03453	3.75988	3.3404	2.32485	3.25375	5.68391	4.98956	2.35955	3.56802	1.62399	1.4896	3.08653	3.92754	3.54684	1.10395	2.59535	5.41157	1.55167	1.3707	4.82102	2.07161	4.15969	2.13662	3.31245	2.38647	3.3717	3.15371	2.47906	4.57964	1.54833	1.60765	1.54843	3.47211	1.45387	1.61038	3.61592	3.62222	3.35742	3.76975	2.37641	2.60579	2.85128	2.92161	3.9603	3.96798	4.77056	2.27624	2.52869	1.49297	3.41763	3.23297	4.16237	3.58996	1.52688	3.9968</FloatingPoint>
				<FloatingPoint size="20">	1.72382	2.12493	2.22427	2.46246	2.42863	1.49587	3.59086	2.97314	1.41401	2.67932	1.49845	2.23143	2.52818	1.35636	1.34192	2.47432	2.72485	2.5232	2.46628	3.51779</FloatingPoint>
			</Individual>
			<Individual size="2">
				<FitnessMin value="0.0190476"/>
				<FloatingPoint size="80">	2.58228	3.54641	4.48354	3.20964	3.29131	3.72346	2.55861	2.531	2.80074	4.66488	3.49766	3.69468	3.63302	1.17941	3.55334	3.64943	4.57977	2.42099	3.61187	3.38967	1.17469	2.88805	1.68854	1.40929	3.44926	3.04319	3.77623	3.4032	2.32793	3.19837	5.66882	4.98011	2.35955	3.56791	1.62399	1.49009	3.10049	3.92455	3.54106	1.99203	2.59535	5.4524	1.557	1.3707	4.81724	1.68548	4.18704	2.06491	3.31263	2.38647	3.3717	3.15144	2.47906	4.57964	1.54833	1.60765	1.54843	3.47211	1.45387	1.61038	3.6182	3.61974	3.35221	3.79697	2.37475	2.60568	3.01433	2.92736	3.95525	3.71143	4.77884	2.27309	2.52737	1.49297	3.41762	3.23297	4.10922	3.60068	1.55329	3.99827</FloatingPoint>
				<FloatingPoint size="20">	3.49892	2.10613	2.44158	2.45838	2.42875	1.49647	2.47953	2.94531	1.4041	2.37484	1.4977	2.24186	2.55492	1.35515	1.33408	2.47847	2.63053	2.64503	2.46688	3.49757</FloatingPoint>
			</Individual>
			<Individual size="2">
				<FitnessMin value="0.0190476"/>
				<FloatingPoint size="80">	2.58228	3.14101	4.48183	3.1711	2.92521	3.31325	2.56524	2.90566	2.81379	4.41736	3.65199	3.52346	3.47834	1.18055	3.55334	3.64855	4.57977	2.42095	3.6127	3.38975	1.17491	2.88718	1.68854	1.40939	3.39387	3.09869	3.77296	3.40304	2.3896	3.46652	5.67604	4.96348	2.35955	3.56803	1.62398	1.4856	3.1428	3.93717	3.53046	1.99081	2.59535	5.45465	1.55441	1.3707	4.81908	3.10898	4.15362	2.16348	3.31089	2.38651	3.37167	3.1516	2.47906	4.57964	1.54833	1.60765	1.54843	3.47211	1.45387	1.61038	3.61683	3.67493	3.34144	3.95012	2.42186	2.43368	2.81689	2.89936	4.06289	3.30259	4.50487	2.27708	2.52775	1.49297	3.41762	3.23297	4.16178	3.61303	1.53117	4.0175</FloatingPoint>
				<FloatingPoint size="20">	2.87248	2.10017	2.51274	2.45949	2.42939	1.49621	2.4683	2.91768	1.39982	2.21431	1.4964	2.21456	2.619	1.32962	1.33652	2.46591	2.55146	2.25211	2.46388	3.5245</FloatingPoint>
			</Individual>
			<Individual size="2">
				<FitnessMin value="0.0380952"/>
				<FloatingPoint size="80">	3.15783	3.8193	4.44095	3.21462	2.73449	3.93216	2.60505	2.17954	2.80774	4.22701	3.49558	1.8166	3.47834	1.17885	3.55334	3.64956	4.57977	2.42103	3.61271	3.39858	1.17686	2.89285	1.68854	1.40934	3.70766	2.95602	3.10621	3.39948	2.15255	3.50196	5.66421	5.19499	2.35955	3.56797	1.62398	1.47339	2.91054	3.91646	3.53915	2.00752	2.59535	4.85502	1.54116	1.3707	4.86198	6.73833	3.91875	2.08668	3.31332	2.38005	3.3715	3.27797	2.47906	4.57964	1.54833	1.60765	1.54843	3.47211	1.45387	1.61038	3.59966	3.22311	3.43885	3.8436	2.36352	2.13156	2.91374	2.93301	4.26426	3.45876	4.68961	2.26178	2.53478	1.49297	3.41766	3.23297	4.18572	3.62054	1.53087	4.00099</FloatingPoint>
				<FloatingPoint size="20">	2.67856	2.15878	2.32643	2.4477	2.4283	1.49668	2.57591	2.9378	1.36005	2.77308	1.49896	2.21214	2.54988	1.37542	1.34083	2.48334	1.46051	2.71151	2.46673	3.71455</FloatingPoint>
			</Individual>
			<Individual size="2">
				<FitnessMin value="0.0190476"/>
				<FloatingPoint size="80">	2.86571	3.1578	4.45318	3.2166	5.10087	3.70815	2.59167	2.21009	2.78788	5.0281	3.65807	2.71292	3.47834	1.17643	3.55334	3.64886	4.57977	2.42099	3.61539	3.38944	1.17505	2.89084	1.68854	1.40929	3.56184	3.11258	3.38358	3.36763	2.25761	3.48933	5.73379	5.01393	2.35955	3.56803	1.62409	1.50104	3.12585	3.94599	3.58903	1.99089	2.59535	5.14581	1.5481	1.3707	4.84255	3.37524	4.02453	2.11753	3.31272	2.38657	3.37163	3.21034	2.47906	4.57964	1.54833	1.60765	1.54843	3.47211	1.45387	1.61038	3.61695	3.64306	3.40087	3.78483	2.3421	2.06901	2.88487	2.92127	4.11482	6.5471	4.62318	2.27823	2.54191	1.49297	3.41763	3.23297	4.17045	3.62261	1.53324	4.02329</FloatingPoint>
				<FloatingPoint size="20">	3.45839	2.16265	2.39202	2.44232	2.42825	1.49643	2.50041	2.84326	1.50945	2.16916	1.498	2.20478	2.52384	1.35517	1.32752	2.4822	2.61175	2.37134	2.4666	3.443</FloatingPoint>
			</Individual>
			<Individual size="2">
				<FitnessMin value="0.0190476"/>
				<FloatingPoint size="80">	2.58228	3.24928	4.47576	3.19833	3.18777	3.71245	2.56604	2.62311	2.8027	4.19234	3.62697	3.67624	3.47834	1.17923	3.55334	3.64949	4.57977	2.42101	3.61204	3.38962	1.17351	2.88796	1.68854	1.40929	3.44244	3.05541	3.72975	3.39578	2.34454	3.26394	5.69989	5.06185	2.35955	3.56798	1.62403	1.48422	3.07743	3.92464	3.5264	1.98865	2.59535	5.33528	1.55863	1.3707	4.82994	2.46905	4.36766	2.15843	3.31136	2.38648	3.37174	3.15254	2.47906	4.57964	1.54833	1.60765	1.54843	3.47211	1.45387	1.61038	3.61829	3.62725	3.34781	4.18946	2.3513	2.67653	2.87706	2.92865	3.91218	3.33425	4.64551	2.27625	2.52755	1.49297	3.41763	3.23297	4.1577	3.60098	1.52795	4.01723</FloatingPoint>
				<FloatingPoint size="20">	2.25843	2.23988	2.19798	2.46472	2.42911	1.49579	2.45375	2.96944	1.40914	2.69934	1.49735	2.20893	2.64481	1.35772	1.34273	2.46361	2.62742	2.74233	2.46619	3.4515</FloatingPoint>
			</Individual>
			<Individual size="2">
				<FitnessMin value="0.0190476"/>
				<FloatingPoint size="80">	2.76744	3.81535	4.47903	3.19218	3.13006	3.60767	2.57134	2.97568	2.81799	4.4625	3.62657	3.74881	3.47834	1.17972	3.55334	3.64877	4.57977	2.42103	3.61312	3.39126	1.17356	2.88777	1.68854	1.40929	3.45665	3.03953	3.88788	3.021	2.34782	3.35938	5.69028	5.02786	2.35955	3.56807	1.62398	1.47849	3.10503	3.93259	3.55425	1.98947	2.59535	5.44937	1.55302	1.3707	4.82824	3.05855	4.20223	2.14734	3.31215	2.38647	3.37173	3.1322	2.47906	4.57964	1.54833	1.60765	1.54843	3.47211	1.45387	1.61038	3.61475	3.6304	3.35438	3.81333	2.38039	2.59594	2.88068	2.90847	4.04025	3.76505	4.61104	2.27444	2.53326	1.49297	3.41763	3.23297	4.16	3.59068	1.56344	4.00283</FloatingPoint>
				<FloatingPoint size="20">	3.98019	1.6989	2.41333	2.45589	2.42202	1.49619	2.46013	2.97122	1.58713	2.29975	1.4978	2.24863	2.5329	1.39544	1.29703	2.49061	2.68849	2.39751	2.46688	3.42063</FloatingPoint>
			</Individual>
			<Individual size="2">
				<FitnessMin value="0.0190476"/>
				<FloatingPoint size="80">	6.7646	3.13368	4.61974	3.3564	2.97572	3.63596	2.8403	2.89412	2.81158	4.33845	3.62969	3.64324	3.47834	1.1804	3.55334	3.64816	4.57977	2.42095	3.61283	3.41002	1.17349	2.88853	1.68854	1.40929	3.38346	3.01354	3.84454	3.35791	2.38321	3.30229	5.701	5.06667	2.35955	3.56808	1.62398	1.48387	3.07502	3.92999	3.29	1.98412	2.59535	5.45465	1.55592	1.3707	4.82085	2.90259	4.11388	2.09998	3.31134	2.38646	3.37179	3.13262	2.47906	4.57964	1.54833	1.60765	1.54843	3.47211	1.45387	1.61038	3.62077	3.61559	3.3546	3.78968	2.38968	2.06581	2.88234	2.91246	3.9707	3.30952	4.61688	2.26574	2.53567	1.49297	3.41761	3.23297	3.28893	2.95159	1.53014	3.99323</FloatingPoint>
				<FloatingPoint size="20">	1.34765	2.14733	2.29746	2.46421	2.42835	1.49595	2.47091	2.88902	1.4049	2.75053	1.49816	2.28361	2.55109	1.41331	1.29334	2.48353	1.58949	2.71228	2.46679	3.70458</FloatingPoint>
			</Individual>
			<Individual size="2">
				<FitnessMin value="0.0190476"/>
				<FloatingPoint size="80">	2.56489	3.15169	4.46908	3.20129	4.49285	3.59208	2.58853	2.44178	2.80556	4.87962	3.64009	3.08437	3.47834	1.1771	3.55334	3.64887	4.57977	2.421	3.61319	3.3964	1.17351	2.88854	1.68854	1.40929	3.5533	3.08528	3.66286	3.38016	2.32266	3.34733	5.71821	5.04818	2.35955	3.56803	1.62407	1.49639	3.09087	3.92692	3.53291	1.9908	2.59535	5.25472	1.55245	1.3707	4.83604	5.51086	4.22486	2.12756	3.31247	2.38654	3.37173	3.1594	2.47906	4.57964	1.54833	1.60765	1.54843	3.47211	1.45387	1.61038	3.61578	3.62389	3.3943	3.79042	2.35637	2.75896	2.88191	2.91957	4.01805	3.42236	4.63777	2.27749	2.53643	1.49297	3.41763	3.23297	4.16685	3.58216	1.52784	4.01552</FloatingPoint>
				<FloatingPoint size="20">	3.26753	2.16559	2.44415	2.46568	2.42952	1.49588	3.01531	2.87911	1.40329	2.55646	1.49746	2.2302	2.49544	1.38973	1.32635	2.47086	2.58698	2.78301	2.46625	3.39406</FloatingPoint>
			</Individual>
			<Individual size="2">
				<FitnessMin value="0.0190476"/>
				<FloatingPoint size="80">	6.76822	3.12889	4.53159	3.20004	2.93117	3.5409	2.57215	3.01998	2.81353	4.49217	3.6349	3.72377	3.47834	1.18048	3.55334	3.64897	4.57977	2.42099	3.61277	3.40214	1.17271	2.88789	1.68854	1.40929	3.38875	3.00017	3.88462	3.42281	2.36896	3.36039	5.71517	5.08391	2.35955	3.56812	1.62397	1.48072	3.13662	3.92558	3.51778	1.98253	2.59535	5.45464	1.55562	1.3707	4.82229	2.86421	4.11836	2.14437	3.31261	2.38645	3.37177	3.1227	2.47906	4.57964	1.54833	1.60765	1.54843	3.47211	1.45387	1.61038	3.61777	3.5789	3.35571	3.58154	2.38849	2.56975	2.88343	2.91828	3.99319	3.32181	4.65458	2.26903	2.52999	1.49297	3.41763	3.23297	4.158	3.611	1.5263	3.97942</FloatingPoint>
				<FloatingPoint size="20">	3.18001	2.14681	2.30191	2.46222	2.42864	1.49628	2.45946	2.90587	1.41826	2.50474	1.49786	2.71252	2.52943	1.38516	1.32431	2.46737	2.63068	2.51974	2.46678	3.47241</FloatingPoint>
			</Individual>
			<Individual size="2">
				<FitnessMin value="0.0190476"/>
				<FloatingPoint size="80">	2.55966	3.1469	4.45643	3.2012	3.18328	3.71521	2.56978	2.52081	2.80518	4.43674	3.57978	3.55437	3.47834	1.17733	3.55334	3.64967	4.57977	2.42107	3.61263	3.41018	1.17376	2.88911	1.68854	1.40929	3.38626	3.0078	3.75018	3.37075	2.30774	3.3485	5.69467	4.97182	2.35955	3.56807	1.62398	1.49632	3.13023	3.93689	3.52025	1.98578	2.59535	5.19308	1.55733	1.3707	4.82401	3.05665	4.20066	2.15089	3.31142	2.38649	3.37177	3.14608	2.47906	4.57964	1.54833	1.60765	1.54843	3.47211	1.45387	1.61038	3.6162	3.58038	3.3859	3.84815	2.37094	2.56038	2.89664	2.90934	4.00587	3.4239	4.61632	2.2747	2.52898	1.49297	3.41763	3.23297	4.15839	3.56258	1.53029	3.99559</FloatingPoint>
				<FloatingPoint size="20">	3.79357	2.31665	3.03835	2.46267	2.42582	1.4964	3.72135	2.89358	1.39202	2.65388	1.49792	2.13367	2.52596	1.36098	1.32646	2.48494	2.72971	2.75074	2.4678	3.41554</FloatingPoint>
			</Individual>
			<Individual size="2">
				<FitnessMin value="0.0190476"/>
				<FloatingPoint size="80">	2.54888	3.1578	4.45318	3.2166	5.10087	3.70815	2.59167	2.7906	2.78788	4.74555	3.58567	2.71292	3.47834	1.17946	3.55334	3.65061	4.57977	2.42099	3.61265	3.38944	1.17289	2.88863	1.68854	1.40996	3.56184	3.11258	3.38358	3.36763	2.3655	3.30854	5.73379	5.09216	2.35955	3.56803	1.62399	1.48012	3.12585	3.92834	3.50813	1.99089	2.59535	5.45466	1.55273	1.3707	4.84255	3.37524	4.16226	2.1406	3.31272	2.38646	3.37163	3.21034	2.47906	4.57964	1.54833	1.60765	1.54843	3.47211	1.45387	1.61038	3.61772	3.64664	3.40087	3.76264	2.35363	2.06901	2.94197	2.90322	4.11482	6.5471	4.62318	2.2775	2.5341	1.49297	3.41763	3.23297	4.17045	3.62261	1.53324	3.97452</FloatingPoint>
				<FloatingPoint size="20">	2.69116	2.13506	2.12942	2.45733	2.42844	1.49637	2.56389	2.38776	1.43756	2.60375	1.49854	2.23997	2.54346	1.38576	1.3403	2.4823	2.58828	2.66909	2.4664	3.50357</FloatingPoint>
			</Individual>
			<Individual size="2">
				<FitnessMin value="0.0190476"/>
				<FloatingPoint size="80">	2.54888	3.74437	4.473	3.20268	3.29267	3.60463	2.56715	2.7906	2.8103	4.74555	3.58567	3.41277	3.47834	1.17946	3.55334	3.65061	4.57977	2.42103	3.61265	3.38965	1.17289	2.88863	1.68854	1.40996	3.44719	3.00043	3.71126	3.41489	2.3655	3.30854	5.77847	5.09216	2.35955	3.56813	1.62399	1.48012	1.42478	3.92834	3.50813	1.98135	2.59535	5.45466	1.55273	1.3707	4.78615	2.76736	4.16226	2.1406	3.3116	2.38646	3.37178	3.14517	2.47906	4.57964	1.54833	1.60765	1.54843	3.47211	1.45387	1.61038	3.61772	3.64664	3.40637	3.76264	2.35363	2.5682	2.94197	2.90322	3.94639	3.37019	4.67547	2.2775	2.5341	1.49297	3.41763	3.23297	4.15776	3.58901	1.583	3.97452</FloatingPoint>
				<FloatingPoint size="20">	2.7829	2.18461	2.15376	2.49775	2.50902	1.49516	2.48368	2.80118	1.46251	2.55299	1.49778	1.56093	2.53306	1.37355	1.3005	2.46619	2.77439	2.55367	2.46696	3.39289</FloatingPoint>
			</Individual>
			<Individual size="2">
				<FitnessMin value="0.0190476"/>
				<FloatingPoint size="80">	2.85762	3.55969	4.47943	3.20971	3.57149	6.0517	2.57163	2.75837	2.79937	4.57999	3.56616	3.68905	3.47834	1.17939	3.55334	3.64935	4.57977	2.42104	3.61224	3.38964	1.17473	2.88802	1.68854	1.40929	3.44623	3.03453	3.75988	3.3404	2.32485	3.25375	5.68391	4.98956	2.35955	3.56802	1.62399	1.4896	3.08653	3.92754	3.54684	1.10395	2.59535	5.41157	1.55167	1.3707	4.82102	2.07161	4.15969	2.13662	3.31245	2.38647	3.3717	3.15371	2.47906	4.57964	1.54833	1.60765	1.54843	3.47211	1.45387	1.61038	3.61592	3.62222	3.35742	3.76975	2.37641	2.60579	2.85128	2.92161	3.9603	3.96798	4.77056	2.27624	2.52869	1.49297	3.41763	3.23297	4.16237	3.58996	1.52688	3.9968</FloatingPoint>
				<FloatingPoint size="20">	2.68277	2.22674	2.38915	2.47099	2.06769	1.49632	2.44095	2.87501	1.39688	2.16837	1.49947	2.22436	2.62534	1.31894	1.28758	2.47675	2.64178	2.79732	2.46734	3.39511</FloatingPoint>
			</Individual>
			<Individual size="2">
				<FitnessMin value="0.0190476"/>
				<FloatingPoint size="80">	2.56489	3.15169	4.46908	3.20129	4.49285	3.59208	2.58853	2.44178	2.80556	4.87962	3.64009	3.08437	3.47834	1.1771	3.55334	3.64887	4.57977	2.421	3.61319	3.3964	1.17351	2.88854	1.68854	1.40929	3.5533	3.08528	3.66286	3.38016	2.32266	3.34733	5.71821	5.04818	2.35955	3.56803	1.62407	1.49639	3.09087	3.92692	3.53291	1.9908	2.59535	5.25472	1.55245	1.3707	4.83604	5.51086	4.22486	2.12756	3.31247	2.38654	3.37173	3.1594	2.47906	4.57964	1.54833	1.60765	1.54843	3.47211	1.45387	1.61038	3.61578	3.62389	3.3943	3.79042	2.35637	2.75896	2.88191	2.91957	4.01805	3.42236	4.63777	2.27749	2.53643	1.49297	3.41763	3.23297	4.16685	3.58216	1.52784	4.01552</FloatingPoint>
				<FloatingPoint size="20">	2.68277	2.16559	2.44415	2.47099	2.42952	1.49632	3.01531	2.87911	1.40329	2.55646	1.49746	2.2302	2.62534	1.31894	1.32635	2.47675	2.64178	2.79732	2.46734	3.39406</FloatingPoint>
			</Individual>
			<Individual size="2">
				<FitnessMin value="0.0190476"/>
				<FloatingPoint size="80">	2.76744	3.53838	4.49936	3.21774	3.88147	3.65136	2.57695	2.5491	2.80215	4.88107	3.62536	3.8875	3.47834	1.17885	3.55334	3.64896	4.57977	2.42098	3.61447	3.38962	1.17428	2.8876	1.68854	1.40943	3.44031	3.04725	3.62249	2.8993	2.30418	3.48226	5.69034	5.00059	2.35955	3.56806	1.62403	1.48076	3.08364	3.92081	3.5336	1.98986	2.59535	5.24679	1.56091	1.3707	4.83138	4.87434	4.3663	2.14637	3.31148	2.38655	3.37171	3.15571	2.47906	4.57964	1.54833	1.60765	1.54843	3.47211	1.45387	1.61038	3.61515	3.63131	3.35866	3.99848	2.36466	2.74442	2.87837	2.91586	4.04802	3.8258	4.62129	2.27668	2.539	1.49297	3.41763	3.23297	4.15892	3.60709	1.52931	4.01968</FloatingPoint>
				<FloatingPoint size="20">	3.00003	2.11816	2.13997	2.46267	2.42876	1.49569	2.39495	2.9867	1.41911	2.69144	1.49827	2.22607	2.5261	1.35581	1.34512	2.47452	2.7729	2.51223	2.466	3.53104</FloatingPoint>
			</Individual>
			<Individual size="2">
				<FitnessMin value="0.0190476"/>
				<FloatingPoint size="80">	2.58228	3.56067	4.46656	3.21129	3.62621	3.61748	2.57578	2.76892	2.79932	4.6469	3.61603	3.6459	3.47834	1.18008	3.55334	3.64934	4.57977	2.42105	3.61335	3.38967	1.1741	2.88889	1.68854	1.40929	3.47198	3.02619	3.74835	3.32057	2.32484	3.32049	5.68843	5.04255	2.35955	3.56813	1.62399	1.48946	3.10493	3.92811	3.5628	1.98646	2.59535	5.33037	1.55047	1.3707	4.82284	3.21366	4.12513	2.13443	3.31231	2.38649	3.3717	3.14929	2.47906	4.57964	1.54833	1.60765	1.54843	3.47211	1.45387	1.61038	3.61477	3.63239	3.38429	3.7146	2.37163	2.61997	2.87462	2.91927	3.97603	4.09619	4.71075	2.27608	2.53524	1.49297	3.41762	3.23297	4.16484	3.58711	1.52972	3.97992</FloatingPoint>
				<FloatingPoint size="20">	3.3409	2.15991	2.36855	2.45246	2.42854	1.49638	2.48891	2.83738	1.41048	2.66095	1.49808	2.44677	2.54453	1.37841	1.31364	2.48439	2.40003	2.60152	2.46713	3.47514</FloatingPoint>
			</Individual>
			<Individual size="2">
				<FitnessMin value="0.0190476"/>
				<FloatingPoint size="80">	2.57011	3.55717	4.4831	3.20965	3.29091	3.72931	2.56618	2.52956	2.80071	4.24935	3.49668	3.6943	3.47834	1.17937	3.55334	3.64944	4.57977	2.42099	3.61186	3.38962	1.17524	2.8879	1.68854	1.40929	3.44454	3.0591	3.76597	3.38451	2.32486	3.16845	5.66716	4.97749	2.85014	3.56789	1.62399	1.49064	3.08009	3.92541	3.54556	1.99205	2.59535	5.45409	1.55691	1.3707	4.81706	1.05874	4.17083	2.15073	3.31263	2.38647	3.3717	3.15379	2.47906	4.57964	1.54833	1.60765	1.54843	3.47211	1.45387	1.61038	3.62078	3.61811	3.34448	3.83118	2.37723	2.58884	2.81753	2.94	3.95248	3.71306	4.85746	2.27626	2.52559	1.49297	3.41763	3.23297	4.1622	3.60108	1.52642	4.01417</FloatingPoint>
				<FloatingPoint size="20">	2.92698	2.15795	2.22521	2.44043	2.42871	1.49604	2.41631	2.91478	1.68249	2.62048	1.49764	2.237	2.53346	1.36193	1.33104	2.48307	2.51806	2.73235	2.46597	3.49073</FloatingPoint>
			</Individual>
			<Individual size="2">
				<FitnessMin value="0.0190476"/>
				<FloatingPoint size="80">	5.03686	3.3999	4.55708	3.19393	3.06728	3.67252	1.24146	2.73353	2.80234	4.59525	3.51718	3.68766	3.47834	1.18058	3.55334	3.64911	4.57977	2.42099	3.61237	3.39179	1.17404	2.88771	1.68854	1.40929	5.64135	3.02845	3.85908	3.40485	2.36823	3.31479	5.69768	5.04543	2.35955	3.56796	1.62399	1.48819	3.08803	3.92543	3.5303	1.99115	2.59535	5.4544	1.55636	1.3707	4.81651	1.36642	4.11713	2.14922	3.31263	2.38644	3.37173	3.14383	2.47906	4.57964	1.54833	1.60765	1.54843	3.47211	1.45387	1.61038	3.62083	3.57435	3.34682	3.85892	2.3938	2.56897	2.85341	2.93915	3.97568	3.28202	4.80515	2.26938	2.52747	1.49297	3.41763	3.23297	3.52322	3.60701	1.48341	3.97533</FloatingPoint>
				<FloatingPoint size="20">	3.98649	2.24984	2.41915	2.45293	2.42864	1.49646	2.49301	2.9155	1.48156	2.3037	1.49791	2.2167	2.53992	1.35515	1.32786	2.48138	2.61328	2.47086	2.46685	3.47538</FloatingPoint>
			</Individual>
			<Individual size="2">
				<FitnessMin value="0.0190476"/>
				<FloatingPoint size="80">	2.54888	3.74437	4.473	3.20268	3.29267	3.60463	2.56715	2.7906	2.8103	4.74555	3.58567	3.41277	3.47834	1.17946	3.55334	3.65061	4.57977	2.42103	3.61265	3.38965	1.17289	2.88863	1.68854	1.40996	3.44719	3.00043	3.71126	3.41489	2.3655	3.30854	5.77847	5.09216	2.35955	3.56813	1.62399	1.48012	1.42478	3.92834	3.50813	1.98135	2.59535	5.45466	1.55273	1.3707	4.78615	2.76736	4.16226	2.1406	3.3116	2.38646	3.37178	3.14517	2.47906	4.57964	1.54833	1.60765	1.54843	3.47211	1.45387	1.61038	3.61772	3.64664	3.40637	3.76264	2.35363	2.5682	2.94197	2.90322	3.94639	3.37019	4.67547	2.2775	2.5341	1.49297	3.41763	3.23297	4.15776	3.58901	1.583	3.97452</FloatingPoint>
				<FloatingPoint size="20">	3.00003	2.23601	2.22304	2.4787	2.43286	1.49568	2.84013	2.83383	1.42499	2.32731	1.49777	1.91304	2.52973	1.37875	1.308	2.48665	2.63643	2.59558	2.46685	3.39167</FloatingPoint>
			</Individual>
			<Individual size="2">
				<FitnessMin value="0.0190476"/>
				<FloatingPoint size="80">	2.58228	3.56067	4.46656	3.21129	3.62621	3.61748	2.57578	2.76892	2.79932	4.6469	3.61603	3.6459	3.47834	1.18008	3.55334	3.64934	4.57977	2.42105	3.61335	3.38967	1.1741	2.88889	1.68854	1.40929	3.47198	3.02619	3.74835	3.32057	2.32484	3.32049	5.68843	5.04255	2.35955	3.56813	1.62399	1.48946	3.10493	3.92811	3.5628	0.731956	2.59535	5.33037	1.55047	1.3707	4.82284	3.21366	4.12513	2.13443	3.31231	2.38649	3.3717	3.14929	2.47906	4.57964	1.54833	1.60765	1.54843	3.47211	1.45387	1.61038	3.61477	3.63239	3.38429	3.7146	2.37163	2.61997	2.87462	2.91927	3.97603	4.09619	4.71075	2.27608	2.53524	1.49297	3.41762	3.23297	4.16484	3.58711	1.52972	3.97992</FloatingPoint>
				<FloatingPoint size="20">	3.98649	2.24984	2.41915	2.44658	2.42879	1.49632	2.44029	2.96097	1.47689	2.11765	1.49753	2.12678	2.52309	1.4098	1.29594	2.48722	2.6078	2.38577	2.46672	3.39087</FloatingPoint>
			</Individual>
			<Individual size="2">
				<FitnessMin value="0.0190476"/>
				<FloatingPoint size="80">	2.81815	3.24184	4.47321	3.21111	3.09107	3.65563	2.57057	2.81832	2.80728	4.62728	3.60091	3.51653	3.47834	1.1803	3.55334	3.6498	4.57977	2.42108	3.61283	3.41429	1.17269	2.8881	1.68854	1.40943	3.38555	3.05702	3.7342	3.42964	2.38525	3.29954	5.73355	4.99051	2.35955	3.56806	1.62398	1.4833	2.57867	3.9379	3.58903	1.99089	2.59535	5.14581	1.5481	1.3707	4.84255	3.37524	4.02453	2.11753	3.31272	2.38657	3.37163	3.21034	2.47906	4.57964	1.54833	1.60765	1.54843	3.47211	1.45387	1.61038	3.61695	3.64239	3.39567	3.78025	2.34487	2.15801	2.87237	2.92251	4.11597	6.1548	4.64774	2.27821	2.54169	1.49297	3.41763	3.23297	4.17002	3.623	1.53302	4.02327</FloatingPoint>
				<FloatingPoint size="20">	2.68277	2.22674	2.38915	2.47099	2.06769	1.49632	2.44095	2.87501	1.39688	2.16837	1.49947	2.22436	2.62534	1.31894	1.28758	2.47675	2.64178	2.79732	2.46734	3.39511</FloatingPoint>
			</Individual>
			<Individual size="2">
				<FitnessMin value="0.0190476"/>
				<FloatingPoint size="80">	2.57011	3.55717	4.4831	3.20965	3.29091	3.72931	2.56618	2.52956	2.80071	4.24935	3.49668	3.6943	3.47834	1.17937	3.55334	3.64944	4.57977	2.42099	3.61186	3.38962	1.17524	2.8879	1.68854	1.40929	3.44454	3.0591	3.76597	3.38451	2.32486	3.16845	5.66716	4.97749	2.35955	3.56789	1.62399	1.49064	3.08009	3.92541	3.54556	1.99205	2.59535	5.45409	1.55691	1.3707	4.81706	1.05874	4.17083	2.15073	3.31263	2.38647	3.3717	3.15379	2.47906	4.57964	1.54833	1.60765	1.54843	3.47211	1.45387	1.61038	3.61819	3.62426	3.36161	3.781	2.37482	2.60224	2.8421	2.93108	3.96262	3.87798	4.79431	2.27618	2.52974	1.49297	3.41763	3.23297	4.16334	3.59507	1.52784	3.99942</FloatingPoint>
				<FloatingPoint size="20">	3.98649	2.15634	2.41915	2.45536	2.42879	1.49632	2.59784	2.8167	1.4266	2.11765	1.49871	2.24152	2.55027	1.4098	1.29594	2.49562	2.58247	2.37476	2.46752	3.50046</FloatingPoint>
			</Individual>
			<Individual size="2">
				<FitnessMin value="0.0190476"/>
				<FloatingPoint size="80">	2.95365	3.31155	4.47321	3.21342	4.50324	3.70997	2.57525	2.66935	3.82403	4.7246	3.59715	3.27893	3.47834	1.17781	3.55334	3.64967	4.57977	2.42102	3.61332	3.39654	1.17294	2.88837	1.68854	1.4093	3.51644	3.07225	3.68611	3.38824	2.31279	3.43974	5.72853	5.00792	2.35955	3.56807	1.62399	1.49774	2.74669	3.93017	3.55804	1.98706	2.59535	5.41222	1.55643	1.3707	4.82242	3.10537	4.10819	1.62473	3.31159	2.3865	3.3717	3.15747	2.47906	4.57964	1.54833	1.60765	1.54843	3.47211	1.45387	1.61038	3.6131	3.62434	3.3737	3.96705	2.36242	2.46973	2.85563	2.91847	4.02648	4.96168	4.61649	2.27609	2.53637	1.49297	3.41762	3.23297	4.16522	3.60257	1.63116	3.98424</FloatingPoint>
				<FloatingPoint size="20">	3.26753	2.18574	2.6709	2.46206	2.42847	1.4965	2.46424	2.90372	1.39923	2.86194	1.49805	3.92909	2.5234	1.36826	1.31742	2.46424	2.77682	1.15544	2.46652	3.46882</FloatingPoint>
			</Individual>
			<Individual size="2">
				<FitnessMin value="0.0190476"/>
				<FloatingPoint size="80">	2.78252	3.40476	4.48004	3.21411	4.32995	3.72905	2.57717	2.57416	2.79731	4.70953	3.57656	3.34832	3.47834	1.17872	3.55334	3.64945	4.57977	2.42099	3.61239	3.39764	1.17314	2.88806	1.68854	1.4093	3.48584	3.07541	3.73534	3.3828	2.30595	3.4289	5.67781	4.98218	2.35955	3.56802	1.62399	1.49356	3.03	3.92628	3.55663	1.98844	2.59535	5.42119	1.55683	1.3707	4.81844	1.94735	4.10673	2.1467	3.31215	2.38651	3.3717	3.15865	2.47906	4.57964	1.54833	1.60765	1.54843	3.47211	1.45387	1.61038	3.61858	3.61986	3.36589	3.78799	2.36748	2.57084	2.83922	2.92605	4.09784	4.00219	4.77991	2.27637	2.5312	1.49297	3.41763	3.23297	4.16628	3.60008	1.52794	3.99148</FloatingPoint>
				<FloatingPoint size="20">	3.49892	2.10613	2.44158	2.45838	2.42875	1.49647	2.47953	2.94531	1.4041	2.37484	1.4977	2.24186	2.55492	1.35515	1.33408	2.47847	2.63053	2.64503	2.46688	3.49757</FloatingPoint>
			</Individual>
			<Individual size="2">
				<FitnessMin value="0.0190476"/>
				<FloatingPoint size="80">	2.55966	3.98599	4.50126	3.2169	2.98176	3.69468	2.57372	2.75431	2.80085	4.59663	3.62973	3.53873	3.47834	1.1806	3.55334	3.64895	4.57977	2.421	3.6127	3.41554	1.17378	2.88783	1.68854	1.40929	3.37548	3.08893	3.73105	2.52783	2.37278	3.393	5.68703	4.97285	2.35955	3.56808	1.62399	1.48562	3.13398	3.93543	3.52356	1.98545	2.59535	5.45465	1.55555	1.3707	4.81874	3.06513	4.44171	2.1561	3.31143	2.38649	3.3717	3.14488	2.47906	4.57964	1.54833	1.60765	1.54843	3.47211	1.45387	1.61038	3.61955	3.67994	3.39026	3.67055	2.38923	2.51835	2.85381	2.90944	3.95732	3.33077	4.66923	2.27527	2.53206	1.49297	3.41763	3.23297	4.17073	3.54397	1.53325	3.91302</FloatingPoint>
				<FloatingPoint size="20">	3.98649	2.24984	2.41915	2.46384	2.42879	1.49632	2.44029	2.8167	1.39798	2.11765	1.498	2.24152	2.52309	1.4098	1.29594	2.49562	2.61317	2.37476	2.46752	3.39087</FloatingPoint>
			</Individual>
			<Individual size="2">
				<FitnessMin value="0.0190476"/>
				<FloatingPoint size="80">	2.57011	3.55717	4.4831	3.20965	3.29091	3.72931	2.56618	2.52956	2.80071	4.24935	3.49668	3.6943	3.47834	1.17937	3.55334	3.64944	4.57977	2.42099	3.61186	3.38962	1.17524	2.8879	1.68854	1.40929	3.44454	3.0591	3.76597	3.38451	2.32486	3.16845	5.66716	4.97749	2.35955	3.56789	1.62399	1.49064	3.08009	3.92541	3.54556	1.99205	2.59535	5.45409	1.55691	1.3707	4.81706	1.05874	4.17083	2.15073	3.31263	2.38647	3.3717	3.15379	2.47906	4.57964	1.54833	1.60765	1.54843	3.47211	1.45387	1.61038	3.61819	3.62426	3.36161	3.781	2.37482	2.60224	2.8421	2.93108	3.96262	3.87798	4.79431	2.27618	2.52974	1.49297	3.41763	3.23297	4.16334	3.59507	1.52784	3.99942</FloatingPoint>
				<FloatingPoint size="20">	3.98649	2.15634	2.41915	2.45536	2.42879	1.49632	2.59784	2.8167	1.4266	2.11765	1.49871	2.24152	2.55027	1.4098	1.29594	2.49562	2.58247	2.37476	2.46752	3.50046</FloatingPoint>
			</Individual>
			<Individual size="2">
				<FitnessMin value="0.0190476"/>
				<FloatingPoint size="80">	2.93423	3.23698	4.47854	3.18446	2.92639	3.35672	2.57218	2.99321	2.81382	4.57957	3.63861	3.55263	3.47834	1.18049	3.55334	3.6487	4.57977	2.42096	3.61315	3.3897	1.17459	2.8874	1.68854	1.40929	3.42036	3.06868	3.77068	3.3628	2.37513	3.43927	5.6994	5.05069	2.35955	3.56809	1.62398	1.47857	3.12802	3.92726	3.55422	1.98841	2.59535	5.45036	1.55376	1.3707	4.82326	3.08148	4.14601	2.15865	3.31204	2.3865	3.37172	3.14008	2.47906	4.57964	1.54833	1.60765	1.54843	3.47211	1.45387	1.61038	3.6163	3.63493	3.35274	3.79601	2.40161	2.57229	2.86355	2.90396	4.05665	3.59111	4.67093	2.27155	2.53329	1.49297	3.41763	3.23297	4.16101	3.60299	1.52997	4.00981</FloatingPoint>
				<FloatingPoint size="20">	2.87248	2.10017	2.41348	2.46274	2.4282	1.49621	2.4683	2.9395	1.39613	2.21431	1.4964	2.21456	2.619	1.56331	1.33046	2.46145	2.49475	2.45169	2.46823	3.5245</FloatingPoint>
			</Individual>
			<Individual size="2">
				<FitnessMin value="0.0190476"/>
				<FloatingPoint size="80">	2.55966	3.1469	4.45643	3.2012	3.18328	3.71521	2.56978	2.52081	2.80518	4.43674	3.57978	3.55437	3.47834	1.17733	3.55334	3.64967	4.57977	2.42107	3.61263	3.41018	1.17376	2.88911	1.68854	1.40929	3.38626	3.0078	3.75018	3.37075	2.30774	3.3485	5.69467	4.97182	2.35955	3.56807	1.62398	1.49632	3.13023	3.93689	3.52025	1.98578	2.59535	5.19308	1.55733	1.3707	4.82401	3.05665	4.20066	2.15089	3.31142	2.38649	3.37177	3.14608	2.47906	4.57964	1.54833	1.60765	1.54843	3.47211	1.45387	1.61038	3.6162	3.58038	3.3859	3.84815	2.37094	2.56038	2.89664	2.90934	4.00587	3.4239	4.61632	2.2747	2.52898	1.49297	3.41763	3.23297	4.15839	3.5811	1.53029	3.99559</FloatingPoint>
				<FloatingPoint size="20">	2.65043	2.18569	2.41464	2.46236	2.42907	1.49579	2.39243	2.86789	1.41424	2.54703	1.49764	2.24567	2.53575	1.38806	1.31548	2.48111	2.64257	2.46676	2.46546	3.42454</FloatingPoint>
			</Individual>
			<Individual size="2">
				<FitnessMin value="0.0190476"/>
				<FloatingPoint size="80">	2.84769	3.55295	4.46582	3.21021	3.57249	3.7118	2.57518	2.75375	2.79451	4.63448	3.26176	3.62802	3.47834	1.17931	3.55334	3.64929	4.57977	2.42103	3.61249	3.38963	1.1744	2.88831	1.68854	1.40929	3.4659	3.03882	3.70145	3.39853	2.35804	3.28135	5.70397	5.03545	2.35955	3.56804	1.62401	1.48374	3.07773	3.92196	3.54009	1.55979	2.59535	5.38371	1.56136	1.3707	4.83125	2.54072	4.43097	2.15473	3.31159	2.38649	3.37174	3.1534	2.47906	4.57964	1.54833	1.60765	1.54843	3.47211	1.45387	1.61038	3.61572	3.62361	3.35738	3.93607	2.3615	2.80937	4.48613	2.92041	3.90909	3.54651	4.65748	2.27569	2.52912	1.49297	3.41763	3.23297	4.1608	3.59375	1.52799	3.99713</FloatingPoint>
				<FloatingPoint size="20">	3.26753	2.24604	2.29235	2.46258	2.4288	1.49512	2.55892	2.89273	1.43053	2.59772	1.49735	1.86376	2.55432	1.38258	1.31122	2.46818	2.96709	2.48944	2.46525	3.42668</FloatingPoint>
			</Individual>
			<Individual size="2">
				<FitnessMin value="0.0190476"/>
				<FloatingPoint size="80">	2.58228	3.56067	4.46656	3.21129	3.62621	3.61748	2.57578	2.76892	2.79932	4.6469	3.61603	3.6459	3.47834	1.18008	3.55334	3.64934	4.57977	2.42105	3.61335	3.38967	1.1741	2.88889	1.68854	1.40929	3.47198	3.02619	3.74835	3.32057	2.32484	3.32049	5.68843	5.04255	2.35955	3.56813	1.62399	1.48946	3.10493	3.92811	3.5628	1.98646	2.59535	5.33037	1.55047	1.3707	4.82284	3.21366	4.12513	2.13443	3.31231	2.38649	3.3717	3.14929	2.47906	4.57964	1.54833	1.60765	1.54843	3.47211	1.45387	1.61038	3.61477	3.63239	3.38429	3.7146	2.37163	2.61997	2.87462	2.91927	3.97603	4.09619	4.71075	2.27608	2.53524	1.49297	3.41762	3.23297	4.16484	3.58711	1.52972	3.97992</FloatingPoint>
				<FloatingPoint size="20">	3.98649	2.24984	2.41915	2.46384	2.42879	1.49632	2.44029	2.8167	1.42871	2.36218	1.49761	2.58614	2.52624	1.38095	1.3048	2.4887	2.60985	2.44064	2.46769	3.41746</FloatingPoint>
			</Individual>
			<Individual size="2">
				<FitnessMin value="0.0761905"/>
				<FloatingPoint size="80">	3.0415	3.20494	4.46893	3.21181	3.64005	3.64352	2.56371	2.66995	2.80604	4.11271	3.65344	3.48269	3.47834	1.17827	3.55334	3.64897	4.57977	2.42104	3.61351	3.39229	1.17395	2.8892	1.68854	1.40929	3.39314	3.07265	3.70591	3.29022	2.35007	3.355	5.7067	5.02294	2.35955	3.56807	1.62403	1.48605	3.1007	3.9249	3.52366	1.98703	2.59535	5.33696	1.56137	1.3707	4.82817	2.94909	4.20607	2.12948	3.31142	2.3865	3.37174	3.15693	2.47906	4.57964	1.54833	1.60765	1.54843	4.61863	1.45387	1.61038	3.61681	3.63845	3.3834	4.31298	2.35074	2.34805	2.88088	2.91742	3.93279	4.14771	4.63218	2.27774	2.53828	1.49297	3.41763	3.23297	4.16208	3.60748	1.5302	4.00715</FloatingPoint>
				<FloatingPoint size="20">	3.53639	2.09081	2.44937	2.45865	2.42892	1.49601	2.3924	2.89192	1.47543	2.58362	1.49771	2.24422	2.54121	1.37585	1.33173	2.47673	2.62288	2.70016	2.46668	3.48138</FloatingPoint>
			</Individual>
			<Individual size="2">
				<FitnessMin value="0.0190476"/>
				<FloatingPoint size="80">	2.57011	3.1469	4.45643	3.2012	3.18328	3.71521	2.56978	2.52081	2.80518	4.43674	3.57978	3.55437	3.47834	1.17733	3.55334	3.64967	4.57977	2.42107	3.61263	3.41018	1.17376	2.88911	1.68854	1.40929	3.38626	3.0078	3.75018	3.37075	2.30774	3.36841	5.69467	4.97182	2.35955	3.56807	1.62398	1.49632	3.13023	3.93689	3.52025	1.98578	2.59535	5.19308	1.55733	1.3707	4.82401	3.05665	4.20066	2.15089	3.31142	2.38649	3.37177	3.14608	2.47906	4.57964	1.54833	1.60765	1.54843	3.47211	1.45387	1.61038	3.6162	3.58038	3.3859	3.84815	2.37094	2.56038	2.89664	2.90934	4.00587	3.4239	4.61632	2.2747	2.52898	1.49297	3.41763	3.23297	4.15839	3.56258	1.53029	3.99559</FloatingPoint>
				<FloatingPoint size="20">	3.00003	2.26448	2.28476	2.4651	2.4297	1.49633	3.92118	2.89599	1.40136	2.7087	1.49735	2.20721	2.52258	1.42331	1.32561	2.46249	2.54981	2.80189	2.46681	3.38715</FloatingPoint>
			</Individual>
			<Individual size="2">
				<FitnessMin value="0.0190476"/>
				<FloatingPoint size="80">	2.58228	3.56067	4.46656	3.21129	3.62621	3.61748	2.57578	2.76892	2.79932	4.6469	3.61603	3.6459	3.47834	1.18008	3.55334	3.64934	4.57977	2.42105	3.61335	3.38967	1.1741	2.88889	1.68854	1.40929	3.47198	3.02619	3.74835	3.32057	2.32484	3.32049	5.68843	5.04255	2.35955	3.56813	1.62399	1.48946	3.10493	3.92811	3.5628	0.731956	2.59535	5.33037	1.55047	1.3707	4.82284	3.21366	4.12513	2.13443	3.31231	2.38649	3.3717	3.14929	2.47906	4.57964	1.54833	1.60765	1.54843	3.47211	1.45387	1.61038	3.61477	3.63239	3.38429	3.7146	2.37163	2.61997	2.87462	2.91927	3.97603	4.09619	4.71075	2.27608	2.53524	1.49297	3.41762	3.23297	4.16484	3.58711	1.52972	3.97992</FloatingPoint>
				<FloatingPoint size="20">	3.98019	1.6989	2.41333	2.45589	2.42202	1.49619	2.46013	2.97122	1.58713	2.29975	1.4978	2.24863	2.5329	1.39544	1.29682	2.48996	2.67307	2.39527	2.46685	3.41494</FloatingPoint>
			</Individual>
			<Individual size="2">
				<FitnessMin value="0.0190476"/>
				<FloatingPoint size="80">	2.72521	3.12609	4.45742	3.20988	3.84529	3.68271	2.57069	2.71587	2.79808	4.2264	3.6067	3.59824	3.47834	1.17901	3.55334	3.64952	4.57977	2.42102	3.61339	3.38954	1.17384	2.88876	1.68854	1.40929	3.47456	3.02095	3.63369	3.407	2.37253	3.31427	5.70659	5.06755	2.35955	3.56808	1.62403	1.4791	3.07636	3.91737	3.52317	1.98409	2.59535	5.32502	1.56204	1.3707	4.83142	2.8379	4.72944	2.16089	3.31124	2.3865	3.37176	3.15238	2.47906	4.57964	1.54833	1.60765	1.54843	3.47211	1.45387	1.61038	3.61502	3.63063	3.35512	4.55646	2.34508	2.9268	4.34916	2.9181	3.90428	3.30044	4.63315	2.27563	2.53776	1.49297	3.41763	3.23297	4.15669	3.60082	1.5283	4.02554</FloatingPoint>
				<FloatingPoint size="20">	3.26753	2.24604	2.29235	2.46258	2.4288	1.49512	2.55892	2.89273	1.43053	2.59772	1.49735	1.86376	2.55432	1.38258	1.31122	2.46818	2.96709	2.48944	2.46525	3.42668</FloatingPoint>
			</Individual>
			<Individual size="2">
				<FitnessMin value="0.0190476"/>
				<FloatingPoint size="80">	2.76744	3.53838	4.49936	3.21774	3.88147	3.65136	2.57695	2.5491	2.80215	4.88107	3.62536	3.8875	3.47834	1.17885	3.55334	3.64896	4.57977	2.42098	3.61447	3.38962	1.17428	2.8876	1.68854	1.40943	3.44031	3.04725	3.62249	2.8993	2.30418	3.48226	5.69034	5.00059	2.35955	3.56806	1.62398	1.49258	3.12443	3.93872	3.55612	1.99024	2.59535	5.45464	1.56016	1.3707	4.83314	3.17614	4.54959	2.15141	3.3116	2.38653	3.3717	3.15713	2.47906	4.57964	1.54833	1.60765	1.54843	3.47211	1.45387	1.61038	3.61635	3.68249	3.33534	3.76884	2.39067	5.63179	2.8677	2.91498	4.1459	3.47589	4.68039	2.27098	2.52804	1.49297	3.41763	3.23297	4.1607	3.57696	1.53169	3.96865</FloatingPoint>
				<FloatingPoint size="20">	2.92938	2.15634	2.04327	2.45536	2.42836	1.4964	2.59784	2.96948	1.4266	2.51064	1.49871	2.22535	2.55027	1.40273	1.3444	2.48077	2.58247	2.69017	2.46653	3.50046</FloatingPoint>
			</Individual>
			<Individual size="2">
				<FitnessMin value="0.0190476"/>
				<FloatingPoint size="80">	2.84953	3.15498	4.45287	3.21685	4.93338	3.71541	2.59043	2.22016	2.78876	5.06755	3.66126	2.7839	3.47834	1.17653	3.55334	3.64877	4.57977	2.42099	3.61526	3.38946	1.17501	2.89053	1.68854	1.40929	3.56253	3.11264	3.42527	3.36937	2.26133	3.47564	5.72798	5.00747	2.35955	3.56803	1.62408	1.5007	3.1276	3.92905	3.585	1.99091	2.59535	5.16967	1.54991	1.3707	4.8396	5.96708	4.0363	2.12286	3.31248	2.38657	3.37164	3.20745	2.47906	4.57964	1.54833	1.60765	1.54843	3.47211	1.45387	1.61038	3.61664	3.64081	3.39457	3.76943	2.35141	2.36838	2.87718	2.92029	4.1187	6.2965	4.60955	2.27817	2.54118	1.49297	3.41763	3.23297	4.169	3.52144	1.53002	3.98242</FloatingPoint>
				<FloatingPoint size="20">	3.26753	2.16559	2.44415	2.46568	2.42952	1.49588	3.01531	2.87911	1.40329	2.55646	1.49746	2.2302	2.49544	1.38973	1.32635	2.47086	2.58698	2.78301	2.46625	3.39406</FloatingPoint>
			</Individual>
			<Individual size="2">
				<FitnessMin value="0.0190476"/>
				<FloatingPoint size="80">	2.55966	3.1469	4.45643	3.2012	3.18328	3.71521	2.56978	2.52081	2.80518	4.43674	3.57978	3.55437	3.47834	1.17733	3.55334	3.64967	4.57977	2.42107	3.61263	3.41018	1.17376	2.88911	1.68854	1.40929	3.38626	3.0078	3.75018	3.37075	2.30774	3.36841	5.69467	4.97182	2.35955	3.56807	1.62398	1.49632	3.13023	3.93689	3.52025	1.98578	2.59535	5.19308	1.55733	1.3707	4.82401	3.05665	4.20066	2.15089	3.31142	2.38649	3.37177	3.14608	2.47906	4.57964	1.54833	1.60765	1.54843	3.47211	1.45387	1.61038	3.6162	3.58038	3.3859	3.84815	2.37094	2.56038	2.89664	2.90934	4.00587	3.4239	4.61632	2.2747	2.52898	1.49297	3.41763	3.23297	4.15839	3.56258	1.53029	3.99559</FloatingPoint>
				<FloatingPoint size="20">	3.26753	2.13468	2.46451	2.44517	2.4289	1.49518	2.52864	2.89521	1.40077	2.26129	1.65692	2.22816	2.5548	1.39035	1.32274	2.46926	2.69426	2.38885	2.46531	3.5137</FloatingPoint>
			</Individual>
			<Individual size="2">
				<FitnessMin value="0.0190476"/>
				<FloatingPoint size="80">	2.55966	3.1469	4.45643	3.2012	3.18328	3.71521	2.56978	2.52081	2.80518	4.43674	3.57978	3.55437	3.47834	1.17733	3.55334	3.64967	4.57977	2.42107	3.61263	3.41018	1.17376	2.88911	1.68854	1.40929	3.38626	3.0078	3.75018	3.37075	2.30774	3.36841	5.69467	4.97182	2.35955	3.56807	1.62398	1.49632	3.13023	3.93689	3.52025	1.98578	2.59535	5.19308	1.55733	1.3707	4.82401	3.05665	4.20066	2.15089	3.31142	2.38649	3.37177	3.14608	2.47906	4.57964	1.54833	1.60765	1.54843	3.47211	1.45387	1.61038	3.6162	3.58038	3.3859	3.84815	2.37094	2.56038	2.89664	2.90934	4.00587	3.4239	4.61632	2.2747	2.52898	1.49297	3.41763	3.23297	4.15839	3.56258	1.53029	3.99559</FloatingPoint>
				<FloatingPoint size="20">	2.67856	2.1368	2.47263	2.44217	2.42923	1.49651	2.45694	2.89398	1.3999	2.25362	1.49669	2.23173	2.56409	1.36668	1.31596	2.476	2.54756	2.43886	2.4654	3.51416</FloatingPoint>
			</Individual>
			<Individual size="2">
				<FitnessMin value="0.0190476"/>
				<FloatingPoint size="80">	2.81815	3.24184	4.47321	3.21111	3.09107	3.65563	2.57057	2.81832	2.80728	4.62728	3.60091	3.51653	3.47834	1.1803	3.55334	3.6498	4.57977	2.42108	3.61283	3.41429	1.17269	2.8881	1.68854	1.40943	3.38555	3.05702	3.7342	3.42964	2.38525	3.29954	5.73355	4.99051	2.35955	3.56806	1.62398	1.4833	2.57867	3.9379	3.51259	1.98399	2.59535	5.45465	1.55737	1.3707	4.81617	2.93874	4.12923	2.13938	3.31153	2.38648	3.37184	3.14424	2.47906	4.57964	1.54833	1.60765	1.54843	3.47211	1.45387	1.61038	3.61344	3.57195	3.36851	3.8161	2.36198	2.56542	2.85782	2.91342	4.006	3.44571	4.6269	2.27752	2.52972	1.49297	3.41763	3.23297	4.15852	3.52407	1.53748	3.98097</FloatingPoint>
				<FloatingPoint size="20">	2.97658	2.17346	2.33553	2.45599	2.42861	1.49631	2.47216	2.90405	1.41433	2.53827	1.49907	2.14743	2.52444	1.35296	1.32522	2.46922	2.70686	2.76163	2.46664	3.45708</FloatingPoint>
			</Individual>
			<Individual size="2">
				<FitnessMin value="0.0190476"/>
				<FloatingPoint size="80">	2.58228	3.24928	4.47576	3.19833	3.18777	3.71245	2.56604	2.62311	2.8027	4.19234	3.62697	3.67624	3.47834	1.17923	3.55334	3.64949	4.57977	2.42101	3.61204	3.38962	1.17351	2.88796	1.68854	1.40929	3.44244	3.05541	3.72975	3.39578	2.34454	3.26394	5.69989	5.06185	2.35955	3.56798	1.62403	1.48422	3.07743	3.92464	3.5264	1.98865	2.59535	5.33528	1.55863	1.3707	4.82994	2.46905	4.36766	2.15843	3.31136	2.38648	3.37174	3.15254	2.47906	4.57964	1.54833	1.60765	1.54843	3.47211	1.45387	1.61038	3.61829	3.62725	3.34781	4.18946	2.3513	2.67653	2.87706	2.92865	3.91218	3.33425	4.64551	2.27625	2.52755	1.49297	3.41763	3.23297	4.1577	3.60098	1.52795	4.01723</FloatingPoint>
				<FloatingPoint size="20">	1.06609	2.11816	2.13997	2.46267	2.42876	1.49569	2.39495	2.9867	1.41911	2.69144	1.49827	2.22607	2.73158	1.35581	1.34512	2.47452	2.7729	2.51223	2.466	3.53104</FloatingPoint>
			</Individual>
			<Individual size="2">
				<FitnessMin value="0.0190476"/>
				<FloatingPoint size="80">	2.57011	3.55717	4.4831	3.20965	3.29091	3.72931	2.56618	2.52956	2.80071	4.24935	3.49668	3.6943	3.47834	1.17937	3.55334	3.64944	4.57977	2.42099	3.61186	3.38962	1.17524	2.8879	1.68854	1.40929	3.44454	3.0591	3.76597	3.38451	2.32486	3.16845	5.66716	4.97749	2.35955	3.56789	1.62399	1.49064	3.08009	3.92541	3.54556	1.99205	2.59535	5.45409	1.55691	1.3707	4.81706	1.05874	4.17083	2.15073	3.31263	2.38647	3.3717	3.15379	2.47906	4.57964	1.54833	1.60765	1.54843	3.47211	1.45387	1.61038	3.62078	3.61811	3.34448	3.83118	2.37723	2.58884	2.81753	2.94	3.95248	3.71306	4.85746	2.27626	2.52559	1.49297	3.41763	3.23297	4.1622	3.60108	1.52642	4.01417</FloatingPoint>
				<FloatingPoint size="20">	3.13437	2.1655	2.36357	2.45622	2.42837	1.49573	2.47249	2.95456	1.40017	2.66999	1.50082	2.23419	2.53628	1.37602	1.33252	2.47188	2.38163	2.52726	2.46662	3.51853</FloatingPoint>
			</Individual>
			<Individual size="2">
				<FitnessMin value="0.0190476"/>
				<FloatingPoint size="80">	2.57011	3.50815	4.47769	3.20619	3.24398	3.71053	2.56742	2.53512	2.80336	4.31422	3.52008	3.72624	3.47834	1.17955	3.55334	3.64952	4.57977	2.42102	3.61235	3.38965	1.17421	2.88812	1.68854	1.40929	3.43896	3.0413	3.76506	3.39983	2.3405	3.28586	5.68565	5.0344	2.35955	3.56801	1.62399	1.48443	3.10176	3.92379	3.53181	1.98867	2.59535	5.44262	1.55451	1.3707	4.8236	1.96273	4.20464	2.15001	3.312	2.38648	3.3717	3.15205	2.47906	4.57964	1.54833	1.60765	1.54843	3.47211	1.45387	1.61038	3.61778	3.61315	3.35981	3.7858	2.37912	2.55912	2.85499	2.92421	0.955607	3.53471	4.76021	2.27555	2.52831	1.49297	3.41763	3.23297	4.16036	3.57792	1.52861	3.96495</FloatingPoint>
				<FloatingPoint size="20">	2.92698	2.14641	2.29035	2.44834	2.42878	1.49608	2.60251	2.94273	1.42444	2.72866	1.49758	2.12674	2.52952	1.3746	1.3217	2.47095	2.78298	2.42757	2.46657	3.51618</FloatingPoint>
			</Individual>
			<Individual size="2">
				<FitnessMin value="0.0190476"/>
				<FloatingPoint size="80">	2.95365	3.13526	4.60308	3.25102	3.09487	3.67292	2.67094	2.40304	2.80838	4.24339	3.63594	3.61768	3.47834	1.17849	3.55334	3.6482	4.57977	2.42096	3.61325	3.39667	1.1735	2.88859	1.68854	1.40929	3.42731	3.00027	3.83087	3.36327	2.37015	3.30393	5.70499	5.06067	2.35955	3.56808	1.62402	1.48228	3.07748	3.92293	3.44394	1.98812	2.59535	5.43753	1.56082	1.3707	4.83104	4.23995	4.24139	2.1203	3.31144	2.38649	3.37177	3.14976	2.47906	4.57964	1.54833	1.60765	1.54843	3.47211	1.45387	1.61038	3.61942	3.62048	3.35471	3.95042	2.38499	2.65606	2.8794	2.9128	3.97847	3.76957	4.62038	2.27639	2.53836	1.49297	3.41762	3.23297	3.68464	3.57951	1.52949	3.99757</FloatingPoint>
				<FloatingPoint size="20">	3.00003	2.11816	1.88985	2.46267	2.42876	1.49569	2.39495	2.9867	1.41911	2.69144	1.49827	2.22607	2.5261	1.35581	1.34512	2.47452	2.7729	2.51223	2.466	3.53104</FloatingPoint>
			</Individual>
			<Individual size="2">
				<FitnessMin value="0.0190476"/>
				<FloatingPoint size="80">	2.5704	3.0815	4.49976	3.21693	2.9844	3.51	2.56979	2.94145	2.805	4.59205	3.60351	3.89824	3.47834	1.18051	3.55334	3.6495	4.57977	2.42099	3.61292	3.3897	1.17275	2.88773	1.68854	1.40929	3.38402	3.07942	3.80847	3.43051	2.39191	3.30657	5.67857	4.99253	2.35955	3.5681	1.62398	1.48284	3.13439	3.9302	3.52103	1.97775	2.59535	5.45038	1.55644	1.3707	4.8225	2.87176	4.15763	2.15277	3.31174	2.39106	3.37175	3.14491	2.47906	4.57964	1.54833	1.60765	1.54843	3.47211	1.45387	1.61038	3.61345	6.27441	3.35831	3.71959	2.36797	2.22686	2.90713	2.9099	3.98385	3.48004	4.57796	2.28493	2.53388	1.49297	3.41761	3.23297	4.15525	3.52585	1.53015	3.9704</FloatingPoint>
				<FloatingPoint size="20">	3.63177	1.56689	2.45134	2.46996	2.23841	1.49578	2.37762	2.86396	1.39972	2.42631	1.50224	2.27469	2.52465	1.34068	1.32579	2.47077	2.64434	2.44046	2.46912	3.43771</FloatingPoint>
			</Individual>
			<Individual size="2">
				<FitnessMin value="0.0190476"/>
				<FloatingPoint size="80">	6.7646	3.13368	4.61974	3.3564	2.97572	3.63596	2.8403	2.89412	2.81158	4.33845	3.62969	3.64324	3.47834	1.1804	3.55334	3.64816	4.57977	2.42095	3.61283	3.41002	1.17349	2.88853	1.68854	1.40929	3.38346	3.01354	3.84454	3.35791	2.38321	3.30229	5.701	5.06667	2.35955	3.56808	1.62398	1.48387	3.07502	3.92999	3.29	1.98412	2.59535	5.45465	1.55592	1.3707	4.82085	2.90259	4.11388	2.09998	3.31134	2.38646	3.37179	3.13262	2.47906	4.57964	1.54833	1.60765	1.54843	3.47211	1.45387	1.61038	3.62077	3.61559	3.3546	3.78968	2.38968	2.06581	2.88234	2.91246	3.9707	3.30952	4.61688	2.26574	2.53567	1.49297	3.41761	3.23297	3.28893	2.95159	1.53014	3.99323</FloatingPoint>
				<FloatingPoint size="20">	1.38221	2.7273	2.12646	2.46144	2.4288	1.49545	2.26155	2.88905	1.40223	2.89259	1.498	1.62879	2.52341	1.42205	1.30169	2.48418	2.64387	2.70882	2.46598	3.37884</FloatingPoint>
			</Individual>
			<Individual size="2">
				<FitnessMin value="0.0190476"/>
				<FloatingPoint size="80">	2.58228	3.14101	4.48183	3.1711	2.92521	3.31325	2.56524	2.90566	2.81379	4.41736	3.65199	3.52346	3.47834	1.18055	3.55334	3.64855	4.57977	2.42095	3.6127	3.38975	1.17491	2.88718	1.68854	1.40939	3.39387	3.09869	3.77296	3.40304	2.3896	3.46652	5.67604	4.96348	2.35955	3.56803	1.62398	1.4856	3.1428	3.93717	3.53046	1.99081	2.59535	5.45465	1.55441	1.3707	4.81908	3.10898	4.15362	2.16348	3.31089	2.38651	3.37167	3.1516	2.47906	4.57964	1.54833	1.60765	1.54843	3.47211	1.45387	1.61038	3.61683	3.67493	3.34144	3.95012	2.42186	2.43368	2.81689	2.89936	4.06289	3.30259	4.50487	2.27708	2.52775	1.49297	3.41762	3.23297	4.16178	3.61303	1.53117	4.0175</FloatingPoint>
				<FloatingPoint size="20">	3.25702	2.10859	2.45667	2.45296	2.42909	1.49631	2.45243	2.95887	1.43342	2.20357	1.49689	2.15265	2.57128	1.34235	1.3074	2.47661	2.59174	2.27595	2.46652	3.48202</FloatingPoint>
			</Individual>
			<Individual size="2">
				<FitnessMin value="0.0190476"/>
				<FloatingPoint size="80">	2.5704	3.0815	4.49976	3.21693	2.9844	3.51	2.56979	2.94145	2.805	4.59205	3.60351	3.89824	3.47834	1.18069	3.55334	3.64948	4.57977	2.42098	3.61293	3.3897	1.17265	2.88759	1.68854	1.40929	3.37307	3.09182	3.8183	3.43392	2.39984	3.28512	5.6729	4.97061	2.35955	3.56809	1.62398	1.48386	3.13682	3.93198	3.52169	1.97608	2.59535	5.45464	1.5574	1.3707	4.82081	2.87288	4.1397	2.15354	3.31183	2.39208	3.37176	3.14371	2.47906	4.57964	1.54833	1.60765	1.54843	3.47211	1.45387	1.61038	3.61315	6.86583	3.35458	3.71497	2.36508	2.15975	2.91039	2.91023	3.9864	3.50747	4.5591	2.28717	2.53451	1.49297	3.41761	3.23297	4.15452	3.51944	1.53	3.98252</FloatingPoint>
				<FloatingPoint size="20">	3.63177	2.16337	2.45134	2.46996	2.23841	1.49578	2.37762	2.86396	1.39972	2.42631	1.50224	2.27469	2.52465	1.34068	1.32579	2.47077	2.64434	2.44046	2.46912	3.43771</FloatingPoint>
			</Individual>
			<Individual size="2">
				<FitnessMin value="0.0190476"/>
				<FloatingPoint size="80">	2.58228	3.56067	4.46656	3.21129	3.62621	3.61748	2.57578	2.76892	2.79932	4.6469	3.61603	3.6459	3.47834	1.18008	3.55334	3.64934	4.57977	2.42105	3.61335	3.38967	1.1741	2.88889	1.68854	1.40929	3.47198	3.02619	3.74835	3.32057	2.32484	3.32049	5.68843	5.04255	2.35955	3.56813	1.62399	1.48946	3.10493	3.92811	3.5628	0.731956	2.59535	5.33037	1.55047	1.3707	4.82284	3.21366	4.12513	2.13443	3.31231	2.38649	3.3717	3.14929	2.47906	4.57964	1.54833	1.60765	1.54843	3.47211	1.45387	1.61038	3.61477	3.63239	3.38429	3.7146	2.37163	2.61997	2.87462	2.91927	3.97603	4.09619	4.71075	2.27608	2.53524	1.49297	3.41762	3.23297	4.16484	3.58711	1.52972	3.97992</FloatingPoint>
				<FloatingPoint size="20">	3.98649	2.24984	2.41915	2.44658	2.42879	1.49632	2.44029	2.96097	1.47689	2.11765	1.49753	2.12678	2.52309	1.4098	1.29594	2.48722	2.6078	2.38577	2.46672	3.39087</FloatingPoint>
			</Individual>
			<Individual size="2">
				<FitnessMin value="0.0190476"/>
				<FloatingPoint size="80">	2.63763	3.1469	4.45643	3.2012	3.18328	3.71521	2.56978	2.52081	2.80518	4.43674	3.57978	3.55437	3.47834	1.17733	3.55334	3.64967	4.57977	2.42107	3.61263	3.41018	1.17376	2.88911	1.68854	1.40929	3.38626	3.0078	3.75018	3.37075	2.30774	3.36841	5.69467	4.97182	2.35955	3.56807	1.62398	1.49632	3.13023	3.93689	3.52025	1.98578	2.59535	5.19308	1.55733	1.3707	4.82401	3.05665	4.20066	2.15089	3.31142	2.38649	3.37177	3.14608	2.47906	4.57964	1.54833	1.60765	1.54843	3.47211	1.45387	1.61038	3.6162	3.58038	3.3859	3.84815	2.37094	2.56038	2.89664	2.90934	4.00587	3.4239	4.61632	2.2747	2.52898	1.49297	3.41763	3.23297	4.15839	3.56258	1.53029	3.99559</FloatingPoint>
				<FloatingPoint size="20">	3.00003	2.26448	2.28476	2.4651	2.4297	1.49633	3.92118	2.89599	1.40136	2.7087	1.49735	2.20721	2.52258	1.42331	1.32561	2.46249	2.54981	2.80189	2.46681	3.38715</FloatingPoint>
			</Individual>
			<Individual size="2">
				<FitnessMin value="0.0190476"/>
				<FloatingPoint size="80">	2.76744	3.53838	4.49936	3.21774	3.88147	3.65136	2.57695	2.5491	2.80215	4.88107	3.62536	3.8875	3.47834	1.17885	3.55334	3.64896	4.57977	2.42098	3.61447	3.38962	1.17428	2.8876	1.68854	1.40943	3.44031	3.04725	3.62249	2.8993	2.30418	3.48226	5.69034	5.00059	2.35955	3.56806	1.62398	1.49258	3.12443	3.93872	3.55612	1.99024	2.59535	5.45464	1.56016	1.3707	4.83314	3.17614	4.54959	2.15141	3.3116	2.38653	3.3717	3.15713	2.47906	4.57964	1.54833	1.60765	1.54843	3.47211	1.45387	1.61038	3.61635	3.68249	3.33534	3.76884	2.39067	5.63179	2.8677	2.91498	4.1459	3.47589	4.68039	2.27098	2.52804	1.49297	3.41763	3.23297	4.1607	3.57696	1.53169	3.96865</FloatingPoint>
				<FloatingPoint size="20">	1.06609	2.19833	2.24409	2.45058	2.42857	1.49639	2.53696	2.96716	1.47627	2.51042	1.49818	2.2151	2.53466	1.40957	1.31898	2.48643	2.58818	2.57965	2.46667	3.46099</FloatingPoint>
			</Individual>
			<Individual size="2">
				<FitnessMin value="0.0190476"/>
				<FloatingPoint size="80">	2.63763	3.1469	4.45643	3.2012	3.18328	3.71521	2.56978	2.52081	2.80518	4.43674	3.57978	3.55437	3.47834	1.17733	3.55334	3.64967	4.57977	2.42107	3.61263	3.41018	1.17376	2.88911	1.68854	1.40929	3.38626	3.0078	3.75018	3.37075	2.30774	3.36841	5.69467	4.97182	2.35955	3.56807	1.62398	1.49632	3.13023	3.93689	3.52025	1.98578	2.59535	5.19308	1.55733	1.3707	4.82401	3.05665	4.20066	2.15089	3.31142	2.38649	3.37177	3.14608	2.47906	4.57964	1.54833	1.60765	1.54843	3.47211	1.45387	1.61038	3.6162	3.58038	3.3859	3.84815	2.37094	2.56038	2.89664	2.90934	4.00587	3.4239	4.61632	2.2747	2.52898	1.49297	3.41763	3.23297	4.15839	3.56258	1.53029	3.99559</FloatingPoint>
				<FloatingPoint size="20">	3.00003	2.26448	2.28476	2.46996	2.4297	1.49578	2.37762	2.86396	1.39972	2.42631	1.49735	2.27469	2.52258	1.42331	1.32579	2.46249	2.64434	1.14763	2.46912	3.43771</FloatingPoint>
			</Individual>
			<Individual size="2">
				<FitnessMin value="0.0190476"/>
				<FloatingPoint size="80">	2.58228	3.56067	4.46656	3.21129	3.62621	3.61748	2.57578	2.76892	2.79932	4.6469	3.61603	3.6459	3.47834	1.18008	3.55334	3.64934	4.57977	2.42105	3.61335	3.38967	1.1741	2.88889	1.68854	1.40929	3.47198	3.02619	3.74835	3.32057	2.32484	3.32049	5.68843	5.04255	2.35955	3.56813	1.62399	1.48946	3.10493	3.92811	3.5628	1.98646	2.59535	5.33037	1.55047	1.3707	4.82284	3.21366	4.12513	2.13443	3.31215	2.3865	3.3717	3.15176	2.47906	4.57964	1.54833	1.60765	1.54843	3.47211	1.45387	1.61038	3.6144	3.62889	3.37925	3.74467	2.3687	2.6007	2.87016	2.92509	3.98667	4.60278	4.68417	2.2767	2.53321	1.49297	3.41762	3.23297	4.16235	3.57506	1.53271	3.98026</FloatingPoint>
				<FloatingPoint size="20">	3.98649	2.15634	2.41915	2.45536	2.42879	1.49632	2.59784	2.8167	1.4266	2.11765	1.49871	2.24152	2.55027	1.4098	1.29594	2.49562	2.58247	2.37476	2.46752	3.50046</FloatingPoint>
			</Individual>
			<Individual size="2">
				<FitnessMin value="0.0190476"/>
				<FloatingPoint size="80">	2.58228	3.12009	4.45353	3.21785	4.37059	3.71663	2.57606	2.75201	2.7915	4.69847	3.58665	3.5845	3.47834	1.17928	3.55334	3.64914	4.57977	2.421	3.61333	3.38953	1.17411	2.88882	1.68854	1.40929	3.50525	3.0407	3.57755	3.407	2.37253	3.31427	5.70659	5.06755	2.35955	3.56808	1.62403	1.4791	3.07636	3.91737	3.52317	1.98409	2.59535	5.32502	1.56204	1.3707	4.83142	2.8379	4.72944	2.16089	3.31124	2.3865	3.37176	3.15238	2.47906	4.57964	1.54833	1.60765	1.54843	3.47211	1.45387	1.61038	3.61502	3.63063	3.35512	4.55646	2.34508	2.9268	5.35306	2.9181	3.90428	3.30044	4.63315	2.27563	2.53776	1.49297	3.41763	3.23297	4.15669	3.60082	1.5283	4.02554</FloatingPoint>
				<FloatingPoint size="20">	3.26753	2.24604	2.29235	2.46258	2.4288	1.49512	2.55892	2.89273	1.43053	2.59772	1.49735	1.86376	2.55432	1.38258	1.31122	2.46818	2.96709	2.48944	2.46525	3.42668</FloatingPoint>
			</Individual>
			<Individual size="2">
				<FitnessMin value="0.0190476"/>
				<FloatingPoint size="80">	2.84953	3.15498	4.45287	3.21685	4.93338	3.71541	2.59043	2.22016	2.78876	5.06755	3.66126	2.7839	3.47834	1.17653	3.55334	3.64877	4.57977	2.42099	3.61526	3.38946	1.17501	2.89053	1.68854	1.40929	3.56253	3.11264	3.42527	3.36937	2.26133	3.47564	5.72798	5.00747	2.35955	3.56803	1.62408	1.5007	3.1276	3.92905	3.585	1.99091	2.59535	5.16967	1.54991	1.3707	4.8396	5.96708	4.0363	2.12286	3.31248	2.38657	3.37164	3.20745	2.47906	4.57964	1.54833	1.60765	1.54843	3.47211	1.45387	1.61038	3.61664	3.64081	3.39457	3.76943	2.35141	2.36838	2.87718	2.92029	4.1187	6.2965	4.60955	2.27817	2.54118	1.49297	3.41763	3.23297	4.169	3.52144	1.53002	3.98242</FloatingPoint>
				<FloatingPoint size="20">	2.65043	2.25719	2.3001	2.46904	2.42585	1.4959	3.9944	2.87037	1.40143	2.79218	1.49779	2.23202	2.52299	1.38107	1.30594	2.48607	2.59606	2.80054	2.46631	3.3817</FloatingPoint>
			</Individual>
			<Individual size="2">
				<FitnessMin value="0.0190476"/>
				<FloatingPoint size="80">	2.63092	3.73251	4.47626	3.21142	4.14135	3.6996	2.56846	2.45346	5.14798	4.71941	3.56471	3.80592	3.47834	1.17936	3.55334	3.64942	4.57977	2.42101	3.61216	3.38964	1.17376	2.88833	1.68854	1.40929	3.47153	2.96589	3.86469	3.42041	2.36069	3.3789	5.6905	5.03608	2.35955	3.56815	1.62397	1.4797	3.14052	3.9246	3.52126	1.99061	2.59535	5.45468	1.55566	1.3707	4.8318	2.97687	4.19076	0.183827	3.31137	2.38647	3.37169	3.14537	2.47906	4.57964	1.54833	1.60765	1.54843	3.47211	1.45387	1.61038	3.60918	3.6305	3.35727	4.24121	2.37884	2.51634	2.83988	2.91318	3.94889	3.40127	4.61896	2.27301	2.53286	1.49297	3.41761	3.23297	4.15729	3.60899	1.77678	3.9734</FloatingPoint>
				<FloatingPoint size="20">	2.65043	2.18569	2.41464	2.46236	2.42907	1.49579	2.39243	2.86789	1.41424	2.54703	1.49764	2.24567	2.53575	1.38806	1.31548	2.48111	2.64257	2.46676	2.46546	3.42454</FloatingPoint>
			</Individual>
			<Individual size="2">
				<FitnessMin value="0.0190476"/>
				<FloatingPoint size="80">	2.85762	3.13123	4.47873	3.19825	2.97497	3.57223	2.57168	2.73285	2.80971	3.97722	3.63525	3.71856	3.47834	1.17959	3.55334	3.64925	4.57977	2.42101	3.61314	3.40197	1.17345	2.88796	1.68854	1.40929	3.42194	2.99857	3.8633	3.41123	2.36966	3.32485	5.71119	5.08012	2.35955	3.56811	1.62402	1.48059	3.08261	3.92341	3.51841	1.98323	2.59535	5.38025	1.55819	1.3707	4.83096	2.85343	4.36768	2.147	3.31247	2.38649	3.37176	3.14919	2.47906	4.57964	1.54833	1.60765	1.54843	3.47211	1.45387	1.61038	3.61576	3.61108	3.35522	4.44774	2.36183	2.91319	2.88297	2.91819	3.96634	3.32023	4.65327	2.27494	2.53272	1.49297	3.41763	3.23297	4.15791	3.60548	1.52722	4.01735</FloatingPoint>
				<FloatingPoint size="20">	2.68563	2.13506	2.12942	2.45733	2.42844	1.49637	2.56389	2.38776	1.43756	2.60375	1.49854	2.23997	2.54346	1.38576	1.3403	2.4823	2.58828	2.66909	2.4664	3.50357</FloatingPoint>
			</Individual>
			<Individual size="2">
				<FitnessMin value="0.0190476"/>
				<FloatingPoint size="80">	2.57011	3.2536	4.47419	3.21083	3.20156	3.70221	2.56983	2.78093	2.8041	4.29375	3.55995	3.73267	3.47834	1.18009	3.55334	3.64974	4.57977	2.42104	3.61282	3.40951	1.17323	2.8881	1.68854	1.40931	3.41908	3.05398	3.749	3.40782	2.36432	3.29956	5.71868	5.02094	2.35955	3.56803	1.62398	1.48827	2.84078	3.93226	3.5232	1.98604	2.59535	5.43853	1.55613	1.3707	4.82059	2.75388	4.17075	2.14615	3.31169	2.38648	3.37176	3.15183	2.47906	4.57964	1.54833	1.60765	1.54843	3.47211	1.45387	1.61038	3.61674	3.60545	3.36918	3.79943	2.37074	2.54617	2.84718	2.92334	4.00009	3.46611	4.75895	2.27647	2.52988	1.49297	3.41763	3.23297	4.15986	3.57509	1.53448	3.97395</FloatingPoint>
				<FloatingPoint size="20">	2.68563	2.16119	2.4006	2.44993	2.42874	1.49613	2.48008	2.90438	1.42943	2.2146	1.50008	2.21035	2.52548	1.33766	1.33303	2.4742	2.63689	2.81297	2.46675	3.44534</FloatingPoint>
			</Individual>
			<Individual size="2">
				<FitnessMin value="0.0190476"/>
				<FloatingPoint size="80">	2.55966	3.39729	4.47245	3.21339	3.35347	3.70877	2.57655	2.60868	2.80443	4.31539	3.55278	3.70934	3.47834	1.18006	3.55334	3.64961	4.57977	2.42103	3.61282	3.4047	1.17385	2.88816	1.68854	1.40929	3.42281	3.03479	3.72354	3.41404	2.35513	3.37562	5.72023	5.08388	2.35955	3.56803	1.62398	1.48348	3.05287	3.9289	3.52221	1.99024	2.59535	5.27761	1.55551	1.3707	4.8259	5.37395	4.12069	2.12726	3.31225	2.38649	3.37175	3.15568	2.47906	4.57964	1.54833	1.60765	1.54843	3.47211	1.45387	1.61038	3.61529	3.63114	3.37352	3.78152	2.70282	2.46128	2.88491	2.92263	4.01949	3.4266	4.71193	2.27499	2.52989	1.49297	3.41763	3.23297	4.16384	3.56423	1.53198	3.97568</FloatingPoint>
				<FloatingPoint size="20">	2.68563	2.16119	2.4006	2.44993	2.42874	1.49613	2.48008	2.90438	1.42943	2.2146	1.50008	2.21035	2.52548	1.33766	1.33303	2.4742	2.63689	2.81297	2.46675	3.44534</FloatingPoint>
			</Individual>
			<Individual size="2">
				<FitnessMin value="0.0571429"/>
				<FloatingPoint size="80">	2.79281	3.13978	4.4852	3.21451	3.29394	3.57303	2.56692	2.81327	2.80549	4.36575	3.62708	3.70205	3.47834	1.17946	3.55334	3.64925	4.57977	2.42102	3.6132	3.39092	1.17332	2.88843	1.68854	1.40929	3.38832	3.07622	3.76005	3.36428	2.37215	3.32944	5.69185	5.00688	2.35955	3.56808	1.624	1.48435	3.11849	3.9277	3.62496	1.98213	2.59535	5.39683	1.55877	1.3707	4.82518	2.90827	4.1805	2.14177	3.31159	2.38891	3.37174	3.15058	2.47906	4.57964	1.54833	1.60765	1.54843	3.47211	1.45387	1.61038	3.61504	5.02994	3.37015	3.99974	2.35984	2.28408	2.89474	2.91345	3.95974	3.79526	4.60356	2.28154	2.53596	1.49297	3.41762	2.68705	4.15847	3.56439	1.53017	3.98775</FloatingPoint>
				<FloatingPoint size="20">	3.57335	1.76689	2.37101	2.47024	2.38702	1.49571	2.35773	2.88965	1.39991	2.66635	1.50198	2.24715	2.52403	1.34399	1.33102	2.46758	2.3928	2.53877	2.46663	3.51536</FloatingPoint>
			</Individual>
			<Individual size="2">
				<FitnessMin value="0.0190476"/>
				<FloatingPoint size="80">	6.54444	3.58936	4.4671	3.21712	3.10496	3.54152	2.57474	2.48878	2.8008	4.73149	3.65827	3.71257	3.47834	1.17789	3.55334	3.64924	4.57977	2.42099	3.61279	3.38725	1.17309	2.88744	1.68854	1.40929	3.41399	3.04491	3.89876	3.42125	2.323	3.47607	5.71202	5.093	2.35955	3.56812	1.62416	1.48786	3.14506	3.93036	3.53322	1.98693	2.59535	5.4617	1.55808	1.3707	4.82493	3.0642	4.11643	2.13984	3.31275	2.38647	3.37179	3.13766	2.47906	4.57964	1.54833	1.60765	1.54843	3.47211	1.45387	1.61038	3.61466	3.54227	3.33297	3.58821	2.37321	2.54136	2.87429	2.91671	3.99051	2.42447	4.86266	2.26958	2.53259	1.49297	3.41763	3.23297	4.14814	3.60805	1.52255	4.00796</FloatingPoint>
				<FloatingPoint size="20">	3.69986	2.15438	2.28022	2.46265	2.42887	1.49632	2.48651	2.90619	1.44566	2.49699	1.49739	2.77613	2.52797	1.36504	1.31659	2.48967	2.60302	2.33421	2.46792	3.44106</FloatingPoint>
			</Individual>
			<Individual size="2">
				<FitnessMin value="0.0190476"/>
				<FloatingPoint size="80">	2.58228	3.43505	4.47844	3.21398	3.88769	3.60136	2.56968	2.81373	2.95761	4.60813	3.53789	3.61812	3.47834	1.17937	3.55334	3.6495	4.57977	2.421	3.61236	3.39167	1.17517	2.88791	1.68854	1.40928	3.44618	3.04956	3.76639	3.38349	2.33876	3.25744	5.67328	5.03839	2.35955	3.56802	1.62399	1.48014	2.68867	3.92846	3.53293	1.9906	2.59535	5.45659	1.555	1.38379	4.80746	1.45915	4.13904	2.13276	3.31263	2.38647	3.37172	3.15363	2.47906	4.57964	1.54833	1.60765	1.54843	3.47211	1.45387	1.61038	3.61554	3.62259	3.34655	3.84717	2.37587	2.56989	2.8436	2.92489	3.9585	3.82537	4.66673	2.2763	2.53129	1.49297	3.41763	3.23297	4.15997	3.60078	1.61596	3.99989</FloatingPoint>
				<FloatingPoint size="20">	3.69529	2.08638	2.43069	2.45792	2.42875	1.49618	2.4795	2.94826	1.49431	2.56109	1.49772	2.25427	2.53718	1.35548	1.33389	2.48132	2.62863	2.57896	2.46687	3.49819</FloatingPoint>
			</Individual>
			<Individual size="2">
				<FitnessMin value="0.0190476"/>
				<FloatingPoint size="80">	2.85762	3.55969	4.47943	3.20971	3.57149	3.69504	2.57163	2.75837	2.79937	4.54972	3.56616	3.68905	3.47834	1.17939	3.55334	3.64935	4.57977	2.42104	3.61224	3.38964	1.17473	2.88802	1.68854	1.40929	3.44623	3.03453	3.75988	3.3404	2.32485	3.25375	5.68391	4.98956	2.35955	3.56802	1.62399	1.4896	3.08653	3.92754	3.54684	1.10395	2.59535	5.41157	1.55167	1.3707	4.82102	2.07161	4.15969	2.13662	3.31245	2.38647	3.3717	3.15371	2.47906	4.57964	1.54833	1.60765	1.54843	3.47211	1.45387	1.61038	3.61592	3.62222	3.35742	3.76975	2.37641	2.60579	2.85128	2.92161	3.9603	3.96798	4.77056	2.27624	2.52869	1.49297	3.41763	3.23297	4.16237	3.58996	1.52688	3.9968</FloatingPoint>
				<FloatingPoint size="20">	3.3212	2.13558	2.22466	2.46314	2.42936	1.49609	3.82034	2.95494	1.40384	2.69627	1.4974	2.23063	2.52281	1.36254	1.32627	2.46751	2.60162	2.77743	2.46675	3.45936</FloatingPoint>
			</Individual>
			<Individual size="2">
				<FitnessMin value="0.0190476"/>
				<FloatingPoint size="80">	2.54888	3.74437	4.473	3.20268	3.29267	3.60463	2.56715	2.7906	2.8103	4.74555	3.58567	3.41277	3.47834	1.17946	3.55334	3.65061	4.57977	2.42103	3.61265	3.38965	1.17289	2.88863	1.68854	1.40996	3.44719	3.00043	3.71126	3.41489	2.3655	3.30854	5.77847	5.09216	2.35955	3.56813	1.62399	1.48012	1.42478	3.92834	3.50813	1.98135	2.59535	5.45466	1.55273	1.3707	4.78615	2.76736	4.16226	2.1406	3.3116	2.38646	3.37178	3.14517	2.47906	4.57964	1.54833	1.60765	1.54843	3.47211	1.45387	1.61038	3.61772	3.64664	3.40637	3.76264	2.35363	2.5682	2.94197	2.90322	3.94639	3.37019	4.67547	2.2775	2.5341	1.49297	3.41763	3.23297	4.15776	3.58901	1.583	3.97452</FloatingPoint>
				<FloatingPoint size="20">	3.01802	2.22231	2.20033	2.48321	2.43684	1.49574	2.47655	2.81117	1.42586	2.31517	1.49779	1.84553	2.52495	1.37819	1.29594	2.48691	2.66506	2.50879	2.46696	3.39161</FloatingPoint>
			</Individual>
			<Individual size="2">
				<FitnessMin value="0.0190476"/>
				<FloatingPoint size="80">	2.74137	3.14695	4.45541	3.20491	3.44983	3.71525	2.5706	2.29894	2.80412	4.83893	3.65908	2.86385	3.47834	1.17655	3.55334	3.64881	4.57977	2.421	3.61445	3.40416	1.17496	2.88954	1.68854	1.40929	3.44843	3.03971	3.6101	3.37063	2.27394	3.39058	5.70279	4.97959	2.35955	3.56805	1.62403	1.49791	3.1283	3.93301	3.52687	1.98988	2.59535	5.19132	1.55217	1.3707	4.82489	3.78521	4.04501	2.12787	3.31152	2.38654	3.37175	3.14913	2.47906	4.57964	1.54833	1.60765	1.54843	3.47211	1.45387	1.61038	3.61643	3.61816	3.3927	3.79118	2.3679	2.5144	2.89492	2.91909	4.08872	3.96992	4.61165	2.27771	2.53222	1.49297	3.41763	3.23297	4.16513	3.52932	1.53025	3.986</FloatingPoint>
				<FloatingPoint size="20">	3.00003	2.26448	2.28476	2.4651	2.4297	1.49633	3.92118	2.89599	1.40136	2.7087	1.49735	2.20721	2.52258	1.42331	1.32561	2.46249	2.54981	2.80189	2.46681	3.38715</FloatingPoint>
			</Individual>
			<Individual size="2">
				<FitnessMin value="0.0190476"/>
				<FloatingPoint size="80">	2.64346	3.1098	4.48391	3.20373	2.97536	3.56925	2.57142	2.81828	2.8091	4.23269	3.62652	3.84549	3.47834	1.18002	3.55334	3.64944	4.57977	2.42099	3.61305	3.40011	1.17296	2.88773	1.68854	1.40929	3.40612	3.05829	3.84401	3.4236	2.3928	3.31537	5.68618	5.02402	2.35955	3.56809	1.62398	1.48292	3.13395	3.93152	3.5188	1.98269	2.59535	5.40973	1.55757	1.3707	4.823	2.87246	4.21935	2.1529	3.31203	2.38702	3.37176	3.14759	2.47906	4.57964	1.54833	1.60765	1.54843	3.47211	1.45387	1.61038	3.61447	4.3391	3.35464	4.32683	2.36223	2.38208	2.90701	2.91763	3.9794	3.50707	4.63955	2.2751	2.53343	1.49297	3.41761	3.23297	4.15484	3.56634	1.52744	3.99697</FloatingPoint>
				<FloatingPoint size="20">	3.98649	2.07657	2.40944	2.45777	2.42875	1.49605	2.47948	2.97009	1.98044	2.59706	1.49773	2.29057	2.53301	1.34562	1.33377	2.48295	2.62568	2.46283	2.46684	3.5149</FloatingPoint>
			</Individual>
			<Individual size="2">
				<FitnessMin value="0.0190476"/>
				<FloatingPoint size="80">	2.86571	3.1578	4.45318	3.2166	5.10087	3.70815	2.59167	2.21009	2.78788	5.0281	3.65807	2.71292	3.47834	1.17643	3.55334	3.64886	4.57977	2.42099	3.61539	3.38944	1.17505	2.89084	1.68854	1.40929	3.56184	3.11258	3.38358	3.36763	2.25761	3.48933	5.73379	5.01393	2.35955	3.56803	1.62409	1.50104	3.12585	3.94599	3.58903	1.99089	2.59535	5.14581	1.5481	1.3707	4.84255	3.37524	4.02453	2.11753	3.31272	2.38657	3.37163	3.21034	2.47906	4.57964	1.54833	1.60765	1.54843	3.47211	1.45387	1.61038	3.61695	3.64306	3.40087	3.78483	2.3421	2.06901	2.88487	2.92127	4.11482	6.5471	4.62318	2.27823	2.54191	1.49297	3.41763	3.23297	4.17045	3.62261	1.53324	4.02329</FloatingPoint>
				<FloatingPoint size="20">	2.69116	2.13506	2.12942	2.45733	2.42844	1.49637	2.56389	2.38776	1.43756	2.60375	1.49854	2.23997	2.54346	1.38576	1.3403	2.4823	2.58828	2.66909	2.4664	3.50357</FloatingPoint>
			</Individual>
			<Individual size="2">
				<FitnessMin value="0.0190476"/>
				<FloatingPoint size="80">	2.58228	3.56067	4.46656	3.21129	3.62621	3.61748	2.57578	2.76892	2.79932	4.6469	3.61603	3.6459	3.47834	1.18008	3.55334	3.64934	4.57977	2.42105	3.61335	3.38967	1.1741	2.88889	1.68854	1.40929	3.47198	3.02619	3.74835	3.32057	2.32484	3.32049	5.68843	5.04255	2.35955	3.56813	1.62399	1.48946	3.10236	3.92461	3.53768	1.7505	2.59535	5.42135	1.55375	1.3707	4.82345	2.19981	4.18957	2.14706	3.31206	2.38648	3.3717	3.15152	2.47906	4.57964	1.54833	1.60765	1.54843	3.47211	1.45387	1.61038	3.61721	3.61679	3.36445	3.7723	2.3777	2.57065	2.85871	2.92327	1.52803	3.64112	4.75084	2.27565	2.52962	1.49297	3.41763	3.23297	4.16121	3.57966	1.52882	3.96779</FloatingPoint>
				<FloatingPoint size="20">	3.0491	2.07118	2.35963	2.4319	2.4288	1.49598	2.47913	3.04801	1.46358	2.95861	1.49805	2.29907	2.5313	1.36124	1.33318	2.48366	2.62275	2.39346	2.4664	3.51105</FloatingPoint>
			</Individual>
			<Individual size="2">
				<FitnessMin value="0.0190476"/>
				<FloatingPoint size="80">	6.7646	3.13368	4.61974	3.3564	2.97572	3.63596	2.8403	2.89412	2.81158	4.33845	3.62969	3.64324	3.47834	1.1804	3.55334	3.64816	4.57977	2.42095	3.61283	3.41002	1.17349	2.88853	1.68854	1.40929	3.38346	3.01354	3.84454	3.35791	2.38321	3.30229	5.701	5.06667	2.35955	3.56808	1.62398	1.48387	3.07502	3.92999	3.29	1.98412	2.59535	5.45465	1.55592	1.3707	4.82085	2.90259	4.11388	2.09998	3.31134	2.38646	3.37179	3.13262	2.47906	4.57964	1.54833	1.60765	1.54843	3.47211	1.45387	1.61038	3.62077	3.61559	3.3546	3.78968	2.38968	2.06581	2.88234	2.91246	3.9707	3.30952	4.61688	2.26574	2.53567	1.49297	3.41761	3.23297	3.28893	2.95159	1.53014	3.99323</FloatingPoint>
				<FloatingPoint size="20">	1.38221	2.17854	2.12646	2.46144	2.4288	1.49545	2.26155	2.88905	1.40223	2.89259	1.498	1.62879	2.52341	1.42205	1.30169	2.48418	2.64387	2.70882	2.46598	3.37609</FloatingPoint>
			</Individual>
			<Individual size="2">
				<FitnessMin value="0.0190476"/>
				<FloatingPoint size="80">	3.0415	3.20494	4.46893	3.21181	3.64005	3.64352	2.56371	2.66995	2.80604	4.11271	3.65344	3.48269	3.47834	1.17827	3.55334	3.64897	4.57977	2.42104	3.61351	3.39229	1.17395	2.8892	1.68854	1.40929	3.39314	3.07265	3.70591	3.29022	2.35007	3.355	5.7067	5.02294	2.35955	3.56807	1.62403	1.48605	3.1007	3.9249	3.52366	1.98703	2.59535	5.33696	1.56137	1.3707	4.82817	2.94909	4.20607	2.12948	3.31142	2.3865	3.37174	3.15693	2.47906	4.57964	1.54833	1.60765	1.54843	3.47211	1.45387	1.61038	3.61681	3.63845	3.3834	4.31298	2.35074	2.34805	2.88088	2.91742	3.93279	4.14771	4.63218	2.27774	2.53828	1.49297	3.41763	3.23297	4.16208	3.60748	1.5302	4.00715</FloatingPoint>
				<FloatingPoint size="20">	2.92698	2.10778	2.521	2.46145	2.42959	1.49537	2.05838	2.67585	1.40301	2.67003	1.49766	2.20567	2.55668	1.45401	1.32344	2.45913	2.6008	3.16497	2.46596	3.4169</FloatingPoint>
			</Individual>
			<Individual size="2">
				<FitnessMin value="0.0190476"/>
				<FloatingPoint size="80">	2.56489	3.15169	4.46908	3.20129	4.49285	3.59208	2.58853	2.44178	2.80556	4.87962	3.64009	3.08437	3.47834	1.1771	3.55334	3.64887	4.57977	2.421	3.61319	3.3964	1.17351	2.88854	1.68854	1.40929	3.5533	3.08528	3.66286	3.38016	2.32266	3.33976	5.71821	5.04818	2.35955	3.56803	1.62407	1.49639	3.09087	3.92692	3.53291	1.9908	2.59535	5.25472	1.55245	1.3707	4.83604	5.51086	4.22486	2.12756	3.31247	2.38654	3.37173	3.1594	2.47906	4.57964	1.54833	1.60765	1.54843	3.47211	1.45387	1.61038	3.61578	3.62389	3.3943	3.79042	2.35637	2.75896	2.88191	2.91957	4.01805	3.42236	4.63777	2.27749	2.53643	1.49297	3.41763	3.23297	4.16685	3.58216	1.52784	4.01552</FloatingPoint>
				<FloatingPoint size="20">	3.98649	2.07118	2.40944	2.45777	2.4288	1.49605	2.47948	2.97009	1.46358	2.95861	1.49805	2.29907	2.5313	1.34562	1.33318	2.48366	2.62568	2.39346	2.4664	3.51105</FloatingPoint>
			</Individual>
			<Individual size="2">
				<FitnessMin value="0.0190476"/>
				<FloatingPoint size="80">	6.59702	3.1506	4.61428	3.35054	2.98831	3.63969	2.82935	2.87955	2.81115	4.33489	3.62438	3.64528	3.47834	1.18036	3.55334	3.64821	4.57977	2.42095	3.61279	3.40921	1.17356	2.8885	1.68854	1.40929	3.3859	3.01536	3.8414	3.35898	2.38087	3.29695	5.69965	5.06311	2.35955	3.56808	1.62398	1.48414	3.07522	3.92981	3.30021	1.98444	2.59535	5.45463	1.55596	1.3707	4.8207	2.82892	4.11615	2.102	3.31139	2.38646	3.37178	3.13346	2.47906	4.57964	1.54833	1.60765	1.54843	3.47211	1.45387	1.61038	3.62067	3.61593	3.35488	3.78934	2.38909	2.08724	2.88074	2.91321	3.97038	3.33223	4.62397	2.26616	2.53543	1.49297	3.41761	3.23297	3.32387	2.97729	1.53005	3.99347</FloatingPoint>
				<FloatingPoint size="20">	3.98649	2.15634	2.41915	2.45536	2.42879	1.49632	2.59784	2.8167	1.4266	2.11765	1.49871	2.24152	2.55027	1.4098	1.29594	2.49562	2.58247	2.37476	2.46752	3.50046</FloatingPoint>
			</Individual>
			<Individual size="2">
				<FitnessMin value="0.0190476"/>
				<FloatingPoint size="80">	2.55966	3.1469	4.45643	3.2012	3.18328	3.71521	2.56978	2.52081	2.80518	4.43674	3.57978	3.55437	3.47834	1.17733	3.55334	3.64967	4.57977	2.42107	3.61263	3.41018	1.17376	2.88911	1.68854	1.40929	3.38626	3.0078	3.75018	3.37075	2.30774	3.36841	5.69467	4.97182	2.35955	3.56807	1.62398	1.49632	3.13023	3.93689	3.52025	1.98578	2.59535	5.19308	1.55733	1.3707	4.82401	3.05665	4.20066	2.15089	3.31142	2.38649	3.37177	3.14608	2.47906	4.57964	1.54833	1.60765	1.54843	3.47211	1.45387	1.61038	3.6162	3.58038	3.3859	3.84815	2.37094	2.56038	2.89664	2.90934	4.00587	3.4239	4.61632	2.2747	2.52898	1.49297	3.41763	3.23297	4.15839	3.56258	1.53029	3.99559</FloatingPoint>
				<FloatingPoint size="20">	3.00003	2.26448	2.28476	2.4651	2.4297	1.49633	3.92118	2.89599	1.40136	2.7087	1.49735	2.20721	2.52258	1.42331	1.32561	2.46249	2.54981	2.80189	2.46681	3.38715</FloatingPoint>
			</Individual>
			<Individual size="2">
				<FitnessMin value="0.0190476"/>
				<FloatingPoint size="80">	2.85762	3.55969	4.47943	3.20971	3.57149	6.0517	2.57163	2.75837	2.79937	4.57999	3.56616	3.68905	3.47834	1.17939	3.55334	3.64935	4.57977	2.42104	3.61224	3.38964	1.17473	2.88802	1.68854	1.40929	3.44623	3.03453	3.75988	3.3404	2.32485	3.25375	5.68391	4.98956	2.35955	3.56802	1.62399	1.4896	3.08653	3.92754	3.54684	1.10395	2.59535	5.41157	1.55167	1.3707	4.82102	2.07161	4.15969	2.13662	3.31245	2.38647	3.3717	3.15371	2.47906	4.57964	1.54833	1.60765	1.54843	3.47211	1.45387	1.61038	3.61592	3.62222	3.35742	3.76975	2.37641	2.60579	2.85128	2.92161	3.9603	3.96798	4.77056	2.27624	2.52869	1.49297	3.41763	3.23297	4.16237	3.58996	1.52688	3.9968</FloatingPoint>
				<FloatingPoint size="20">	2.87248	2.19622	2.39927	2.46684	2.27268	1.49631	2.44201	2.91193	1.39684	2.19702	1.49807	2.22263	2.62354	1.53694	1.28882	2.46886	2.54463	2.58473	2.46777	3.44419</FloatingPoint>
			</Individual>
			<Individual size="2">
				<FitnessMin value="0.0190476"/>
				<FloatingPoint size="80">	6.15094	3.17177	4.52554	3.199	2.95017	3.55664	0.820683	2.94841	2.81125	4.48969	3.6287	3.70909	3.47834	1.18039	3.55334	3.64886	4.57977	2.42099	3.61539	3.38944	1.17505	2.89084	1.68854	1.40929	3.56184	3.11258	3.38358	3.36763	2.25761	3.48933	5.73379	5.01393	2.35955	3.56803	1.62409	1.50104	3.12585	3.94599	3.58903	1.99089	2.59535	5.14581	1.5481	1.3707	4.84255	3.37524	4.02453	2.11753	3.31272	2.38657	3.37163	3.21034	2.47906	4.57964	1.54833	1.60765	1.54843	3.47211	1.45387	1.61038	3.61695	3.64239	3.39567	3.78025	2.34487	2.15801	2.87237	2.92251	4.11597	6.1548	4.64774	2.27821	2.54169	1.49297	3.41763	3.23297	4.17002	3.623	1.53302	4.02327</FloatingPoint>
				<FloatingPoint size="20">	2.87402	2.07975	2.48084	2.45913	2.43028	1.49586	2.47386	2.89587	1.45666	2.28358	1.49636	2.21023	2.4942	1.48189	1.32839	2.46748	2.55693	1.99489	2.46615	3.48646</FloatingPoint>
			</Individual>
			<Individual size="2">
				<FitnessMin value="0.0190476"/>
				<FloatingPoint size="80">	2.57011	3.55717	4.4831	3.20965	3.29091	3.72931	2.56618	2.52956	2.80071	4.24935	3.49668	3.6943	3.47834	1.17937	3.55334	3.64944	4.57977	2.42099	3.61186	3.38962	1.17524	2.8879	1.68854	1.40929	3.44454	3.0591	3.76597	3.38451	2.32486	3.16845	5.66716	4.97749	2.35955	3.56789	1.62399	1.49064	3.08009	3.92541	3.54556	1.99205	2.59535	5.45409	1.55691	1.3707	4.81706	1.05874	4.17083	2.15073	3.31263	2.38647	3.3717	3.15379	2.47906	4.57964	1.54833	1.60765	1.54843	3.47211	1.45387	1.61038	3.62078	3.61811	3.34448	3.83118	2.37723	2.58884	2.81753	2.94	3.95248	3.71306	4.85746	2.27626	2.52559	1.49297	3.41763	3.23297	4.1622	3.60108	1.52642	4.01417</FloatingPoint>
				<FloatingPoint size="20">	3.98649	2.07657	2.40944	2.45777	2.42875	1.49605	2.47948	2.97009	1.98044	2.59706	1.49773	2.29057	2.53301	1.35952	1.33377	2.48295	2.62568	2.46283	2.46684	3.5149</FloatingPoint>
			</Individual>
		</Deme>
	</Population>
</ECF>
