<?xml version="1.0" encoding="ISO-8859-1"?>
<ECF milestone="Mon Jun 18 17:33:37 2018
">
	<Registry>
		<Entry key="1FloatingPoint.dimension">20</Entry>
		<Entry key="1FloatingPoint.lbound">0</Entry>
		<Entry key="1FloatingPoint.ubound">1</Entry>
		<Entry key="FloatingPoint.dimension">50</Entry>
		<Entry key="FloatingPoint.lbound">0</Entry>
		<Entry key="FloatingPoint.ubound">6.99</Entry>
		<Entry key="SteadyStateTournament.tsize">3</Entry>
		<Entry key="batch.logfile_">*</Entry>
		<Entry key="batch.remaining_">0</Entry>
		<Entry key="batch.repeats">1</Entry>
		<Entry key="batch.singlemilestone">1</Entry>
		<Entry key="batch.statsfile">stats/ohlc_bitfinex_btcusd_21600_10_100_0.9_0.7.csv</Entry>
		<Entry key="data.balance">93944.2</Entry>
		<Entry key="data.input">data/train/ohlc_bitfinex_btcusd_21600.csv</Entry>
		<Entry key="data.test">data/test/ohlc_bitfinex_btcusd_21600.csv</Entry>
		<Entry key="fuzzy.langvars">conf/ohlc_bitfinex_btcusd_21600.conf</Entry>
		<Entry key="fuzzy.numrules">10</Entry>
		<Entry key="fuzzy.threshold">0.7</Entry>
		<Entry key="log.frequency">10</Entry>
		<Entry key="log.level">3</Entry>
		<Entry key="milestone.elapsedtime_">332</Entry>
		<Entry key="milestone.filename">milestones/ohlc_bitfinex_btcusd_21600_10_100_0.9_0.7.txt</Entry>
		<Entry key="milestone.generation_">2999</Entry>
		<Entry key="mutation.indprob">0.9</Entry>
		<Entry key="operator.logfile">log/ohlc_bitfinex_btcusd_21600_10_100_0.9_0.7.csv</Entry>
		<Entry key="population.size">100</Entry>
		<Entry key="term.eval">300000</Entry>
		<Entry key="term.maxtime">1800</Entry>
	</Registry>
	<Population size="1">
		<HallOfFame size="1">
			<Individual size="2" gen="1710">
				<FitnessMax value="1.67694"/>
				<FloatingPoint size="50">	3.32293	1.36204	2.47591	2.49941	2.36759	3.48814	1.50102	2.60806	2.6411	2.75668	4.8005	2.68985	4.48419	3.74689	3.57951	2.695	1.77035	3.45047	1.42915	2.59634	2.74039	2.92576	3.7788	3.31259	2.98853	3.49941	1.64274	3.30952	5.49453	3.61909	2.56008	2.46994	3.71575	3.26242	2.92336	2.38631	3.64083	3.41717	1.84773	2.70309	3.895	1.64705	2.82367	3.45715	3.07728	3.52361	1.59424	2.47705	2.67598	3.12656</FloatingPoint>
				<FloatingPoint size="20">	0.626817	0.375767	0.707574	0.500907	0.432212	0.876608	0.89589	0.35532	0.540171	0.867453	0.504347	0.843218	0.760161	0.668891	0.462796	0.915406	0.636491	0.470759	0.85622	0.271468</FloatingPoint>
			</Individual>
		</HallOfFame>
		<Deme size="100">
			<HallOfFame size="1">
				<Individual size="2" gen="1710">
					<FitnessMax value="1.67694"/>
					<FloatingPoint size="50">	3.32293	1.36204	2.47591	2.49941	2.36759	3.48814	1.50102	2.60806	2.6411	2.75668	4.8005	2.68985	4.48419	3.74689	3.57951	2.695	1.77035	3.45047	1.42915	2.59634	2.74039	2.92576	3.7788	3.31259	2.98853	3.49941	1.64274	3.30952	5.49453	3.61909	2.56008	2.46994	3.71575	3.26242	2.92336	2.38631	3.64083	3.41717	1.84773	2.70309	3.895	1.64705	2.82367	3.45715	3.07728	3.52361	1.59424	2.47705	2.67598	3.12656</FloatingPoint>
					<FloatingPoint size="20">	0.626817	0.375767	0.707574	0.500907	0.432212	0.876608	0.89589	0.35532	0.540171	0.867453	0.504347	0.843218	0.760161	0.668891	0.462796	0.915406	0.636491	0.470759	0.85622	0.271468</FloatingPoint>
				</Individual>
			</HallOfFame>
			<Individual size="2">
				<FitnessMax value="1.62598"/>
				<FloatingPoint size="50">	3.65626	1.41525	2.55612	2.62924	2.46629	3.44436	1.5934	2.44295	2.527	2.89503	4.52508	2.52857	4.48657	3.62525	3.56701	2.63479	1.63418	3.51928	1.28402	2.42254	2.64722	2.71006	3.57177	3.40902	2.43535	3.48373	1.59039	3.57381	5.34894	3.57328	2.63022	2.70191	3.66971	3.37125	2.69551	2.69854	3.5489	3.55348	1.77266	2.53712	3.68364	1.59952	2.49348	3.38487	2.99168	3.52295	1.27297	2.39198	2.46759	3.19209</FloatingPoint>
				<FloatingPoint size="20">	0.637366	0.618329	0.680134	0.448797	0.446678	0.911798	0.895772	0.516172	0.342384	0.758818	0.429976	0.82555	0.602379	0.821861	0.118323	0.917229	0.758828	0.524912	0.883425	0.642801</FloatingPoint>
			</Individual>
			<Individual size="2">
				<FitnessMax value="1.63156"/>
				<FloatingPoint size="50">	3.6554	1.40069	2.41391	2.42283	2.35027	3.49534	1.54251	2.48642	2.52843	2.84363	4.5372	2.58021	4.48278	3.65034	3.5615	2.63834	1.40689	3.53785	1.65867	2.53087	2.64169	2.94524	3.60407	3.40272	2.64529	3.47144	1.59442	3.56963	5.41787	3.56981	2.62906	2.76129	3.66911	3.36318	2.69617	2.70527	3.58884	3.58489	1.77314	2.51467	3.63765	1.63519	2.51926	3.5074	3.34764	3.54545	1.44792	2.38481	2.48995	3.1904</FloatingPoint>
				<FloatingPoint size="20">	0.63741	0.323626	0.676885	0.641208	0.846634	0.924355	0.895772	0.311667	0.259268	0.759099	0.388778	0.824964	0.556269	0.829144	0.263069	0.910445	0.765993	0.501871	0.887199	0.274932</FloatingPoint>
			</Individual>
			<Individual size="2">
				<FitnessMax value="1.38677"/>
				<FloatingPoint size="50">	3.6554	1.40069	3.35765	2.42283	2.35027	3.49534	1.54251	2.48642	2.52843	2.84363	4.5372	2.58021	4.48278	3.65034	3.5615	2.63834	1.40689	3.53785	1.65867	2.53087	2.64169	2.94524	3.60407	3.40272	2.65976	3.47144	1.59442	3.56963	5.41787	3.56981	2.62906	2.76129	3.66911	3.36318	2.69617	2.70527	3.58884	3.57799	1.77293	2.53021	3.67305	1.61953	2.50441	3.40926	3.33458	3.54806	1.4441	2.39092	2.48718	3.12775</FloatingPoint>
				<FloatingPoint size="20">	0.635894	0.21105	0.676882	0.701533	0.448029	0.923245	0.895772	0.487294	0.334352	0.765745	0.241064	0.825765	0.184942	0.822772	0.735436	0.920881	0.763337	0.522307	0.904329	0.755085</FloatingPoint>
			</Individual>
			<Individual size="2">
				<FitnessMax value="1.63156"/>
				<FloatingPoint size="50">	3.6554	1.40069	2.41391	2.65377	2.35027	3.49534	1.54251	2.48642	2.52843	2.84363	4.5372	2.58021	4.48278	3.65034	3.5615	2.63834	1.40689	3.53785	1.65867	2.53087	2.64169	2.94524	3.60407	3.40272	2.65976	3.47144	1.59442	3.56963	5.41787	3.56981	2.62906	2.76129	3.66911	3.36318	2.69617	2.70527	3.58884	3.57799	1.77293	2.53021	3.67305	1.61953	2.50441	3.40926	3.33458	3.54806	1.4441	2.39092	2.48718	3.12775</FloatingPoint>
				<FloatingPoint size="20">	0.626157	0.289127	0.678133	0.383143	0.378655	0.889676	0.895772	0.431868	0.388886	0.763739	0.453345	0.825408	0.79562	0.798149	0.31964	0.972918	0.656288	0.511409	0.87468	0.762403</FloatingPoint>
			</Individual>
			<Individual size="2">
				<FitnessMax value="1.63156"/>
				<FloatingPoint size="50">	3.6561	1.41485	2.5305	2.43069	2.46695	3.49726	1.5932	2.46652	2.52921	2.83621	4.54053	2.53476	4.48559	3.63715	3.57084	2.63818	1.64	3.5173	1.22876	2.54995	2.6474	2.9421	3.60416	3.40568	2.10503	3.47635	1.59586	3.57378	5.34308	3.57759	2.68582	2.81673	3.66599	3.37124	2.69553	2.68571	3.58907	3.57866	1.77263	2.53027	3.67829	1.62158	2.51002	3.37175	3.35178	3.53974	1.46583	2.39104	2.4931	3.0806</FloatingPoint>
				<FloatingPoint size="20">	0.62315	0.619733	0.678336	0.181481	0.85607	0.896795	0.895772	0.459312	0.390877	0.768447	0.447984	0.825604	0.570886	0.79665	0.360299	0.922844	0.665196	0.489917	0.878961	0.725274</FloatingPoint>
			</Individual>
			<Individual size="2">
				<FitnessMax value="1.41708"/>
				<FloatingPoint size="50">	3.65678	1.407	2.51627	2.4178	2.36853	3.48932	1.59319	2.3472	2.52562	2.84521	4.54307	2.53962	4.48561	3.66299	3.01821	2.62841	1.59606	3.52502	1.29126	2.52442	2.64562	2.90939	3.58706	3.39888	2.6812	3.51351	1.59534	3.57097	5.35361	3.57644	2.6791	2.77142	3.65719	3.37645	2.69265	2.69482	3.60621	3.56597	1.77336	2.53447	1.856	1.61139	2.46552	3.40497	3.34759	3.58475	1.34349	2.3907	2.49213	3.14095</FloatingPoint>
				<FloatingPoint size="20">	0.62315	0.619733	0.678336	0.390679	0.402809	0.896795	0.678746	0.438317	0.390877	0.768447	0.447984	0.825604	0.570886	0.79665	0.271112	0.922844	0.665196	0.489917	0.878961	0.725274</FloatingPoint>
			</Individual>
			<Individual size="2">
				<FitnessMax value="1.63156"/>
				<FloatingPoint size="50">	3.65587	1.41168	2.55166	2.42115	2.42856	3.49347	1.59197	2.59036	2.51594	2.81106	4.55864	2.53907	4.46988	3.65595	3.51665	2.63211	1.97563	3.54486	1.22061	2.44353	2.67061	2.91424	3.57088	3.40398	2.54644	3.48322	1.59133	3.55522	5.42133	3.57352	2.51739	2.79836	3.67864	3.39172	2.69099	2.69854	3.54856	3.56841	1.77386	2.53842	3.60783	1.58781	2.51089	3.37757	3.35041	3.541	1.3718	2.39125	2.49018	3.20717</FloatingPoint>
				<FloatingPoint size="20">	0.623447	0.616851	0.679381	0.101326	0.40277	0.932234	0.895772	0.48591	0.75445	0.73902	0.445024	0.825525	0.498483	0.796982	0.368517	0.922724	0.738355	0.549413	0.894314	0.801928</FloatingPoint>
			</Individual>
			<Individual size="2">
				<FitnessMax value="1.62471"/>
				<FloatingPoint size="50">	3.65578	1.40474	2.54461	2.42113	2.40745	3.46651	1.59204	2.59032	2.52251	2.82163	4.53342	2.53259	4.47857	3.65148	3.511	2.62938	1.64136	3.55007	1.31065	2.36879	2.64017	2.72573	3.57076	3.40233	2.50356	3.46477	1.59146	3.55943	5.33389	3.5712	2.35042	2.68841	3.67618	3.3755	2.69224	2.70663	3.51716	3.54308	1.77288	2.54405	3.70483	1.54595	2.51044	3.38199	3.34981	3.51679	1.11206	2.39186	2.45968	3.21092</FloatingPoint>
				<FloatingPoint size="20">	0.625782	0.452031	0.677552	0.448492	0.393442	0.239905	0.895772	0.477322	0.841905	0.745788	0.458838	0.826273	0.653407	0.799024	0.449966	0.919746	0.733449	0.53849	0.891409	0.61508</FloatingPoint>
			</Individual>
			<Individual size="2">
				<FitnessMax value="1.63156"/>
				<FloatingPoint size="50">	3.6554	1.40069	2.41391	2.42283	2.35027	3.49534	1.54251	2.48642	2.52843	2.84363	4.5372	2.58021	4.48278	3.65034	3.5615	2.63834	1.40689	3.53785	1.65867	2.53087	2.64169	2.94524	3.60407	3.40272	2.65976	3.47144	1.59442	3.56963	5.41787	3.56981	2.62906	2.76129	3.66911	3.36318	2.69617	2.70527	3.58884	3.57799	1.77293	2.53021	3.67305	1.61953	2.50441	3.40926	3.33458	3.54806	1.4441	2.39092	2.48718	3.12775</FloatingPoint>
				<FloatingPoint size="20">	0.639585	0.276891	0.677439	0.204058	0.411305	0.926334	0.895772	0.46468	0.221912	0.75444	0.191602	0.826076	0.730492	0.791384	0.44948	0.906756	0.697842	0.617141	0.907798	0.677492</FloatingPoint>
			</Individual>
			<Individual size="2">
				<FitnessMax value="1.55749"/>
				<FloatingPoint size="50">	3.65626	1.41525	2.55612	2.62924	2.46629	3.44436	1.5934	2.44295	2.527	2.89503	4.52508	2.52857	4.48657	3.62525	3.56701	2.63479	6.66902	3.51928	1.28402	2.42254	2.64722	2.71006	3.57177	3.40902	2.43535	3.48373	1.59039	3.57381	5.34894	3.57328	2.63022	2.70191	3.66971	3.37125	2.69551	2.69854	3.5489	3.55348	1.77266	2.53712	3.68364	1.59952	2.49348	3.38487	3.34747	3.52295	1.27297	2.39198	2.46759	3.19209</FloatingPoint>
				<FloatingPoint size="20">	0.629849	0.286633	0.677968	0.913692	0.38063	0.924131	0.895772	0.498351	0.465321	0.758555	0.286976	0.825731	0.561898	0.808668	0.177261	0.910551	0.785287	0.507825	0.883254	0.7024</FloatingPoint>
			</Individual>
			<Individual size="2">
				<FitnessMax value="1.63156"/>
				<FloatingPoint size="50">	3.6554	1.40069	2.41391	2.65377	2.35027	3.49534	1.54251	2.48642	2.52843	2.84363	4.5372	2.58021	4.48278	3.65034	3.5615	2.63834	1.40689	3.53785	1.65867	2.53087	2.64169	2.94524	3.60407	3.40272	2.65976	3.47144	1.59442	3.56963	5.41787	3.56981	2.62906	2.76129	3.66911	3.36318	2.69617	2.70527	3.58884	3.57799	1.77293	2.53021	3.67305	1.61953	2.50441	3.40926	3.33458	3.54806	1.4441	2.39092	2.48718	3.12775</FloatingPoint>
				<FloatingPoint size="20">	0.641124	0.345958	0.663639	0.397964	0.379121	0.891291	0.895772	0.595314	0.485598	0.760847	0.178529	0.824168	0.674577	0.808255	0.424625	0.915558	0.676152	0.510959	0.879654	0.764207</FloatingPoint>
			</Individual>
			<Individual size="2">
				<FitnessMax value="1.63156"/>
				<FloatingPoint size="50">	3.65708	1.41642	2.57703	2.48979	2.44316	3.49301	1.57722	2.50263	2.52417	2.79954	4.50549	2.51576	4.49793	3.69694	3.55694	2.62963	1.9163	3.55771	1.308	2.60905	2.63713	2.97476	3.67279	3.39909	2.66021	3.50111	1.58905	3.56792	5.42293	3.56239	2.40707	2.70132	3.15443	3.36475	2.67056	2.71026	3.51758	3.57678	1.77415	2.54478	3.70973	1.62956	2.5161	3.4457	3.28634	3.58567	1.20639	2.39057	2.47263	3.19711</FloatingPoint>
				<FloatingPoint size="20">	0.644857	0.64443	0.639727	0.425287	0.409646	0.894084	0.895772	0.644744	0.494022	0.711392	0.373107	0.822969	0.507455	0.812093	0.560003	0.911508	0.687243	0.508294	0.902535	0.765145</FloatingPoint>
			</Individual>
			<Individual size="2">
				<FitnessMax value="1.63156"/>
				<FloatingPoint size="50">	3.6561	1.40717	2.52113	2.42653	2.4347	3.48652	1.46419	2.4448	2.52279	2.83707	4.55714	2.53511	4.48802	3.66484	3.58203	2.5875	1.31393	3.54533	1.35314	2.53018	2.64037	2.92029	3.59694	3.39688	2.6721	3.51972	1.59505	3.56564	5.40197	3.57101	2.65992	2.73256	3.65975	3.37667	2.69202	2.69809	3.6441	3.56497	1.77292	2.52828	3.68334	1.61689	2.46231	3.44985	3.34068	3.55967	1.39427	2.39118	2.48976	3.16917</FloatingPoint>
				<FloatingPoint size="20">	0.623283	0.56363	0.687881	0.467537	0.406335	0.898343	0.895772	0.52218	0.348368	0.76621	0.447263	0.824327	0.752097	0.815056	0.32509	0.949422	0.67174	0.501757	0.921523	0.764323</FloatingPoint>
			</Individual>
			<Individual size="2">
				<FitnessMax value="1.55064"/>
				<FloatingPoint size="50">	3.65578	1.40412	2.47632	2.42852	2.41678	3.49627	1.54753	2.48145	2.52745	2.83649	4.54337	2.57263	4.48299	3.6783	2.68188	2.63825	1.38566	3.5263	1.25855	2.52861	2.64489	2.94385	3.60415	3.39929	2.68648	3.51189	1.59414	3.57153	5.4129	3.57019	2.66388	2.78618	3.66747	3.36453	2.6954	2.6891	3.58899	3.57817	1.77292	2.53026	3.67596	1.61977	2.49428	3.45046	3.33546	3.54782	1.44518	2.39104	2.48907	3.1322</FloatingPoint>
				<FloatingPoint size="20">	0.625337	0.459817	0.67024	0.412308	0.39944	0.923633	0.182306	0.312546	0.409147	0.733493	0.352743	0.825261	0.613257	0.732539	0.434399	0.908947	0.689845	0.59451	0.910129	0.464796</FloatingPoint>
			</Individual>
			<Individual size="2">
				<FitnessMax value="1.57515"/>
				<FloatingPoint size="50">	3.65707	1.294	2.43312	2.4274	2.40273	3.49303	1.51599	2.50833	2.52301	2.69629	4.5438	2.57616	4.48444	3.64667	3.57385	2.63072	1.36948	3.5721	1.31828	2.51514	1.4076	2.88747	3.59297	3.38922	2.64209	3.43459	1.5946	3.56195	5.37912	3.57474	2.64124	2.75693	3.65829	3.3852	2.6792	2.71133	3.63114	3.56069	1.77239	2.53457	3.71153	1.37297	2.49402	3.42151	3.35108	3.57618	1.41534	2.38957	2.48892	3.17322</FloatingPoint>
				<FloatingPoint size="20">	0.635902	0.211207	0.676881	0.700347	0.447941	0.923252	0.895772	0.48724	0.334084	0.765718	0.240946	0.825764	0.734757	0.822697	0.734755	0.920847	0.763181	0.512605	0.904337	0.7549</FloatingPoint>
			</Individual>
			<Individual size="2">
				<FitnessMax value="1.09757"/>
				<FloatingPoint size="50">	3.65826	1.41397	2.59158	2.42117	2.43509	3.49859	1.59173	2.59954	2.51568	2.79976	4.56746	2.54009	4.46429	3.68214	3.55418	2.64287	1.74758	3.54412	1.10384	2.62134	2.68592	2.98511	0.83175	3.40577	2.78712	3.52512	1.58992	3.55103	5.45637	3.58233	2.56132	2.87409	3.67874	3.39272	2.68176	2.67722	3.5573	3.58142	1.77422	2.51275	3.58688	1.63501	2.5111	3.37174	3.35079	3.54649	1.44867	2.38603	2.49213	3.20528</FloatingPoint>
				<FloatingPoint size="20">	0.625782	0.338287	0.683518	0.563726	0.48257	0.924717	0.895772	0.214047	0.356006	0.762091	0.059553	0.879806	0.448475	0.793444	0.323321	0.924646	0.660806	0.444286	0.882365	0.209224</FloatingPoint>
			</Individual>
			<Individual size="2">
				<FitnessMax value="1.67694"/>
				<FloatingPoint size="50">	3.65468	1.43042	2.54206	2.40904	2.43073	3.44132	1.5917	2.59951	2.51645	2.79881	4.56262	2.54007	4.47267	3.68636	3.55369	2.63239	1.73477	3.45502	1.3228	2.62067	2.62644	3.0086	3.61265	3.39828	2.68607	3.51542	1.58259	3.54775	5.46265	3.56192	2.55583	2.79721	3.67867	3.35921	2.68189	2.71331	3.54391	3.58121	1.77171	2.51658	3.73271	1.63506	2.5136	3.37133	3.34781	3.51186	1.44803	2.38805	2.49008	3.19243</FloatingPoint>
				<FloatingPoint size="20">	0.637364	0.647509	0.682028	0.480904	0.541776	0.912043	0.895773	0.677233	0.407295	0.730068	0.508627	0.909895	0.300465	0.78928	0.500528	0.931594	0.652471	0.422563	0.895377	0.590366</FloatingPoint>
			</Individual>
			<Individual size="2">
				<FitnessMax value="1.62471"/>
				<FloatingPoint size="50">	3.6561	1.41485	2.5305	2.43069	2.46695	3.49726	1.5932	2.46652	2.52921	2.83621	4.54053	2.53476	4.48559	3.63715	3.57084	2.63818	1.64	3.5173	1.22876	2.54995	2.6474	2.9421	3.60416	3.40568	2.10503	3.47635	1.59586	3.57378	5.34308	3.57759	2.68582	2.81673	3.66599	3.37124	2.69553	2.68571	3.58907	3.57866	1.77263	2.53027	3.67829	1.62158	2.51002	3.37175	3.35178	3.53974	1.46583	2.39104	2.4931	3.0806</FloatingPoint>
				<FloatingPoint size="20">	0.62315	0.619733	0.678336	0.390679	0.402809	0.390173	0.895772	0.438317	0.390877	0.768447	0.447984	0.825604	0.570886	0.79665	0.360299	0.922844	0.665196	0.489917	0.878961	0.725274</FloatingPoint>
			</Individual>
			<Individual size="2">
				<FitnessMax value="1.57962"/>
				<FloatingPoint size="50">	3.65568	1.3906	2.52115	2.4187	2.39077	3.49288	1.59321	2.46374	2.5288	2.83757	4.54128	2.54143	4.48612	3.63814	3.57731	2.6387	1.64914	3.518	1.37311	2.54208	2.64797	2.93498	3.59938	3.40337	2.17292	3.48571	1.59231	3.57341	5.34554	3.57735	2.68459	2.74415	3.63114	3.3737	2.6836	2.68285	3.60337	3.57239	1.77261	2.52833	3.68687	1.61789	2.49854	3.379	3.35031	3.60748	1.33523	2.39104	2.49324	3.10455</FloatingPoint>
				<FloatingPoint size="20">	0.639438	0.545786	0.677746	0.435791	0.406027	0.903617	0.895772	0.489217	0.369828	0.472915	0.406785	0.825275	0.579802	0.825497	0.352423	0.91291	0.705803	0.546443	0.885949	0.459243</FloatingPoint>
			</Individual>
			<Individual size="2">
				<FitnessMax value="1.63156"/>
				<FloatingPoint size="50">	3.65484	1.36673	2.52513	2.46293	2.41366	3.49301	1.54321	2.5484	2.52421	2.80238	4.52046	2.54417	4.4855	3.65135	3.55671	2.63276	1.44102	3.58594	1.3085	2.55418	2.63779	2.86612	3.59568	3.40186	2.65961	3.47661	1.59307	3.56408	5.41065	3.56738	2.62226	2.73724	3.53767	3.36343	2.68832	2.70396	3.57818	3.57947	1.77302	2.52718	3.66609	1.6312	2.50785	3.47786	3.31568	3.55594	1.37662	2.38722	2.48318	3.18963</FloatingPoint>
				<FloatingPoint size="20">	0.63741	0.323626	0.676885	0.641208	0.846634	0.924355	0.895772	0.311667	0.259268	0.759099	0.388778	0.824964	0.556269	0.829144	0.372246	0.910445	0.765993	0.501871	0.887199	0.274932</FloatingPoint>
			</Individual>
			<Individual size="2">
				<FitnessMax value="1.63156"/>
				<FloatingPoint size="50">	3.6554	1.40069	2.41391	2.42283	2.35027	3.49534	1.54251	2.48642	2.52843	2.84363	4.5372	2.58021	4.48278	3.65034	3.5615	2.63834	1.40689	3.53785	1.65867	2.53087	2.64169	2.94524	3.60407	3.40272	2.65976	3.47144	1.59442	3.56963	5.41787	3.56981	2.62906	2.76129	3.66911	3.36318	2.69617	2.70527	3.58884	3.58489	1.77314	2.51467	3.63765	1.63519	2.51926	3.5074	3.34764	3.54545	1.44792	2.38481	2.48995	3.1904</FloatingPoint>
				<FloatingPoint size="20">	0.63741	0.323626	0.676885	0.641208	0.846634	0.924355	0.895772	0.311667	0.259268	0.759099	0.388778	0.824964	0.556269	0.829144	0.372246	0.910445	0.765993	0.501871	0.887199	0.274932</FloatingPoint>
			</Individual>
			<Individual size="2">
				<FitnessMax value="1.63156"/>
				<FloatingPoint size="50">	3.6554	1.40069	2.41391	2.42283	2.35027	3.49534	1.54251	2.48642	2.52843	2.84363	4.5372	2.58021	4.48278	3.65034	3.5615	2.63834	1.40689	3.53785	1.65867	2.53087	2.64169	2.94524	3.60407	3.40272	2.65976	3.47144	1.59442	3.56963	5.41787	3.56981	2.62906	2.76129	3.66911	3.36318	2.69617	2.70527	3.58884	3.57799	1.77293	2.53021	3.67305	1.61953	2.50441	3.40926	3.33458	3.54806	1.4441	2.39092	2.48718	3.12775</FloatingPoint>
				<FloatingPoint size="20">	0.629861	0.387028	0.677854	0.316979	0.443056	0.911808	0.895772	0.511255	0.884222	0.757485	0.295865	0.825883	0.628819	0.80211	0.62756	0.900014	0.691491	0.584274	0.900979	0.715047</FloatingPoint>
			</Individual>
			<Individual size="2">
				<FitnessMax value="1.67694"/>
				<FloatingPoint size="50">	3.6564	1.41533	2.6172	2.42366	2.41147	3.50905	1.59173	2.59962	2.51685	2.79976	4.56736	2.54058	4.48378	3.68235	3.55566	2.64164	1.73272	3.3421	1.3661	2.2458	2.7112	3.01915	3.61374	3.39992	2.48416	3.52823	1.59617	3.56905	5.45349	3.56337	2.55029	2.77535	3.67995	3.35436	2.7105	2.68243	3.5598	3.57938	1.77238	2.51404	3.79905	1.63543	2.51336	3.37251	3.35475	3.54517	1.44817	2.39318	2.4861	3.16254</FloatingPoint>
				<FloatingPoint size="20">	0.638997	0.338634	0.68031	0.397899	0.531981	0.910295	0.895773	0.67613	0.38938	0.698622	0.326815	0.910593	0.586954	0.786544	0.54445	0.930819	0.650876	0.721212	0.894983	0.663211</FloatingPoint>
			</Individual>
			<Individual size="2">
				<FitnessMax value="1.63156"/>
				<FloatingPoint size="50">	3.65606	1.41513	2.55638	2.55132	2.46057	3.46253	1.59328	2.4421	2.52728	2.87374	4.51853	2.51219	4.4882	3.66855	3.57163	2.63189	1.69939	3.54446	1.2727	2.45333	2.64091	2.81486	3.58602	3.40375	2.49943	3.508	1.59201	3.5634	5.35596	3.57174	2.46164	2.71664	3.67315	3.37304	2.70178	2.70223	3.56915	3.55656	1.77307	2.53584	3.70183	1.57735	2.47713	3.39474	3.33313	3.5274	1.25196	2.39143	2.47247	3.18283</FloatingPoint>
				<FloatingPoint size="20">	0.635902	0.28249	0.676386	0.700347	0.382717	0.923252	0.895772	0.48724	0.334084	0.765718	0.392363	0.824994	0.558535	0.688482	0.261093	0.910244	0.776403	0.503376	0.879527	0.196632</FloatingPoint>
			</Individual>
			<Individual size="2">
				<FitnessMax value="1.63156"/>
				<FloatingPoint size="50">	3.65826	1.40958	2.50728	2.42363	2.38475	3.49016	1.59319	2.46581	2.5232	2.83799	4.54778	2.55185	4.48541	3.63828	3.57093	2.63581	1.64062	3.5177	1.29716	2.55033	2.64829	2.9043	3.60134	3.40381	2.51037	3.47874	1.59176	3.5641	5.3456	3.57519	2.66578	2.78218	3.66702	3.37513	2.7011	2.68432	3.58768	3.57756	1.77391	2.53434	3.68624	1.61478	2.49893	3.38272	3.34617	3.56733	1.46389	2.39013	2.49311	3.15307</FloatingPoint>
				<FloatingPoint size="20">	0.637391	0.139925	0.677376	0.426367	0.517192	0.93051	0.895772	0.468861	0.400306	0.746151	0.422599	0.826534	0.727914	0.789553	0.348859	0.917716	0.726464	0.600603	0.897135	0.350622</FloatingPoint>
			</Individual>
			<Individual size="2">
				<FitnessMax value="1.63156"/>
				<FloatingPoint size="50">	3.6561	1.40717	2.52113	2.42653	2.4347	3.48652	1.46419	2.4448	2.52279	2.83707	4.55714	2.53511	4.48802	3.66484	3.58203	2.6338	1.31393	3.54533	1.35314	2.53018	2.64037	2.92029	3.59694	3.39688	2.6721	3.51972	1.59505	3.56564	5.40197	3.57101	2.65992	2.73256	3.65975	3.37667	2.69202	2.69809	3.6441	3.56497	1.77292	2.52828	3.68334	1.61689	2.46231	3.44985	3.34068	3.55967	1.39427	2.39118	2.48976	3.16917</FloatingPoint>
				<FloatingPoint size="20">	0.62315	0.619733	0.678336	0.390679	0.402809	0.896795	0.895772	0.438317	0.390877	0.768447	0.447984	0.825604	0.783816	0.79665	0.271112	0.961609	0.665196	0.489917	0.878961	0.725274</FloatingPoint>
			</Individual>
			<Individual size="2">
				<FitnessMax value="1.67694"/>
				<FloatingPoint size="50">	3.64835	1.41948	2.53543	2.4147	2.43646	3.50674	1.5917	2.59998	2.51459	2.79911	4.56316	2.5411	4.46637	3.68194	3.55276	2.64023	1.74105	3.54828	1.36563	2.6216	2.66551	3.0553	3.6136	3.39902	2.55357	3.52307	1.58144	3.53408	5.48144	3.56279	2.57229	2.78731	3.6787	3.35935	2.68399	2.68964	3.55458	3.58263	1.77312	2.51247	3.38783	1.63536	2.51333	3.37127	3.34787	3.54525	1.45514	2.38711	2.48821	3.24573</FloatingPoint>
				<FloatingPoint size="20">	0.623879	0.365043	0.676944	0.448554	0.520611	0.900686	0.895771	0.615491	0.292426	0.764095	0.154012	0.908986	0.633343	0.794984	0.484137	0.931409	0.709157	0.33859	0.872732	0.688148</FloatingPoint>
			</Individual>
			<Individual size="2">
				<FitnessMax value="1.63156"/>
				<FloatingPoint size="50">	3.65626	1.41525	2.55612	2.62924	2.46629	3.44436	1.5934	2.44295	2.527	2.89503	4.52508	2.52857	4.48657	3.62525	3.56701	2.63479	1.63418	3.51928	1.28402	2.42254	2.64722	2.71006	3.57177	3.40902	2.43535	3.48373	1.59039	3.57381	5.34894	3.57328	2.63022	2.70191	3.66971	3.37125	2.69551	2.69854	3.5489	3.55348	1.77266	2.53712	3.68364	1.59952	2.49348	3.38487	3.34747	3.52295	1.27297	2.39198	2.46759	3.19209</FloatingPoint>
				<FloatingPoint size="20">	0.637366	0.618329	0.680134	0.448797	0.446678	0.911798	0.895772	0.516172	0.342384	0.760059	0.430699	0.825453	0.590081	0.825027	0.0957375	0.917181	0.761999	0.517497	0.882082	0.671425</FloatingPoint>
			</Individual>
			<Individual size="2">
				<FitnessMax value="1.63156"/>
				<FloatingPoint size="50">	3.65826	1.37926	2.40966	2.41351	2.45346	3.49738	1.59179	2.46161	2.52453	2.84815	4.53632	2.33728	4.4875	3.63889	3.60914	2.61398	1.54079	3.54466	1.33048	2.46024	2.63759	2.88488	3.5849	3.39085	2.61821	3.50748	1.60076	3.57326	5.3376	3.57526	2.65529	2.72789	3.62028	3.39766	2.66705	2.70876	3.68306	3.55415	1.7723	2.53805	3.75718	1.60975	2.49232	3.43653	3.35117	3.61398	1.30038	2.39133	2.48656	3.16804</FloatingPoint>
				<FloatingPoint size="20">	0.625782	0.603691	0.677304	0.587047	0.427894	0.913626	0.895772	0.577553	0.391052	0.766958	0.458342	0.825755	0.653204	0.805683	0.552979	0.921342	0.741991	0.502579	0.901021	0.744596</FloatingPoint>
			</Individual>
			<Individual size="2">
				<FitnessMax value="1.62471"/>
				<FloatingPoint size="50">	3.65617	1.4008	2.52903	2.442	2.49698	3.51127	1.593	2.46584	2.52973	2.83818	4.55079	2.52287	4.48286	3.41263	3.55861	2.6371	1.62532	3.48924	1.28511	2.55	2.64732	2.99187	3.59579	3.3963	2.47073	3.51195	1.72368	3.56431	5.30462	3.5719	2.68479	2.89475	3.66686	3.37086	2.71021	2.69302	3.58033	3.5779	1.77288	2.54411	3.66559	1.62033	2.5153	3.38856	3.35258	3.53567	1.46184	2.39055	2.48552	3.10302</FloatingPoint>
				<FloatingPoint size="20">	0.62315	0.619733	0.678336	0.390679	0.402809	0.390173	0.895772	0.438317	0.390877	0.768447	0.447984	0.825604	0.570886	0.79665	0.360299	0.922844	0.665196	0.489917	0.878961	0.725274</FloatingPoint>
			</Individual>
			<Individual size="2">
				<FitnessMax value="1.62151"/>
				<FloatingPoint size="50">	3.65578	1.4087	2.4888	2.41928	2.33432	3.48835	1.59313	2.46472	2.51907	2.83894	4.55623	2.58276	4.48442	3.64554	3.57231	2.63126	1.64296	3.51813	1.30467	2.55115	2.65152	2.88448	3.58578	3.40008	2.5655	3.50027	1.59158	3.56267	5.34737	3.57004	2.66258	2.74245	3.66723	3.37794	2.70161	2.68395	3.58263	3.57224	1.77421	2.55142	3.69481	1.61226	2.48546	3.40518	3.34237	3.58507	1.33422	2.38869	2.49313	3.16235</FloatingPoint>
				<FloatingPoint size="20">	0.639051	0.201843	0.676973	0.389819	0.310077	0.898344	0.895771	0.515316	0.349387	0.751029	0.322979	0.834799	0.187994	0.79339	0.480782	0.927371	0.705378	0.377023	0.880457	0.632078</FloatingPoint>
			</Individual>
			<Individual size="2">
				<FitnessMax value="1.56825"/>
				<FloatingPoint size="50">	3.65606	1.43106	2.54014	2.40673	2.4339	3.46094	1.5917	2.59935	2.51522	2.99281	4.56262	2.54096	4.47446	3.68383	3.55342	2.63893	1.74383	3.52528	1.31111	2.62082	2.62918	3.05861	3.61569	3.40334	2.66091	3.51934	1.5998	3.5407	5.46548	3.56042	2.53503	2.78289	3.6788	3.36076	2.6527	2.72011	3.54982	3.58489	1.77314	2.51467	3.63765	1.63519	2.51926	3.5074	3.34764	3.54545	1.44792	2.38481	2.48995	3.1904</FloatingPoint>
				<FloatingPoint size="20">	0.623656	0.293477	0.672421	0.381599	0.815133	0.980987	0.895771	0.765756	0.585815	0.71428	0.00138995	0.961195	0.309549	0.79058	0.670677	0.935192	0.837803	0.667703	0.913606	0.657437</FloatingPoint>
			</Individual>
			<Individual size="2">
				<FitnessMax value="1.63156"/>
				<FloatingPoint size="50">	3.6564	1.38108	2.48309	2.41821	2.18944	3.48753	1.59321	2.46305	2.52868	2.84481	4.54143	2.56256	4.48719	3.63879	3.58106	2.63899	1.65804	3.51825	1.38445	2.53645	2.6503	2.92923	3.58318	3.39956	2.57816	3.50758	1.59114	3.57327	5.34575	3.5767	2.6832	2.68215	3.63079	3.3786	2.6717	2.67491	3.60525	3.56926	1.77235	2.52809	3.69579	1.60587	2.49226	3.38056	3.3513	3.60839	1.22237	2.39103	2.49329	3.14188</FloatingPoint>
				<FloatingPoint size="20">	0.63579	0.286633	0.677968	0.327403	0.38063	0.924124	0.895772	0.422969	0.259323	0.7744	0.286976	0.824342	0.561898	0.829906	0.372125	0.910551	0.785287	0.507825	0.880189	0.977009</FloatingPoint>
			</Individual>
			<Individual size="2">
				<FitnessMax value="1.30458"/>
				<FloatingPoint size="50">	3.65465	1.43089	2.54182	2.40935	4.26119	3.44	1.59169	2.59974	2.51646	2.7985	4.56272	2.5401	4.47274	3.68713	3.55463	2.6324	1.72867	3.45274	1.32539	2.62516	2.62532	3.011	3.6137	3.39814	2.68961	3.51624	1.58237	3.54756	5.46369	3.56163	2.5568	2.79724	3.67867	3.35839	2.68212	2.71369	3.5438	3.58153	1.77166	2.51713	3.72954	1.63626	2.51367	3.37149	3.34774	3.51112	1.44996	2.38797	2.49008	3.19206</FloatingPoint>
				<FloatingPoint size="20">	0.637364	0.647509	0.682028	0.480904	0.541776	0.912043	0.895773	0.677233	0.407295	0.730068	0.508627	0.909895	0.300465	0.78928	0.500528	0.931594	0.652471	0.422563	0.895377	0.590366</FloatingPoint>
			</Individual>
			<Individual size="2">
				<FitnessMax value="1.67694"/>
				<FloatingPoint size="50">	3.65826	1.41397	2.59158	2.42117	2.43509	3.49859	1.59173	2.59954	2.51568	2.79976	4.56746	2.54009	4.46429	3.68214	3.55418	2.64287	1.74758	3.54412	1.10384	2.62134	2.68592	2.98511	3.6136	3.40577	2.78712	3.52512	1.58992	3.55103	5.45637	3.58233	2.56132	2.87409	3.67874	3.39272	2.68176	2.67722	3.5573	3.58142	1.77422	2.51275	3.58688	1.63501	2.5111	3.37174	3.35079	3.54649	1.44867	2.38603	2.49213	3.20528</FloatingPoint>
				<FloatingPoint size="20">	0.623283	0.45881	0.684868	0.44051	0.275162	0.926238	0.895772	0.166215	0.393192	0.691154	0.0742927	0.893645	0.396981	0.791531	0.410396	0.929459	0.616968	0.438972	0.896357	0.20793</FloatingPoint>
			</Individual>
			<Individual size="2">
				<FitnessMax value="1.63156"/>
				<FloatingPoint size="50">	3.6554	1.40069	2.41391	2.42283	2.35027	3.49534	1.54251	2.48642	2.52843	2.84363	4.5372	2.58021	4.48278	3.65034	3.5615	2.63834	1.40689	3.53785	1.65867	2.53087	2.64169	2.94524	3.60407	3.40272	2.65976	3.47144	1.59442	3.56963	5.41787	3.56981	2.62906	2.76129	3.66911	3.36318	2.69617	2.70527	3.58884	3.57799	1.77293	2.53021	3.67305	1.61953	2.50441	3.40926	3.33458	3.54806	1.4441	2.39092	2.48718	3.12775</FloatingPoint>
				<FloatingPoint size="20">	0.639585	0.346857	0.677396	0.407594	0.449186	0.914832	0.895772	0.493854	0.86828	0.753157	0.326881	0.826303	0.660467	0.798619	0.591092	0.910781	0.702374	0.591974	0.89962	0.487332</FloatingPoint>
			</Individual>
			<Individual size="2">
				<FitnessMax value="1.63156"/>
				<FloatingPoint size="50">	3.65484	1.36673	2.52513	2.46293	2.41366	3.49301	1.54321	2.5484	2.52421	2.80238	4.52046	2.54417	4.4855	3.65135	3.55671	2.63276	1.44102	3.58594	1.3085	2.55418	2.63779	2.97304	3.60702	3.40073	2.65942	3.48339	1.5913	3.5568	5.40116	3.5642	2.61331	2.70562	3.36481	3.36376	2.67799	2.70223	3.56415	3.57234	1.77288	2.54362	3.7035	1.62595	2.49286	3.43901	3.27364	3.56973	1.28286	2.3904	2.47429	3.18862</FloatingPoint>
				<FloatingPoint size="20">	0.623447	0.559129	0.679381	0.331483	0.389809	0.932234	0.895772	0.48591	0.75445	0.73902	0.448491	0.825525	0.449404	0.992779	0.368517	0.920618	0.744724	0.538457	0.88264	0.680485</FloatingPoint>
			</Individual>
			<Individual size="2">
				<FitnessMax value="1.63156"/>
				<FloatingPoint size="50">	3.65568	1.41619	2.59743	2.564	2.44432	3.45783	1.59331	2.41606	2.52624	2.85497	4.51942	2.01049	4.48258	3.63554	3.56727	2.64259	1.60624	3.54733	1.34928	2.48784	2.64493	2.78482	3.58707	3.40272	2.65976	3.47144	1.59442	3.56963	5.41787	3.56981	2.62906	2.76129	3.66911	3.36318	2.69617	2.70527	3.58884	3.58489	1.77314	2.51467	3.63765	1.63519	2.51926	3.5074	3.34764	3.54545	1.44792	2.38481	2.48995	3.1904</FloatingPoint>
				<FloatingPoint size="20">	0.63741	0.323626	0.676885	0.641208	0.846634	0.924355	0.895772	0.311667	0.259268	0.759099	0.388778	0.824964	0.556269	0.829144	0.372246	0.910445	0.765993	0.501871	0.887199	0.274932</FloatingPoint>
			</Individual>
			<Individual size="2">
				<FitnessMax value="1.63156"/>
				<FloatingPoint size="50">	3.65689	1.36151	2.45656	2.42695	2.36109	3.49339	1.48726	2.54906	2.52425	2.80884	4.53717	2.61702	4.48352	3.64917	3.5567	2.63488	1.28351	3.59045	1.34262	2.53181	2.6382	2.88113	3.60119	3.40176	2.65908	3.4676	1.59148	3.54898	5.39616	3.56816	2.65122	2.75807	3.66867	3.36306	2.68202	2.70181	3.62992	3.5707	1.77283	2.53067	3.69503	1.62222	2.48712	3.42231	3.2579	3.56468	1.4529	2.38974	2.48872	3.18454</FloatingPoint>
				<FloatingPoint size="20">	0.638997	0.559129	0.677574	0.503998	0.389809	0.897092	0.895772	0.497651	0.364557	0.764421	0.448491	0.825452	0.449404	0.828549	0.245003	0.920618	0.704038	0.525772	0.88264	0.190265</FloatingPoint>
			</Individual>
			<Individual size="2">
				<FitnessMax value="1.63156"/>
				<FloatingPoint size="50">	3.6554	1.41501	2.5298	2.4249	2.40457	3.47084	1.59285	2.46721	2.52566	2.83238	4.53784	2.53596	4.48226	3.64009	3.55264	2.63357	1.64707	3.49524	1.23242	2.53413	2.64467	2.94206	3.60195	3.40686	2.42579	3.48779	1.59424	3.57375	5.36459	3.57768	2.68628	2.78438	3.66603	3.36805	2.71066	2.70332	3.6758	3.57929	1.7729	2.52816	3.67829	1.62077	2.43188	3.38417	3.34999	3.54852	1.46744	2.39148	2.49315	3.07458</FloatingPoint>
				<FloatingPoint size="20">	0.61547	0.28249	0.676386	0.700347	0.513166	0.923252	0.895772	0.48724	0.334084	0.765718	0.0592933	0.824994	0.741601	0.816738	0.289666	0.923978	0.665196	0.489917	0.878961	0.284328</FloatingPoint>
			</Individual>
			<Individual size="2">
				<FitnessMax value="1.63156"/>
				<FloatingPoint size="50">	3.65568	1.41619	2.59743	2.564	2.44432	3.45783	1.59331	2.41606	2.52624	2.85497	4.51942	2.01049	4.48258	3.63554	3.56727	2.64259	1.60624	3.54733	1.34928	2.48784	2.64493	2.78482	3.58707	3.40272	2.65976	3.47144	1.59442	3.56963	5.41787	3.56981	2.62906	2.76129	3.66911	3.36318	2.69617	2.70527	3.58884	3.58489	1.77314	2.51467	3.63765	1.63519	2.51926	3.5074	3.34764	3.54545	1.44792	2.38481	2.48995	3.1904</FloatingPoint>
				<FloatingPoint size="20">	0.629861	0.387028	0.677854	0.316979	0.443056	0.911808	0.895772	0.511255	0.884222	0.758466	0.295865	0.825883	0.628819	0.80211	0.62756	0.900014	0.691491	0.584274	0.900979	0.715047</FloatingPoint>
			</Individual>
			<Individual size="2">
				<FitnessMax value="1.63156"/>
				<FloatingPoint size="50">	3.6561	1.41485	2.5305	2.43069	2.46695	3.49726	1.5932	2.46652	2.52921	2.83621	4.54053	2.53476	4.48559	3.63715	3.57084	2.63818	1.64	3.5173	1.22876	2.54995	2.6474	2.9421	3.60416	3.40568	2.10503	3.47635	1.59586	3.57378	5.34308	3.57759	2.68582	2.81673	3.66599	3.37124	2.69553	2.68571	3.58907	3.57866	1.77263	2.53027	3.67829	1.62158	2.51002	3.37175	3.35178	3.53974	1.46583	2.39104	2.4931	3.0806</FloatingPoint>
				<FloatingPoint size="20">	0.626733	0.556136	0.693732	0.386323	0.641381	0.896728	0.895772	0.541998	0.341506	0.763124	0.417219	0.824957	0.569805	0.813802	0.849355	0.923528	0.677153	0.528891	0.912812	0.566806</FloatingPoint>
			</Individual>
			<Individual size="2">
				<FitnessMax value="1.63156"/>
				<FloatingPoint size="50">	3.65578	1.4087	2.4888	2.41928	2.33432	3.48835	1.59313	2.46472	2.51907	2.83894	4.55623	2.58276	4.48442	3.64554	3.57231	2.63126	1.64296	3.51813	1.30467	2.55115	2.65152	2.88448	3.58578	3.40008	2.5655	3.50027	1.59158	3.56267	5.34737	3.57004	2.66258	2.74245	3.66723	3.37794	2.70161	2.68395	3.58263	3.57224	1.77421	2.55142	3.69481	1.61226	2.48546	3.40518	3.34237	3.58507	1.33422	2.38869	2.49313	3.16235</FloatingPoint>
				<FloatingPoint size="20">	0.626733	0.139925	0.677376	0.386323	0.299071	0.896728	0.895772	0.468861	0.400306	0.746151	0.422599	0.826534	0.727914	0.789553	0.348859	0.923528	0.677153	0.600603	0.897135	0.566806</FloatingPoint>
			</Individual>
			<Individual size="2">
				<FitnessMax value="1.57692"/>
				<FloatingPoint size="50">	3.65634	1.41025	2.51149	2.44488	2.43731	3.48662	1.59277	2.55049	2.52294	2.81806	4.56413	2.53569	4.48154	3.67073	3.559	2.63335	1.68495	3.42113	1.32658	2.54061	2.65241	2.85111	3.57833	3.40308	2.40737	3.5165	1.5919	3.5657	5.35043	3.57149	2.58199	2.77384	3.67332	3.37277	2.70303	2.69508	3.54938	3.5702	2.34773	2.53533	3.70908	1.60356	2.49994	3.38425	3.3478	3.53138	1.41989	2.3912	2.48205	3.16624</FloatingPoint>
				<FloatingPoint size="20">	0.639051	0.554937	0.677096	0.502036	0.391657	0.897474	0.895772	0.499136	0.33309	0.763526	0.44722	0.825434	0.453629	0.827852	0.250261	0.920467	0.704109	0.526492	0.883071	0.199496</FloatingPoint>
			</Individual>
			<Individual size="2">
				<FitnessMax value="1.63156"/>
				<FloatingPoint size="50">	3.65566	1.41485	2.57855	2.43552	2.45251	3.48382	1.28604	2.43432	2.52737	2.83632	4.54052	2.53474	4.48457	3.63873	3.56292	2.63749	1.63372	3.52479	1.27179	2.54034	2.64738	2.94096	3.60256	3.40451	2.67674	3.40667	1.59542	3.57983	5.34603	3.57719	2.68306	2.81182	3.67038	3.37118	2.69496	2.70642	3.65093	3.57608	1.77274	2.52901	3.67832	1.61994	2.49734	3.3793	3.35156	3.54047	1.47207	2.39151	2.49296	3.14576</FloatingPoint>
				<FloatingPoint size="20">	0.62315	0.619733	0.678336	0.390679	0.402809	0.896795	0.895772	0.438317	0.390877	0.768447	0.447984	0.825604	0.570886	0.79665	0.360299	0.922844	0.665196	0.489917	0.878961	0.725274</FloatingPoint>
			</Individual>
			<Individual size="2">
				<FitnessMax value="1.67694"/>
				<FloatingPoint size="50">	3.65826	1.43106	2.54014	2.40673	2.4339	3.46094	1.5917	2.59935	2.51522	2.99281	4.56262	2.54096	4.47446	3.68383	3.55342	2.63893	1.74383	3.52528	1.31111	2.62082	2.62918	3.05861	3.61569	3.40334	2.66091	3.51934	1.5998	3.5407	5.46548	3.56042	2.53503	2.78289	3.6788	3.36076	2.6527	2.72011	3.54982	3.58489	1.77314	2.51467	3.63765	1.63519	2.51926	3.5074	3.34764	3.54545	1.44792	2.38481	2.48995	3.1904</FloatingPoint>
				<FloatingPoint size="20">	0.623548	0.363082	0.673683	0.383536	0.727165	0.904081	0.895771	0.695898	0.544226	0.725837	0.00178162	0.932267	0.365304	0.791875	0.52869	0.932558	0.800978	0.629773	0.906215	0.671909</FloatingPoint>
			</Individual>
			<Individual size="2">
				<FitnessMax value="1.63156"/>
				<FloatingPoint size="50">	3.65689	1.26959	2.43475	2.45861	2.3451	3.46701	1.59236	2.50097	2.52139	2.84317	4.52934	2.55242	4.48532	3.66493	3.57225	2.63715	1.47743	3.49679	1.32638	2.50132	2.64023	2.85585	3.5911	3.3935	2.61124	3.48831	1.59	3.57108	5.39033	3.58106	2.61727	2.69738	3.67211	3.38279	2.67419	2.71077	3.61821	3.55778	1.77251	2.53601	3.67903	1.6138	2.49728	3.42109	3.35098	3.46702	1.35807	2.388	2.48227	3.19304</FloatingPoint>
				<FloatingPoint size="20">	0.635902	0.28249	0.676386	0.809967	0.513166	0.923252	0.895772	0.48724	0.334084	0.765718	0.0592933	0.824994	0.741601	0.816738	0.289666	0.923978	0.799898	0.521835	0.91154	0.611482</FloatingPoint>
			</Individual>
			<Individual size="2">
				<FitnessMax value="1.63156"/>
				<FloatingPoint size="50">	3.65578	1.40474	2.54461	2.42113	2.40745	3.46651	1.59204	2.59032	2.52251	2.82163	4.53342	2.53259	4.47857	3.65148	3.511	2.62938	1.64136	3.55007	1.31065	2.36879	2.64017	2.72573	3.57076	3.40233	2.50356	3.46477	1.59146	3.55943	5.33389	3.5712	2.35042	2.68841	3.67618	3.3755	2.69224	2.70663	3.51716	3.54308	1.77288	2.54405	3.70483	1.54595	2.51044	3.38199	3.34981	3.51679	1.11206	2.39186	2.45968	3.21092</FloatingPoint>
				<FloatingPoint size="20">	0.625933	0.543227	0.676443	0.564923	0.38521	0.930556	0.895772	0.489066	0.529366	0.757771	0.393493	0.825876	0.585579	0.800146	0.219732	0.910661	0.689689	0.520152	0.883865	0.718537</FloatingPoint>
			</Individual>
			<Individual size="2">
				<FitnessMax value="1.63156"/>
				<FloatingPoint size="50">	3.6561	1.41485	2.5305	2.43069	2.46695	3.49726	1.5932	2.46652	2.52921	2.83621	4.54053	2.53476	4.48559	3.63715	3.57084	2.63818	1.64	3.5173	1.22876	2.54995	2.6474	2.9421	3.60416	3.40568	2.10503	3.47635	1.59586	3.57378	5.34308	3.57759	2.68582	2.81673	3.66599	3.37124	2.69553	2.68571	3.58907	3.57866	1.77263	2.53027	3.67829	1.62158	2.51002	3.37175	3.35178	3.53974	1.46583	2.39104	2.4931	3.0806</FloatingPoint>
				<FloatingPoint size="20">	0.639438	0.437842	0.677746	0.435791	0.406027	0.903617	0.895772	0.489217	0.369828	0.742721	0.406785	0.825275	0.579802	0.825497	0.352423	0.91291	0.705803	0.546443	0.885949	0.459243</FloatingPoint>
			</Individual>
			<Individual size="2">
				<FitnessMax value="1.57515"/>
				<FloatingPoint size="50">	3.65696	1.39705	2.4941	2.42451	2.45298	3.4906	1.43891	2.44796	2.52595	2.84223	4.53842	2.43601	4.48603	3.63881	3.58603	2.62574	1.58725	3.53473	1.30113	2.50029	0.173744	2.91292	3.59373	3.39768	2.64748	3.45707	1.59809	3.57655	5.34182	3.57622	2.66918	2.76985	3.64533	3.38442	2.681	2.70759	3.667	3.56511	1.77252	2.53353	3.71775	1.61484	2.49483	3.40792	3.35137	3.57723	1.38622	2.39142	2.48976	3.1569</FloatingPoint>
				<FloatingPoint size="20">	0.62315	0.619733	0.678336	0.390679	0.402809	0.896795	0.895772	0.438317	0.390877	0.768447	0.447984	0.825604	0.570886	0.79665	0.360299	0.922844	0.665196	0.489917	0.878961	0.725274</FloatingPoint>
			</Individual>
			<Individual size="2">
				<FitnessMax value="1.53305"/>
				<FloatingPoint size="50">	3.65626	1.41525	2.55612	2.62924	2.46629	3.44436	1.5934	2.44295	2.527	2.89503	4.52508	2.52857	4.48657	3.62525	3.56701	2.63479	1.63418	3.51928	1.28402	2.42254	2.64722	2.71006	3.57177	3.40902	2.43535	3.48373	1.59039	3.57381	5.34894	3.57328	2.63022	2.70191	3.66971	3.37125	2.69551	2.69854	3.5489	3.55348	1.77266	2.53712	3.68364	1.59952	2.49348	3.38487	3.34747	3.52295	1.27297	2.39198	2.46759	3.19209</FloatingPoint>
				<FloatingPoint size="20">	0.625933	0.543227	0.676443	0.564923	0.38521	0.930556	0.895772	0.489066	0.529366	0.757771	0.393493	0.825876	0.585579	0.199281	0.219732	0.910661	0.689689	0.520152	0.883865	0.718537</FloatingPoint>
			</Individual>
			<Individual size="2">
				<FitnessMax value="1.63156"/>
				<FloatingPoint size="50">	3.65587	1.41168	2.55166	2.42115	2.42856	3.49347	1.59197	2.59036	2.51594	2.81106	4.55864	2.53907	4.46988	3.65595	3.51665	2.63211	1.97563	3.54486	1.22061	2.44353	2.67061	2.91424	3.57088	3.40398	2.54644	3.48322	1.59133	3.55522	5.42133	3.57352	2.51739	2.79836	3.67864	3.39172	2.69099	2.69854	3.54856	3.56841	1.77386	2.53842	3.60783	1.58781	2.51089	3.37757	3.35041	3.541	1.3718	2.39125	2.49018	3.20717</FloatingPoint>
				<FloatingPoint size="20">	0.623447	0.616851	0.679381	0.101326	0.40277	0.932234	0.895772	0.48591	0.75445	0.73902	0.445024	0.825525	0.498483	0.992779	0.368517	0.919894	0.744724	0.538457	0.892674	0.680485</FloatingPoint>
			</Individual>
			<Individual size="2">
				<FitnessMax value="1.57692"/>
				<FloatingPoint size="50">	3.65468	1.40847	2.52381	2.43024	2.39449	3.49453	1.59266	2.46811	2.52594	2.83923	4.54152	2.54452	4.48798	3.63878	3.57353	2.63792	1.64772	3.51303	1.29536	2.54895	2.64518	2.93164	3.59893	3.4006	2.51747	3.52239	1.59285	3.56786	5.34582	3.57782	2.67593	2.777	3.66968	3.37237	2.6794	2.68823	3.5693	3.56826	1.77245	2.52879	3.68955	1.6078	2.50927	3.41079	3.34788	3.54159	1.42799	2.39083	2.49287	3.10741</FloatingPoint>
				<FloatingPoint size="20">	0.625782	0.462048	0.677552	0.448492	0.402648	0.933704	0.895772	0.494534	0.813302	0.746088	0.446819	0.82621	0.693876	0.789586	0.437481	0.804597	0.732184	0.548211	0.893992	0.58776</FloatingPoint>
			</Individual>
			<Individual size="2">
				<FitnessMax value="1.63156"/>
				<FloatingPoint size="50">	3.6554	1.40069	2.41391	2.42283	2.35027	3.49534	1.54251	2.48642	2.52843	2.84363	4.5372	2.58021	4.48278	3.65034	3.5615	2.63834	1.40689	3.53785	1.65867	2.53087	2.64169	2.94524	3.60407	3.40272	2.65976	3.47144	1.59442	3.56963	5.41787	3.56981	2.62906	2.76129	3.66911	3.36318	2.69617	2.70527	3.58884	3.57799	1.77293	2.53021	3.67305	1.61953	2.50441	3.40926	3.33458	3.54806	1.4441	2.39092	2.48718	3.12775</FloatingPoint>
				<FloatingPoint size="20">	0.635894	0.21105	0.676882	0.701533	0.448029	0.923245	0.895772	0.487294	0.334352	0.765745	0.241064	0.825765	0.184942	0.822772	0.735436	0.920881	0.763337	0.512356	0.904329	0.755085</FloatingPoint>
			</Individual>
			<Individual size="2">
				<FitnessMax value="1.56876"/>
				<FloatingPoint size="50">	3.6561	1.40717	2.52113	2.42653	2.4347	3.48652	1.46419	2.4448	2.52279	2.83707	4.55714	2.53511	4.48802	3.66484	3.58203	2.5875	1.31393	3.54533	1.35314	2.53018	2.64037	2.92029	3.59694	3.39688	2.6721	3.51972	1.59505	3.56564	0.840959	3.57101	2.65992	2.73256	3.65975	3.37667	2.69202	2.69809	3.6441	3.56497	1.77292	2.52828	3.68334	1.61689	2.46231	3.44985	3.34068	3.55967	1.39427	2.39118	2.48976	3.16917</FloatingPoint>
				<FloatingPoint size="20">	0.639438	0.492945	0.68277	0.475529	0.418011	0.91608	0.895772	0.582592	0.340109	0.689045	0.441256	0.824393	0.731677	0.844065	0.321972	0.937309	0.681109	0.651443	0.926925	0.712934</FloatingPoint>
			</Individual>
			<Individual size="2">
				<FitnessMax value="1.63156"/>
				<FloatingPoint size="50">	3.65638	1.38811	2.48598	2.42973	2.32418	3.48489	1.59265	2.50178	2.52323	2.84208	4.54182	2.567	4.4881	3.65383	3.57992	2.63784	1.65607	3.50097	1.36804	2.54645	2.64114	2.92802	3.59523	3.39891	2.65904	3.54784	1.59032	3.5657	5.38982	3.5946	2.66638	2.72413	3.67076	3.37455	2.67763	2.69515	3.56661	3.56688	1.77237	2.52679	3.69612	1.60665	2.50399	3.43854	3.34705	3.55054	1.24465	2.39043	2.49055	3.16787</FloatingPoint>
				<FloatingPoint size="20">	0.625782	0.462048	0.677552	0.448492	0.402648	0.933704	0.895772	0.494534	0.813302	0.746088	0.446819	0.82621	0.693876	0.789586	0.437481	0.918612	0.732184	0.548211	0.893992	0.58776</FloatingPoint>
			</Individual>
			<Individual size="2">
				<FitnessMax value="1.62471"/>
				<FloatingPoint size="50">	3.6564	1.40455	2.51636	2.42077	2.30834	3.48938	1.5932	2.4644	2.52757	2.84468	4.55525	2.54641	4.48659	3.66827	2.43181	2.63854	1.59281	3.51773	1.31966	2.52744	2.64805	2.9296	3.59287	3.3989	2.69569	3.56796	1.59215	3.57344	5.35523	3.57677	2.68454	2.78298	3.6645	3.37327	2.69415	2.67939	3.59659	3.57351	1.77271	2.52947	3.68599	1.61062	2.49079	3.38664	3.34857	3.54722	1.346	2.39104	2.49264	3.14394</FloatingPoint>
				<FloatingPoint size="20">	0.625337	0.459817	0.67024	0.412308	0.39944	0.923633	0.895772	0.312546	0.409147	0.733493	0.236921	0.825261	0.613257	0.732539	0.434399	0.908947	0.689845	0.59451	0.910129	0.464796</FloatingPoint>
			</Individual>
			<Individual size="2">
				<FitnessMax value="1.63156"/>
				<FloatingPoint size="50">	3.65689	1.40689	2.52669	2.43069	2.46695	3.49726	1.5932	2.46652	2.52734	2.83366	4.56906	2.54173	4.48559	3.6799	3.57319	2.63818	1.10953	3.5173	1.34109	2.52359	2.64169	2.852	3.58708	3.37947	2.60494	3.38708	1.59118	3.54505	5.46179	3.56107	2.61138	2.70074	3.67	3.35632	2.68368	2.71968	3.51612	3.55559	1.77277	2.53428	3.63333	1.61567	2.48539	3.45331	3.35165	3.57663	1.47461	2.38549	2.4888	3.19634</FloatingPoint>
				<FloatingPoint size="20">	0.63855	0.618614	0.680476	0.441742	0.512552	0.897491	0.895772	0.668846	0.437023	0.70042	0.358432	0.826654	0.374424	0.800378	0.307216	0.922714	0.697467	0.501733	0.890702	0.707237</FloatingPoint>
			</Individual>
			<Individual size="2">
				<FitnessMax value="1.57515"/>
				<FloatingPoint size="50">	3.6561	1.41491	2.5313	2.42987	2.46785	3.49683	1.60836	2.47319	2.52939	2.83577	4.54073	2.53542	4.48559	3.63701	3.56986	2.6382	1.64258	3.51567	1.2218	2.55063	5.57346	2.94337	3.60519	3.40623	2.0777	3.47983	1.59601	3.57381	5.3422	3.57763	2.68615	2.81992	3.6666	3.37085	2.69593	2.68557	3.58814	3.57923	1.77263	2.53029	3.67749	1.6219	2.5072	3.37415	3.35181	3.54042	1.46988	2.39102	2.49335	3.07594</FloatingPoint>
				<FloatingPoint size="20">	0.639438	0.437842	0.677746	0.435791	0.406027	0.903617	0.895772	0.489217	0.369828	0.742721	0.406785	0.825275	0.579802	0.825497	0.352423	0.91291	0.705803	0.546443	0.885949	0.459243</FloatingPoint>
			</Individual>
			<Individual size="2">
				<FitnessMax value="1.55749"/>
				<FloatingPoint size="50">	3.6564	1.38108	2.48309	2.41821	2.18944	3.48753	1.59321	2.46305	2.52868	2.84481	4.54143	2.56256	4.48719	3.63879	3.58106	2.63899	1.65804	3.51825	1.38445	4.97922	2.6503	2.92923	3.58318	3.39956	2.57816	3.50758	1.59114	3.57327	5.34575	3.5767	2.6832	2.68215	3.63079	3.3786	2.6717	2.67491	3.60525	3.56926	1.77235	2.52809	3.69579	1.60587	2.49226	3.38056	3.3513	3.60839	1.22237	2.39103	2.49329	3.14188</FloatingPoint>
				<FloatingPoint size="20">	0.63037	0.453674	0.67808	0.37407	0.417421	0.910716	0.895772	0.429548	0.308044	0.765607	0.298194	0.825369	0.547523	0.817655	0.50551	0.913875	0.735272	0.498878	0.888343	0.849028</FloatingPoint>
			</Individual>
			<Individual size="2">
				<FitnessMax value="1.63156"/>
				<FloatingPoint size="50">	3.6561	1.41488	2.52987	2.42647	2.42783	3.48821	1.59307	2.46692	2.52759	2.83598	4.53869	2.53515	4.48288	3.63803	3.56353	2.63446	1.64671	3.49885	1.23033	2.53473	2.64642	2.94209	3.60234	3.40648	2.15516	3.47707	1.59442	3.57377	5.36405	3.57765	2.68617	2.79869	3.66603	3.37079	2.70634	2.69074	3.63377	3.57888	1.77286	2.52829	3.67829	1.62092	2.46211	3.37769	3.35085	3.54839	1.46691	2.39123	2.49311	3.07519</FloatingPoint>
				<FloatingPoint size="20">	0.626733	0.556136	0.693732	0.386323	0.641381	0.896728	0.895772	0.541998	0.341506	0.763124	0.417219	0.824957	0.468489	0.813802	0.414725	0.923528	0.677153	0.528891	0.912812	0.566806</FloatingPoint>
			</Individual>
			<Individual size="2">
				<FitnessMax value="1.57692"/>
				<FloatingPoint size="50">	3.65578	1.4087	2.4888	2.41928	2.33432	3.48835	1.59313	2.46472	2.51907	2.83894	4.55623	2.58276	4.48442	3.64554	3.57231	2.63126	1.64296	3.51813	1.30467	2.55115	2.65152	2.88448	3.58578	3.40008	2.5655	3.50027	1.59158	3.56267	5.34737	3.57004	2.66258	2.74245	3.66723	3.37794	2.70161	2.68395	3.58263	3.57224	1.77421	2.55142	3.69481	1.61226	2.48546	3.40518	3.34237	3.58507	1.33422	2.38869	2.49313	3.16235</FloatingPoint>
				<FloatingPoint size="20">	0.641124	0.392178	0.658551	0.425827	0.463419	0.935017	0.895772	0.474999	0.401187	0.728771	0.432197	0.826724	0.617685	0.800823	0.454431	0.709851	0.733831	0.615411	0.899835	0.649903</FloatingPoint>
			</Individual>
			<Individual size="2">
				<FitnessMax value="1.63156"/>
				<FloatingPoint size="50">	3.6564	1.38108	2.48309	2.41821	2.18944	3.48753	1.59321	2.46305	2.52868	2.84481	4.54143	2.56256	4.48719	3.63879	3.58106	2.63899	1.65804	3.51825	1.38445	2.53645	2.6503	2.92923	3.58318	3.39956	2.57816	3.50758	1.59114	3.57327	5.34575	3.5767	2.6832	2.68215	3.63079	3.3786	2.6717	2.67491	3.60525	3.56926	1.77235	2.52809	3.69579	1.60587	2.49226	3.38056	3.3513	3.60839	1.22237	2.39103	2.49329	3.14188</FloatingPoint>
				<FloatingPoint size="20">	0.635902	0.287554	0.677814	0.385633	0.484769	0.930442	0.895772	0.459531	0.287086	0.73295	0.39671	0.82648	0.563454	0.824497	0.357455	0.913466	0.720725	0.508076	0.911299	0.820147</FloatingPoint>
			</Individual>
			<Individual size="2">
				<FitnessMax value="1.63156"/>
				<FloatingPoint size="50">	3.65568	1.41619	2.59743	2.564	2.44432	3.45783	1.59331	2.41606	2.52624	2.85497	4.51942	2.01049	4.48258	3.63554	3.56727	2.64259	1.60624	3.54733	1.34928	2.48784	2.64493	2.78482	3.58707	3.40272	2.65976	3.47144	1.59442	3.56963	5.41787	3.56981	2.62906	2.76129	3.66911	3.36318	2.69617	2.70527	3.58884	3.58489	1.77314	2.51467	3.63765	1.63519	2.51926	3.5074	3.34764	3.54545	1.44792	2.38481	2.48995	3.1904</FloatingPoint>
				<FloatingPoint size="20">	0.63855	0.3681	0.671413	0.575246	0.454415	0.924199	0.895772	0.312481	0.359276	0.746287	0.383537	0.825129	0.149362	0.796207	0.429113	0.909399	0.720527	0.549363	0.900198	0.32047</FloatingPoint>
			</Individual>
			<Individual size="2">
				<FitnessMax value="1.63156"/>
				<FloatingPoint size="50">	3.65578	1.4087	2.4888	2.41928	2.33432	3.48835	1.59313	2.46472	2.51907	2.83894	4.55623	2.58276	4.48442	3.64554	3.57231	2.63126	1.64296	3.51813	1.30467	2.55115	2.65152	2.88448	3.58578	3.40008	2.5655	3.50027	1.59158	3.56267	5.34737	3.57004	2.66258	2.74245	3.66723	3.37794	2.70161	2.68395	3.58263	3.57224	1.77421	2.55142	3.69481	1.61226	2.48546	3.40518	3.34237	3.58507	1.33422	2.38869	2.49313	3.16235</FloatingPoint>
				<FloatingPoint size="20">	0.637391	0.139925	0.677376	0.426367	0.517192	0.93051	0.895772	0.468861	0.400306	0.746151	0.422599	0.826534	0.727914	0.789553	0.348859	0.917716	0.726464	0.600603	0.897135	0.350622</FloatingPoint>
			</Individual>
			<Individual size="2">
				<FitnessMax value="1.63156"/>
				<FloatingPoint size="50">	3.65826	1.37926	2.40966	2.41351	2.45346	3.49738	1.59179	2.32595	2.52453	2.84815	4.53632	2.33728	4.4875	3.63889	3.60914	2.61398	1.54079	3.54466	1.33048	2.46024	2.63759	2.88488	3.5849	3.39085	2.61821	3.50748	1.60076	3.57205	5.3376	3.57526	2.65529	2.72789	3.62028	3.39766	2.66705	2.70876	3.68306	3.55415	1.7723	2.53805	3.75718	1.60975	2.49232	3.43653	3.35117	3.61398	1.30038	2.39133	2.48656	3.16804</FloatingPoint>
				<FloatingPoint size="20">	0.624949	0.620715	0.678193	0.420737	0.454212	0.897308	0.895772	0.436128	0.356765	0.756815	0.309411	0.826396	0.533147	0.805405	0.638894	0.917199	0.685256	0.489931	0.896496	0.721048</FloatingPoint>
			</Individual>
			<Individual size="2">
				<FitnessMax value="1.63156"/>
				<FloatingPoint size="50">	3.6554	1.40069	2.41391	2.65377	2.35027	3.49534	1.54251	2.48642	2.52843	2.84363	4.5372	2.58021	4.48278	3.65034	3.5615	2.63834	1.40689	3.53785	1.65867	2.53087	2.64169	2.94524	3.60407	3.40272	2.65976	3.47144	1.59442	3.56963	5.41787	3.56981	2.62906	2.76129	3.66911	3.36318	2.69617	2.70527	3.58884	3.57799	1.77293	2.53021	3.67305	1.61953	2.50441	3.40926	3.33458	3.54806	1.4441	2.39092	2.48718	3.12775</FloatingPoint>
				<FloatingPoint size="20">	0.637391	0.139925	0.677376	0.426367	0.517192	0.93051	0.895772	0.468861	0.400306	0.746151	0.422599	0.826534	0.727914	0.789553	0.500918	0.908058	0.707383	0.591694	0.899232	0.549452</FloatingPoint>
			</Individual>
			<Individual size="2">
				<FitnessMax value="1.63156"/>
				<FloatingPoint size="50">	3.65568	1.41619	2.59743	2.564	2.44432	3.45783	1.59331	2.41606	2.52624	2.85497	4.51942	2.52862	4.48258	3.63554	3.56727	2.64259	1.60624	3.54733	1.34928	2.48784	2.64493	2.78482	3.58707	3.40232	2.59711	3.41307	1.58968	3.57467	5.37613	3.16529	2.63939	2.78128	3.67624	3.37069	2.68968	2.05991	3.60754	3.55246	1.77242	2.53531	3.69938	1.60043	2.49756	3.38094	3.35121	3.54577	1.35155	2.39171	2.47821	3.18885</FloatingPoint>
				<FloatingPoint size="20">	0.635902	0.211207	0.676881	0.700347	0.447941	0.923252	0.895772	0.48724	0.334084	0.765718	0.240946	0.825764	0.734757	0.822697	0.734755	0.920847	0.763181	0.512605	0.902943	0.649122</FloatingPoint>
			</Individual>
			<Individual size="2">
				<FitnessMax value="1.4035"/>
				<FloatingPoint size="50">	3.65669	2.70993	2.49036	2.43085	2.45438	3.49529	1.56188	2.44607	2.52917	2.84155	4.53906	2.53031	4.48666	3.63696	3.58182	2.62976	1.59046	3.51912	1.27208	2.4792	2.75481	2.91643	3.61231	3.39877	2.64144	3.47264	1.59977	3.5766	5.34204	3.5764	2.60574	2.77038	3.66432	3.37177	2.67957	2.71102	3.65366	3.56309	1.77274	2.53021	3.7185	1.6009	2.50863	3.40487	3.35185	3.59228	1.29586	2.39114	2.49224	3.16621</FloatingPoint>
				<FloatingPoint size="20">	0.62315	0.619733	0.678336	0.390679	0.402809	0.896795	0.895772	0.438317	0.390877	0.768447	0.447984	0.825604	0.570886	0.79665	0.360299	0.922844	0.665196	0.489917	0.878961	0.725274</FloatingPoint>
			</Individual>
			<Individual size="2">
				<FitnessMax value="1.63156"/>
				<FloatingPoint size="50">	3.65606	1.40588	2.51414	2.60404	2.36476	3.48369	1.5894	2.43971	2.52625	2.84865	4.5197	2.56334	4.48265	3.63706	3.56432	2.6413	1.59655	3.53839	1.4814	2.51277	2.6417	2.87799	3.58789	3.4024	2.6276	3.41391	1.59363	3.57056	5.37801	3.37136	2.63138	2.77954	3.67513	3.36897	2.69201	2.70421	3.59744	3.55966	1.77259	2.53259	3.69212	1.60712	2.49852	3.38239	3.34212	3.54721	1.42089	2.39124	2.48434	3.13851</FloatingPoint>
				<FloatingPoint size="20">	0.635902	0.211207	0.676881	0.700347	0.447941	0.923252	0.895772	0.48724	0.334084	0.765718	0.240946	0.825764	0.734757	0.822697	0.734755	0.920847	0.763181	0.512605	0.902943	0.649122</FloatingPoint>
			</Individual>
			<Individual size="2">
				<FitnessMax value="1.62598"/>
				<FloatingPoint size="50">	3.6554	1.40069	2.41391	2.42283	2.35027	3.49534	1.54251	2.48642	2.52843	2.84363	4.5372	2.58021	4.48278	3.65034	3.5615	2.63834	1.40689	3.53785	1.65867	2.53087	2.64169	2.94524	3.60407	3.40272	2.65976	3.47144	1.59442	3.56963	5.41787	3.56981	2.62906	2.76129	3.66911	3.36318	2.69617	2.70527	3.58884	3.57799	1.77293	2.53021	3.67305	1.61953	2.50441	3.40926	3.33458	3.54806	1.4441	2.39092	2.48718	3.12775</FloatingPoint>
				<FloatingPoint size="20">	0.848862	0.365047	0.680041	0.435867	0.430568	0.888031	0.895772	0.281116	0.395876	0.701998	0.383213	0.826517	0.733484	0.789579	0.33561	0.889508	0.697373	0.489142	0.878118	0.668786</FloatingPoint>
			</Individual>
			<Individual size="2">
				<FitnessMax value="1.63156"/>
				<FloatingPoint size="50">	3.65484	1.36673	2.52513	2.46293	2.41366	3.49301	1.54321	2.5484	2.52421	2.80238	4.52046	2.54417	4.4855	3.65135	3.55671	2.63276	1.44102	3.58594	1.3085	2.55418	2.63779	2.97304	3.60702	3.40073	2.65942	3.48339	1.5913	3.5568	5.40116	3.5642	2.61331	2.70562	3.36481	3.36376	2.67799	2.70223	3.56415	3.57234	1.77288	2.54362	3.7035	1.62595	2.49286	3.43901	3.27364	3.56973	1.28286	2.3904	2.47429	3.18862</FloatingPoint>
				<FloatingPoint size="20">	0.638997	0.559129	0.677574	0.331483	0.389809	0.897092	0.895772	0.497651	0.364557	0.764421	0.448491	0.825452	0.449404	0.828549	0.245003	0.920618	0.704038	0.525772	0.88264	0.190265</FloatingPoint>
			</Individual>
			<Individual size="2">
				<FitnessMax value="1.62471"/>
				<FloatingPoint size="50">	3.65689	1.40689	2.52669	2.43069	2.46695	3.49726	1.5932	2.46652	2.52734	2.83366	4.56906	2.54173	4.48559	3.6799	2.0497	2.63818	1.10953	3.5173	1.2371	2.52594	2.6474	2.93262	3.60416	3.39836	2.73129	3.58012	1.594	3.57378	5.40774	3.57759	2.68582	2.81673	3.66498	3.37126	2.69524	2.68571	3.58907	3.57866	1.7728	2.53027	3.67829	1.62158	2.48174	3.47481	3.34852	3.53974	1.46583	2.39104	2.49179	3.17219</FloatingPoint>
				<FloatingPoint size="20">	0.625337	0.459817	0.67024	0.412308	0.39944	0.923633	0.895772	0.312546	0.409147	0.733493	0.352743	0.825261	0.613257	0.732539	0.434399	0.908947	0.689845	0.59451	0.910129	0.464796</FloatingPoint>
			</Individual>
			<Individual size="2">
				<FitnessMax value="1.63156"/>
				<FloatingPoint size="50">	3.6561	1.41382	2.51696	2.44463	2.45159	3.48989	1.33605	2.35338	2.52617	2.84369	4.53713	2.52349	4.48575	3.63956	3.58742	2.63784	1.59629	3.54485	1.34679	2.53855	2.64436	2.92061	3.58669	3.39646	2.56872	3.41734	1.59832	3.57336	5.35802	3.57703	2.68032	2.76262	3.65562	3.3779	2.68882	2.68817	3.605	3.56898	1.77256	2.52998	3.69178	1.61608	2.46213	3.41245	3.3512	3.55129	1.39711	2.39146	2.48897	3.15978</FloatingPoint>
				<FloatingPoint size="20">	0.624014	0.636415	0.663645	0.403026	0.405292	0.896549	0.895772	0.16016	0.441629	0.716319	0.442128	0.825276	0.654496	0.804887	0.422392	0.916601	0.666821	0.492408	0.902328	0.75887</FloatingPoint>
			</Individual>
			<Individual size="2">
				<FitnessMax value="1.44555"/>
				<FloatingPoint size="50">	3.6564	1.38108	2.48309	2.41821	2.18944	3.48753	1.59321	2.46305	2.52868	2.84481	4.54143	2.56256	4.48719	3.63879	3.58106	2.63899	1.65804	3.51825	1.38445	2.53645	2.6503	2.92923	3.58318	3.39956	2.57816	3.50758	1.59114	3.57327	5.34575	3.5767	2.6832	2.68215	3.63079	3.3786	2.6717	2.67491	3.60525	3.56926	1.77235	2.52809	3.69579	1.60587	2.49226	3.38056	3.3513	3.60839	1.22237	2.39103	2.49329	3.14188</FloatingPoint>
				<FloatingPoint size="20">	0.63579	0.286633	0.677968	0.913692	0.38063	0.924124	0.895772	0.422969	0.259323	0.7744	0.286976	0.824342	0.561898	0.829906	0.372125	0.910551	0.785287	0.507825	0.880189	0.977009</FloatingPoint>
			</Individual>
			<Individual size="2">
				<FitnessMax value="1.63156"/>
				<FloatingPoint size="50">	3.65578	1.40474	2.54461	2.42113	2.40745	3.46651	1.59204	2.59032	2.52251	2.82163	4.53342	2.53259	4.47857	3.65148	3.511	2.62938	1.64136	3.55007	1.31065	2.36879	2.64017	2.72573	3.57076	3.40233	2.50356	3.46477	1.59146	3.55943	5.33389	3.5712	2.35042	2.68841	3.67618	3.3755	2.69224	2.70663	3.51716	3.54308	1.77288	2.54405	3.70483	1.54595	2.51044	3.38199	3.34981	3.51679	1.11206	2.39186	2.45968	3.21092</FloatingPoint>
				<FloatingPoint size="20">	0.625782	0.462048	0.677552	0.448492	0.402648	0.933704	0.895772	0.494534	0.813302	0.746088	0.446819	0.82621	0.648403	0.789586	0.437481	0.918612	0.732184	0.548211	0.893992	0.58776</FloatingPoint>
			</Individual>
			<Individual size="2">
				<FitnessMax value="1.52077"/>
				<FloatingPoint size="50">	3.6554	1.40799	2.566	2.42884	2.44922	3.49758	1.59228	2.4776	2.52606	2.81039	4.56759	2.54059	4.46793	3.67994	3.56956	2.64062	1.45452	3.51824	1.17643	2.53604	2.68163	2.97809	3.61075	3.39074	2.64231	3.42654	1.58993	3.55088	5.46102	3.56859	2.56663	2.82464	3.67445	3.38223	2.68276	2.71765	3.55534	3.57874	1.77282	2.53089	3.59664	1.61789	2.48926	3.40283	3.3509	3.57541	1.47205	2.38586	2.49211	3.19819</FloatingPoint>
				<FloatingPoint size="20">	0.623283	0.45881	0.684868	0.44051	0.275162	0.926238	0.895772	0.166215	0.393192	0.691154	0.0742927	0.893645	0.396981	0.326234	0.410396	0.929459	0.616968	0.438972	0.896357	0.20793</FloatingPoint>
			</Individual>
			<Individual size="2">
				<FitnessMax value="1.63156"/>
				<FloatingPoint size="50">	3.65826	1.37926	2.40966	2.41351	2.45346	3.49738	1.59179	2.46161	2.52453	2.84815	4.53632	2.33728	4.4875	3.63889	3.60914	2.61398	1.54079	3.54466	1.33048	2.46024	2.63759	2.88488	3.5849	3.39085	2.61821	3.50748	1.60076	3.57326	5.3376	3.57526	2.65529	2.72789	3.62028	3.39766	2.66705	2.70876	3.68306	3.55415	1.7723	2.53805	3.75718	1.60975	2.49232	3.43653	3.35117	3.61398	1.30038	2.39133	2.48656	3.16804</FloatingPoint>
				<FloatingPoint size="20">	0.62297	0.625079	0.678351	0.390176	0.401218	0.896525	0.895772	0.438658	0.391282	0.768686	0.494529	0.825608	0.571213	0.796559	0.355506	0.923035	0.664227	0.48835	0.87926	0.726173</FloatingPoint>
			</Individual>
			<Individual size="2">
				<FitnessMax value="1.63156"/>
				<FloatingPoint size="50">	3.65578	1.40474	2.54461	2.42113	2.40745	3.46651	1.59204	2.59032	2.52251	2.82163	4.53342	2.53259	4.47857	3.65148	3.511	2.62938	1.64136	3.55007	1.31065	2.36879	2.64017	2.72573	3.57076	3.40233	2.50356	3.46477	1.59146	3.55943	5.33389	3.5712	2.35042	2.68841	3.67618	3.3755	2.69224	2.70663	3.51716	3.54308	1.77288	2.54405	3.70483	1.54595	2.51044	3.38199	3.34981	3.51679	1.11206	2.39186	2.45968	3.21092</FloatingPoint>
				<FloatingPoint size="20">	0.625782	0.549444	0.677552	0.448492	0.482971	0.90075	0.895772	0.644701	0.563749	0.748704	0.341965	0.825659	0.604747	0.707243	0.328558	0.908714	0.721144	0.633028	0.916534	0.349408</FloatingPoint>
			</Individual>
			<Individual size="2">
				<FitnessMax value="1.63156"/>
				<FloatingPoint size="50">	3.6554	1.40069	2.41391	2.42283	2.35027	3.49534	1.54251	2.48642	2.52843	2.84363	4.5372	2.58021	4.48278	3.65034	3.5615	2.63834	1.40689	3.53785	1.65867	2.53087	2.64169	2.94524	3.60407	3.40272	2.65976	3.47144	1.59442	3.56963	5.41787	3.56981	2.62906	2.75798	3.66911	3.36318	2.69617	2.70527	3.58884	3.57799	1.77293	2.53021	3.67305	1.61953	2.50441	3.40926	3.33458	3.54806	1.4441	2.39092	2.48718	3.12775</FloatingPoint>
				<FloatingPoint size="20">	0.635902	0.28249	0.676386	0.804168	0.513166	0.923252	0.895772	0.48724	0.334084	0.765718	0.392363	0.824994	0.558535	0.816738	0.289666	0.92371	0.799898	0.370003	0.91154	0.611482</FloatingPoint>
			</Individual>
			<Individual size="2">
				<FitnessMax value="1.61742"/>
				<FloatingPoint size="50">	3.65576	1.40558	2.46315	2.4201	2.33921	3.48961	1.5492	2.48028	2.52107	2.84011	4.54724	2.58131	4.48289	3.64914	3.56762	2.63354	1.53931	3.53712	1.54388	2.54985	2.64692	2.89077	3.5868	3.40208	2.61379	3.49342	1.59253	3.56758	5.40204	3.56991	2.65954	2.75819	3.66902	3.37155	2.70124	2.6894	3.58645	3.57762	1.77297	2.53387	3.69079	1.61549	2.49298	3.40565	3.34085	3.55432	1.38231	2.3901	2.48841	3.15843</FloatingPoint>
				<FloatingPoint size="20">	0.626733	0.139925	0.677376	0.386323	0.982098	0.896728	0.895772	0.468861	0.400306	0.746151	0.422599	0.826534	0.727914	0.789553	0.348859	0.923528	0.677153	0.600603	0.897135	0.566806</FloatingPoint>
			</Individual>
			<Individual size="2">
				<FitnessMax value="1.63156"/>
				<FloatingPoint size="50">	3.6554	1.40069	2.41391	2.42283	2.35027	3.49534	1.54251	2.48642	2.52843	2.84363	4.5372	2.58021	4.48278	3.65034	3.5615	2.63834	1.40689	3.53785	1.65867	2.53087	2.64169	2.94524	3.60407	3.40272	2.65976	3.47144	1.59442	3.56963	5.41787	3.56981	2.62906	2.76129	3.66911	3.36318	2.69617	2.70527	3.58884	3.57799	1.77293	2.53021	3.67305	1.61953	2.50441	3.40926	3.33458	3.54806	1.4441	2.39092	2.48718	3.12775</FloatingPoint>
				<FloatingPoint size="20">	0.63741	0.323626	0.676885	0.641208	0.846634	0.924355	0.895772	0.128002	0.259268	0.759099	0.388778	0.824964	0.556269	0.829144	0.372246	0.910445	0.765993	0.501871	0.887199	0.274932</FloatingPoint>
			</Individual>
			<Individual size="2">
				<FitnessMax value="1.63156"/>
				<FloatingPoint size="50">	3.65361	1.38376	2.48683	2.42225	2.39003	3.49852	1.52735	2.56861	2.52054	2.80511	4.54715	2.58787	4.47694	3.66175	3.55519	2.63694	1.45915	3.57426	1.35145	2.56628	2.64868	2.94799	3.60595	3.40071	2.61858	3.48889	1.58763	3.54326	5.4289	3.5661	2.62092	2.76929	3.67252	3.36164	2.68278	2.69714	3.601	3.57528	1.77294	2.52368	3.5771	1.62726	2.49718	3.40272	3.29244	3.55722	1.45376	2.38873	2.48853	3.20803</FloatingPoint>
				<FloatingPoint size="20">	0.62315	0.491963	0.677886	0.390528	0.461373	0.918593	0.895772	0.541237	0.351769	0.766217	0.424878	0.827083	0.604796	0.796179	0.448311	0.926287	0.829094	0.461588	0.87868	0.725301</FloatingPoint>
			</Individual>
			<Individual size="2">
				<FitnessMax value="1.62709"/>
				<FloatingPoint size="50">	3.64835	1.41948	2.53543	2.4147	2.43646	3.50674	1.5917	2.59998	2.51459	2.79911	4.56316	2.5411	4.46637	3.68194	3.55276	2.64023	1.74105	3.54828	1.36563	2.6216	2.66551	3.0553	3.6136	3.39902	2.55357	3.52307	1.58144	3.53408	5.48144	3.56279	2.57229	2.78731	3.6787	3.35935	2.68399	2.68964	3.55458	3.58263	1.77312	2.51247	3.38783	1.63536	2.51333	3.37127	3.34787	3.54525	1.45514	2.38711	2.48821	3.24573</FloatingPoint>
				<FloatingPoint size="20">	0.62315	0.491963	0.677886	0.390528	0.461373	0.918593	0.895772	0.541237	0.351769	0.766217	0.424878	0.827083	0.604796	0.796179	0.448311	0.926287	0.688995	0.461588	0.87868	0.725301</FloatingPoint>
			</Individual>
			<Individual size="2">
				<FitnessMax value="1.63156"/>
				<FloatingPoint size="50">	3.6556	1.31129	2.45686	2.50574	2.28502	3.47548	1.59291	2.46304	2.52584	2.85742	4.53601	2.5392	4.48269	3.64431	3.56488	2.63363	1.50038	3.5006	1.26105	2.51884	2.64443	2.76935	3.60162	3.39708	2.50098	3.48507	1.59299	3.56056	5.36145	3.65553	2.64702	2.71457	3.67127	3.36716	2.70428	2.7059	3.61376	3.56652	1.77282	2.53858	3.68907	1.5815	2.48243	3.38556	3.34999	3.54124	1.4005	2.39028	2.47331	3.16424</FloatingPoint>
				<FloatingPoint size="20">	0.635902	0.28249	0.676386	0.700347	0.513166	0.923252	0.895772	0.48724	0.334084	0.765718	0.392363	0.824994	0.558535	0.816738	0.289666	0.92371	0.799898	0.370003	0.91154	0.611482</FloatingPoint>
			</Individual>
			<Individual size="2">
				<FitnessMax value="1.55749"/>
				<FloatingPoint size="50">	3.65626	1.41525	2.55612	2.62924	2.46629	3.44436	1.5934	2.44295	2.527	2.89503	4.52508	2.52857	4.48657	3.62525	3.56701	2.63479	6.66902	3.51928	1.28402	2.42254	2.64722	2.71006	3.57177	3.40902	2.43535	3.48373	1.59039	3.57381	5.34894	3.57328	2.63022	2.70191	3.66971	3.37125	2.69551	2.69854	3.5489	3.55348	1.77266	2.53712	3.68364	1.59952	2.49348	3.38487	3.34747	3.52295	1.27297	2.39198	2.46759	3.19209</FloatingPoint>
				<FloatingPoint size="20">	0.629849	0.568951	0.677707	0.525147	0.406264	0.924131	0.895772	0.498351	0.465321	0.758555	0.406237	0.825731	0.587121	0.808668	0.177261	0.912894	0.714457	0.519242	0.883254	0.7024</FloatingPoint>
			</Individual>
			<Individual size="2">
				<FitnessMax value="1.56825"/>
				<FloatingPoint size="50">	3.65826	1.43106	2.54014	2.40673	2.4339	3.46094	1.5917	2.59935	2.51522	2.99281	4.56262	2.54096	4.47446	3.68383	3.55342	2.63893	1.74383	3.52528	1.31111	2.62082	2.62918	3.05861	3.61569	3.40334	2.66091	3.51934	1.5998	3.5407	5.46548	3.56042	2.53503	2.78289	3.6788	3.36076	2.6527	2.72011	3.54982	3.58489	1.77314	2.51467	3.63765	1.63519	2.51926	3.5074	3.34764	3.54545	1.44792	2.38481	2.48995	3.1904</FloatingPoint>
				<FloatingPoint size="20">	0.623656	0.293477	0.672421	0.381599	0.815133	0.980987	0.895771	0.765756	0.585815	0.71428	0.00138995	0.961195	0.309549	0.79058	0.670677	0.935192	0.837803	0.667703	0.913606	0.657437</FloatingPoint>
			</Individual>
			<Individual size="2">
				<FitnessMax value="1.61913"/>
				<FloatingPoint size="50">	3.65718	1.19095	2.37213	2.43029	2.35247	3.49546	1.59307	2.56869	2.52007	2.55034	4.54919	2.71632	1.63658	3.65452	3.56167	2.6357	1.15171	3.60948	1.33544	2.52998	2.64146	2.86201	3.5922	3.38076	2.6367	3.41211	1.5911	3.54736	5.41642	3.57325	2.61331	2.744	3.67125	3.38598	2.6774	2.71507	3.59528	3.55627	1.77225	2.53561	3.70531	1.61416	2.49321	3.4351	3.35079	3.57514	1.44447	2.38771	2.48809	3.18954</FloatingPoint>
				<FloatingPoint size="20">	0.74147	0.482644	0.682781	0.377584	0.469119	0.923633	0.895772	0.533268	0.383819	0.708057	0.306069	0.829093	0.232491	0.797824	0.77524	0.938651	0.76156	0.502784	0.896434	0.171176</FloatingPoint>
			</Individual>
			<Individual size="2">
				<FitnessMax value="1.56825"/>
				<FloatingPoint size="50">	3.65826	1.43106	2.54014	2.40673	2.4339	3.46094	1.5917	2.59935	2.51522	2.99281	4.56262	2.54096	4.47446	3.68383	3.55342	2.63893	1.74383	3.52528	1.31111	2.62082	2.62918	3.05861	3.61569	3.40334	2.66091	3.51934	1.5998	3.5407	5.46548	3.56042	2.53503	2.78289	3.6788	3.36076	2.6527	2.72011	3.54982	3.58489	1.77314	2.51467	3.63765	1.63519	2.51926	3.5074	3.34764	3.54545	1.44792	2.38481	2.48995	3.1904</FloatingPoint>
				<FloatingPoint size="20">	0.631738	0.286226	0.675038	0.591957	0.52976	0.942885	0.895772	0.581949	0.419685	0.748227	0.259413	0.871309	0.651065	0.723201	0.400372	0.918727	0.797282	0.559255	0.891115	0.353328</FloatingPoint>
			</Individual>
			<Individual size="2">
				<FitnessMax value="1.57515"/>
				<FloatingPoint size="50">	3.6561	1.40069	2.41391	2.42283	2.46695	3.49726	1.5932	2.48642	2.52843	2.83621	4.54053	2.58021	4.48278	3.63715	3.57084	2.63834	1.64	3.5173	1.65867	2.53087	4.86059	2.9421	3.60416	3.40272	2.10503	3.47635	1.59442	3.57378	5.34308	3.56981	2.68582	2.81673	3.66911	3.36318	2.69617	2.70527	3.58907	3.57799	1.77263	2.53046	3.67829	1.61881	2.50402	3.40839	3.35178	3.54716	1.43796	2.39104	2.4931	3.0806</FloatingPoint>
				<FloatingPoint size="20">	0.63741	0.323626	0.676885	0.641208	0.846634	0.924355	0.895772	0.128002	0.259268	0.759099	0.388778	0.824964	0.556269	0.829144	0.372246	0.910445	0.765993	0.501871	0.887199	0.274932</FloatingPoint>
			</Individual>
			<Individual size="2">
				<FitnessMax value="1.63156"/>
				<FloatingPoint size="50">	3.6564	1.4111	2.55506	2.42363	2.4082	3.48675	1.59181	2.59598	2.52187	2.80558	4.56506	2.53482	4.4813	3.67383	3.54907	2.63245	1.73226	3.40001	1.34162	2.35612	2.66746	2.74784	3.57806	3.40196	2.4961	3.52272	1.5938	3.56442	5.3506	3.57102	2.47997	2.74526	3.67836	3.37111	2.70396	2.7009	3.52859	3.57522	1.77257	2.51867	3.71912	1.57316	2.5117	3.37892	3.34994	3.52489	1.42326	2.39189	2.47458	3.18598</FloatingPoint>
				<FloatingPoint size="20">	0.625933	0.543227	0.676443	0.564923	0.38521	0.930556	0.895772	0.489066	0.529366	0.757771	0.393493	0.825876	0.585579	0.800146	0.219732	0.910661	0.689689	0.520152	0.883865	0.718537</FloatingPoint>
			</Individual>
			<Individual size="2">
				<FitnessMax value="1.63156"/>
				<FloatingPoint size="50">	3.6561	1.41485	2.5305	2.43069	2.46695	3.49726	1.5932	2.46652	2.52921	2.83621	4.54053	2.53476	4.48559	3.63715	3.57084	2.63818	1.64	3.5173	1.22876	2.54995	2.6474	2.9421	3.60416	3.40568	2.10503	3.47635	1.59586	3.57378	5.34308	3.57759	2.68582	2.81673	3.66599	3.37124	2.69553	2.68571	3.58907	3.57866	1.77263	2.53027	3.67829	1.62158	2.51002	3.37175	3.35178	3.53974	1.46583	2.39104	2.4931	3.0806</FloatingPoint>
				<FloatingPoint size="20">	0.626733	0.556136	0.693732	0.386323	0.641381	0.896728	0.895772	0.541998	0.341506	0.763124	0.417219	0.824957	0.569805	0.813802	0.414725	0.923528	0.677153	0.528891	0.912812	0.566806</FloatingPoint>
			</Individual>
			<Individual size="2">
				<FitnessMax value="1.62471"/>
				<FloatingPoint size="50">	3.6564	1.40455	2.51636	2.42077	2.30834	3.48938	1.5932	2.4644	2.52757	2.84468	4.55525	2.54641	4.48659	3.66827	2.43181	2.63854	1.59281	3.51773	1.31966	2.52744	2.64805	2.9296	3.59287	3.3989	2.69569	3.56796	1.59215	3.57344	5.35523	3.57677	2.68454	2.78298	3.6645	3.37327	2.69415	2.67939	3.59659	3.57351	1.77271	2.52947	3.68599	1.61062	2.49079	3.38664	3.34857	3.54722	1.346	2.39104	2.49264	3.14394</FloatingPoint>
				<FloatingPoint size="20">	0.625337	0.168471	0.677376	0.426367	0.517192	0.923633	0.895772	0.312546	0.409147	0.733493	0.236921	0.825261	0.727914	0.732539	0.434399	0.908947	0.689845	0.591694	0.899232	0.549452</FloatingPoint>
			</Individual>
			<Individual size="2">
				<FitnessMax value="1.35765"/>
				<FloatingPoint size="50">	3.65578	1.40474	2.54461	2.42113	2.40745	3.46651	1.59204	2.59032	2.52251	2.82163	4.53342	2.53259	4.47857	3.65148	3.511	2.62938	1.64136	3.55007	1.31065	2.36879	2.64017	2.72573	3.57076	3.40233	2.50356	3.46477	1.59146	3.55943	5.33389	3.5712	2.35042	2.68841	3.67618	3.3755	2.69224	2.70663	3.51716	3.54308	1.77288	2.54405	3.70483	1.54595	2.51044	3.38199	3.34981	3.51679	1.11206	2.39186	2.45968	3.21092</FloatingPoint>
				<FloatingPoint size="20">	0.625782	0.462048	0.677552	0.448492	0.39405	0.932152	0.895772	0.491838	0.673309	0.751848	0.420527	0.826045	0.617428	0.794793	0.330121	0.914692	0.711232	0.534377	0.0709055	0.652239</FloatingPoint>
			</Individual>
			<Individual size="2">
				<FitnessMax value="1.63156"/>
				<FloatingPoint size="50">	3.65578	1.4087	2.4888	2.41928	2.33432	3.48835	1.59313	2.46472	2.51907	2.83894	4.55623	2.58276	4.48442	3.64554	3.57231	2.63126	1.64296	3.51813	1.30467	2.55115	2.65152	2.88448	3.58578	3.40008	2.5655	3.50027	1.59158	3.56267	5.34737	3.57004	2.66258	2.74245	3.66723	3.37794	2.70161	2.68395	3.58263	3.57224	1.77421	2.55142	3.69481	1.61226	2.48546	3.40518	3.34237	3.58507	1.33422	2.38869	2.49313	3.16235</FloatingPoint>
				<FloatingPoint size="20">	0.639585	0.408604	0.667651	0.428651	0.483581	0.928515	0.895772	0.577621	0.337194	0.78554	0.384891	0.824403	0.586667	0.842132	0.466124	0.907837	0.738068	0.606186	0.898619	0.665499</FloatingPoint>
			</Individual>
			<Individual size="2">
				<FitnessMax value="1.58011"/>
				<FloatingPoint size="50">	3.6561	1.41382	2.51696	2.44463	2.45159	3.48989	1.33605	2.35338	2.52617	2.84369	4.53713	2.52349	4.48575	3.63956	3.58742	2.63784	1.59629	3.54485	1.34679	2.53855	2.64436	2.92061	3.58669	3.39646	2.56872	3.41734	1.59832	3.57336	5.35802	3.57703	2.68032	2.76262	3.65562	3.3779	2.68882	2.68817	3.605	3.56898	1.77256	1.141	3.69178	1.61608	2.46213	3.41245	3.3512	3.55129	1.39711	2.39146	2.48897	3.15978</FloatingPoint>
				<FloatingPoint size="20">	0.626733	0.592065	0.669291	0.47943	0.491087	0.910274	0.895772	0.263718	0.393543	0.747779	0.233114	0.825203	0.731161	0.815491	0.383866	0.922858	0.714965	0.521495	0.903419	0.638225</FloatingPoint>
			</Individual>
			<Individual size="2">
				<FitnessMax value="1.38872"/>
				<FloatingPoint size="50">	3.65634	1.38312	2.50058	2.42404	2.38427	3.47995	1.53965	2.56969	3.53068	2.81524	4.53529	2.5748	4.48104	3.65033	3.53385	2.63213	1.46244	3.57026	1.32663	2.4503	2.63919	2.80343	3.58597	3.40204	2.58132	3.46619	1.59147	3.55421	5.36503	3.56968	2.50082	2.72324	3.67242	3.36928	2.68713	2.70422	3.57354	3.55689	1.77285	2.53736	3.69993	1.58408	2.49878	3.29676	3.30385	3.54073	1.28248	2.3908	2.4742	3.19773</FloatingPoint>
				<FloatingPoint size="20">	0.638997	0.559129	0.677574	0.503998	0.389809	0.924355	0.895772	0.311667	0.259268	0.759099	0.388778	0.824964	0.556269	0.829144	0.372246	0.910445	0.765993	0.501871	0.887199	0.274932</FloatingPoint>
			</Individual>
			<Individual size="2">
				<FitnessMax value="1.63156"/>
				<FloatingPoint size="50">	3.65689	1.36151	2.45656	2.42695	2.36109	3.49339	1.48726	2.54906	2.52425	2.80884	4.53717	2.61702	4.48352	3.64917	3.5567	2.63488	1.28351	3.59045	1.34262	2.53181	2.6382	2.88113	3.60119	3.40176	2.65908	3.4676	1.59148	3.54898	5.39616	3.56816	2.65122	2.75807	3.66867	3.36306	2.68202	2.70181	3.62992	3.5707	1.77283	2.53067	3.69503	1.62222	2.48712	3.42231	3.2579	3.56468	1.4529	2.38974	2.48872	3.18454</FloatingPoint>
				<FloatingPoint size="20">	0.643906	0.579456	0.679128	0.484536	0.468702	0.899654	0.895772	0.570247	0.362666	0.559569	0.455007	0.825466	0.577563	0.824682	0.173256	0.921178	0.716076	0.522602	0.889478	0.662208</FloatingPoint>
			</Individual>
			<Individual size="2">
				<FitnessMax value="1.63156"/>
				<FloatingPoint size="50">	3.6554	1.41747	2.52481	2.41433	2.38101	3.45176	1.58122	2.75486	2.5214	2.82642	4.53961	2.54091	4.47341	3.67932	3.56132	2.63674	1.62607	3.46058	1.4955	2.60201	2.64015	2.94824	3.61132	3.39957	2.66885	3.50235	1.58555	3.55901	5.45862	3.5638	2.60481	2.77937	3.67679	3.36133	2.69456	2.70677	3.57661	3.58369	1.77305	2.51494	3.6652	1.63506	2.51452	3.4207	3.34778	3.5165	1.44793	2.38645	2.48998	3.19164</FloatingPoint>
				<FloatingPoint size="20">	0.63741	0.323626	0.676885	0.641208	0.846634	0.924355	0.895772	0.311667	0.259268	0.759099	0.388778	0.824964	0.556269	0.829144	0.372246	0.910445	0.765993	0.501871	0.887199	0.274932</FloatingPoint>
			</Individual>
			<Individual size="2">
				<FitnessMax value="1.63156"/>
				<FloatingPoint size="50">	3.65689	1.36151	2.45656	2.42695	2.36109	3.49339	1.48726	2.54906	2.52425	2.80884	4.53717	2.61702	4.48352	3.64917	3.5567	2.63488	1.28351	3.59045	1.34262	2.53181	2.6382	2.88113	3.60119	3.40176	2.65908	3.4676	1.59148	3.54898	5.39616	3.56816	2.65122	2.75807	3.66867	3.36306	2.68202	2.70181	3.62992	3.5707	1.77283	2.53067	3.69503	1.62222	2.48712	3.42231	3.2579	3.55796	1.45497	2.38992	2.48798	3.16566</FloatingPoint>
				<FloatingPoint size="20">	0.638997	0.559129	0.677574	0.503998	0.207742	0.897092	0.895772	0.497651	0.364557	0.764421	0.448491	0.825452	0.449404	0.828549	0.245003	0.920618	0.704038	0.525772	0.88264	0.190265</FloatingPoint>
			</Individual>
		</Deme>
	</Population>
</ECF>
