<?xml version="1.0" encoding="ISO-8859-1"?>
<ECF milestone="Mon Jun 18 09:48:05 2018
">
	<Registry>
		<Entry key="1FloatingPoint.dimension">20</Entry>
		<Entry key="1FloatingPoint.lbound">0</Entry>
		<Entry key="1FloatingPoint.ubound">1</Entry>
		<Entry key="FloatingPoint.dimension">50</Entry>
		<Entry key="FloatingPoint.lbound">0</Entry>
		<Entry key="FloatingPoint.ubound">6.99</Entry>
		<Entry key="SteadyStateTournament.tsize">3</Entry>
		<Entry key="batch.logfile_">*</Entry>
		<Entry key="batch.remaining_">0</Entry>
		<Entry key="batch.repeats">1</Entry>
		<Entry key="batch.singlemilestone">1</Entry>
		<Entry key="batch.statsfile">stats/ohlc_bitfinex_iotusd_86400_10_30_0.2_0.7.csv</Entry>
		<Entry key="data.balance">16.3878</Entry>
		<Entry key="data.input">data/train/ohlc_bitfinex_iotusd_86400.csv</Entry>
		<Entry key="data.test">data/test/ohlc_bitfinex_iotusd_86400.csv</Entry>
		<Entry key="fuzzy.langvars">conf/ohlc_bitfinex_iotusd_86400.conf</Entry>
		<Entry key="fuzzy.numrules">10</Entry>
		<Entry key="fuzzy.threshold">0.7</Entry>
		<Entry key="log.frequency">10</Entry>
		<Entry key="log.level">3</Entry>
		<Entry key="milestone.elapsedtime_">180</Entry>
		<Entry key="milestone.filename">milestones/ohlc_bitfinex_iotusd_86400_10_30_0.2_0.7.txt</Entry>
		<Entry key="milestone.generation_">9999</Entry>
		<Entry key="mutation.indprob">0.2</Entry>
		<Entry key="operator.logfile">log/ohlc_bitfinex_iotusd_86400_10_30_0.2_0.7.csv</Entry>
		<Entry key="population.size">30</Entry>
		<Entry key="term.eval">300000</Entry>
	</Registry>
	<Population size="1">
		<HallOfFame size="1">
			<Individual size="2" gen="8359">
				<FitnessMax value="3.05412"/>
				<FloatingPoint size="50">	2.52193	0.236627	2.70943	2.86107	3.59928	4.87075	2.24142	4.7882	2.77439	2.78738	3.65569	2.42416	4.67218	3.59364	4.3559	3.51876	0.886764	2.94962	3.53758	3.55638	2.52639	0.0315508	2.79507	2.36326	2.41656	2.43967	0.116009	2.08878	1.49175	2.59168	2.32432	0.64558	2.37229	1.44379	2.52616	4.45852	2.23263	3.83084	3.50841	4.91576	4.62008	2.6628	2.88963	4.61287	3.72663	4.2659	3.23576	3.72679	4.44498	3.79408</FloatingPoint>
				<FloatingPoint size="20">	0.575554	0.931833	0.721788	0.578757	0.540948	0.866138	0.565837	0.834757	0.491974	0.970312	0.743789	0.938337	0.655462	0.954843	0.748849	0.434766	0.540208	0.357804	0.530921	0.510098</FloatingPoint>
			</Individual>
		</HallOfFame>
		<Deme size="30">
			<HallOfFame size="1">
				<Individual size="2" gen="8359">
					<FitnessMax value="3.05412"/>
					<FloatingPoint size="50">	2.52193	0.236627	2.70943	2.86107	3.59928	4.87075	2.24142	4.7882	2.77439	2.78738	3.65569	2.42416	4.67218	3.59364	4.3559	3.51876	0.886764	2.94962	3.53758	3.55638	2.52639	0.0315508	2.79507	2.36326	2.41656	2.43967	0.116009	2.08878	1.49175	2.59168	2.32432	0.64558	2.37229	1.44379	2.52616	4.45852	2.23263	3.83084	3.50841	4.91576	4.62008	2.6628	2.88963	4.61287	3.72663	4.2659	3.23576	3.72679	4.44498	3.79408</FloatingPoint>
					<FloatingPoint size="20">	0.575554	0.931833	0.721788	0.578757	0.540948	0.866138	0.565837	0.834757	0.491974	0.970312	0.743789	0.938337	0.655462	0.954843	0.748849	0.434766	0.540208	0.357804	0.530921	0.510098</FloatingPoint>
				</Individual>
			</HallOfFame>
			<Individual size="2">
				<FitnessMax value="3.05412"/>
				<FloatingPoint size="50">	2.91177	0.87739	2.65598	2.78594	3.57111	4.82505	3.83787	3.82737	1.6625	2.7	4.63621	3.03745	2.83948	4.35741	4.05555	3.51887	0.887714	2.80174	3.65694	3.79525	2.73934	0.241245	2.37726	2.25168	2.47722	2.53509	0.116009	2.14628	1.49422	2.54062	2.51437	0.376671	2.36022	1.47604	2.51842	3.49393	4.11797	4.75999	3.67598	3.49196	5.82008	4.80479	4.22619	5.08828	3.26229	5.2198	3.87967	4.20055	3.95653	3.24734</FloatingPoint>
				<FloatingPoint size="20">	0.310665	0.815791	0.466724	0.439001	0.742532	0.290635	0.430988	0.856477	0.307704	0.958656	0.247333	0.942921	0.913583	0.953838	0.918331	0.330101	0.681763	0.416715	0.739997	0.553549</FloatingPoint>
			</Individual>
			<Individual size="2">
				<FitnessMax value="3.05412"/>
				<FloatingPoint size="50">	2.91177	0.87739	2.65598	2.78594	3.57111	4.82505	3.83787	3.82734	1.52069	2.69785	4.40008	3.03752	2.84054	4.35741	4.07191	3.51887	0.887714	2.80174	3.65694	3.64362	2.73934	0.241245	2.37726	2.25168	2.47722	2.53509	0.116009	2.14628	1.49422	2.54062	2.51438	0.376671	2.36022	1.47604	2.51842	3.49393	4.11797	4.81484	3.68772	3.49806	5.82008	4.74444	4.22628	5.08828	3.26233	5.2198	3.87951	3.20052	3.95653	3.14836</FloatingPoint>
				<FloatingPoint size="20">	0.310271	0.81579	0.473842	0.434118	0.738811	0.288381	0.42926	0.856477	0.307713	0.958656	0.25582	0.942921	0.897694	0.953838	0.918327	0.329273	0.705955	0.418127	0.461992	0.555212</FloatingPoint>
			</Individual>
			<Individual size="2">
				<FitnessMax value="3.05412"/>
				<FloatingPoint size="50">	2.91177	0.87739	2.65598	2.78594	3.57111	4.82505	3.83787	3.82734	6.43998	2.69983	4.77017	3.03761	2.84142	4.35741	4.08761	3.51887	0.887714	2.80174	3.65694	3.79525	2.73934	0.241245	2.37726	2.25168	2.47722	2.53509	0.116009	2.14628	1.49422	2.54062	2.5144	0.376671	2.36022	1.47604	2.51842	3.49393	4.11797	4.83935	3.67598	3.49737	5.82011	4.79042	4.24089	5.08828	3.26229	5.2198	3.87967	3.20186	3.95653	3.08676</FloatingPoint>
				<FloatingPoint size="20">	0.283589	0.81579	0.47491	0.437069	0.742532	0.287647	0.428878	0.856477	0.307712	0.958656	0.250628	0.942921	0.903776	0.953838	0.918327	0.26518	0.692598	0.418389	0.702969	0.558472</FloatingPoint>
			</Individual>
			<Individual size="2">
				<FitnessMax value="3.05412"/>
				<FloatingPoint size="50">	2.91177	0.87739	2.65598	2.78594	3.57111	4.82504	3.83787	3.82732	1.49622	2.69573	4.67679	3.03744	2.84103	4.35741	4.12797	3.51887	0.887714	2.80174	3.65694	3.79525	2.73934	0.241245	2.37726	2.25168	2.47722	2.53509	0.116009	2.14628	1.49422	2.54062	2.51439	0.376671	2.36022	1.47604	2.51842	3.49393	4.11797	4.81691	3.68816	3.49769	5.82009	4.7354	4.22632	5.08828	3.26233	5.2198	3.87951	3.20054	3.95653	3.14468</FloatingPoint>
				<FloatingPoint size="20">	0.310387	0.815791	0.466764	0.438379	0.742532	0.290171	0.430817	0.856477	0.307701	0.958656	0.246607	0.942921	0.916289	0.953838	0.918321	0.231837	0.675737	0.418938	0.735474	0.559439</FloatingPoint>
			</Individual>
			<Individual size="2">
				<FitnessMax value="3.05412"/>
				<FloatingPoint size="50">	2.91177	0.87739	2.65598	2.78594	3.57111	4.82505	3.83787	3.82734	6.43998	2.69983	4.77017	3.03761	2.84142	4.35741	4.08761	3.51887	0.887714	2.80174	3.65694	3.79525	2.73934	0.241245	2.37726	2.25168	2.47722	2.53509	0.116009	2.14628	1.49422	2.54062	2.5144	0.376671	2.36022	1.47604	2.51842	3.49393	4.11797	4.83935	3.67598	3.49737	5.82011	4.79042	4.24089	5.08828	3.26229	5.2198	3.87967	3.20186	3.95653	3.08676</FloatingPoint>
				<FloatingPoint size="20">	0.283589	0.81579	0.483858	0.434056	0.742532	0.28604	0.427213	0.856477	0.307719	0.958656	0.254039	0.942921	0.89204	0.953838	0.918331	0.301794	0.70764	0.416084	0.433213	0.556108</FloatingPoint>
			</Individual>
			<Individual size="2">
				<FitnessMax value="3.05412"/>
				<FloatingPoint size="50">	2.91177	0.87739	2.65598	2.78594	3.57111	4.82505	3.83787	3.82737	1.6625	2.7	4.63621	3.03745	2.83948	4.35741	4.05555	3.51887	0.887714	2.80174	3.65694	3.79525	2.73934	0.241245	2.37726	2.25168	2.47722	2.53509	0.116009	2.14628	1.49422	2.54062	2.51437	0.376671	2.36022	1.47604	2.51842	3.49393	4.11797	4.81691	3.68816	3.49769	5.82009	4.7354	4.22632	5.08828	3.26233	5.2198	3.87951	3.20054	3.95653	3.14468</FloatingPoint>
				<FloatingPoint size="20">	0.310387	0.815791	0.465269	0.441309	0.742532	0.30361	0.436437	0.856477	0.307714	0.958656	0.255909	0.942921	0.922959	0.953838	0.552844	0.306591	0.675465	0.417498	0.743528	0.518911</FloatingPoint>
			</Individual>
			<Individual size="2">
				<FitnessMax value="3.05412"/>
				<FloatingPoint size="50">	2.91177	0.87739	2.65598	2.78594	3.57111	4.82504	3.83787	3.82732	1.49622	2.69573	4.67679	3.03744	2.84103	4.35741	4.12797	3.51887	0.887714	2.80174	3.65694	3.79525	2.73934	0.241245	2.37726	2.25168	2.47722	2.53509	0.116009	2.14628	1.49422	2.54062	2.51439	0.376671	2.36022	1.47604	2.51842	3.49393	4.11797	4.81691	3.68816	3.49769	5.82009	4.7354	4.22632	5.08828	3.26233	5.2198	3.87951	3.20054	3.95653	3.14468</FloatingPoint>
				<FloatingPoint size="20">	0.310301	0.81579	0.46845	0.434123	0.735267	0.288284	0.429448	0.856477	0.307712	0.958656	0.254694	0.942921	0.897737	0.953838	0.918327	0.332626	0.708235	0.418434	0.4621	0.555395</FloatingPoint>
			</Individual>
			<Individual size="2">
				<FitnessMax value="3.05412"/>
				<FloatingPoint size="50">	2.91177	0.87739	2.65598	2.78594	3.57111	4.82505	3.83787	3.82737	1.6625	2.7	4.63621	3.03745	2.83948	4.35741	4.05555	3.51887	0.887714	2.80174	3.65694	3.79525	2.73934	0.241245	2.37726	2.25168	2.47722	2.53509	0.116009	2.14628	1.49422	2.54062	2.51439	0.376671	2.36022	1.47604	2.51842	3.49393	4.11797	4.88162	3.67598	3.49722	5.82009	4.78158	4.23234	5.08828	3.26232	5.2198	3.87965	3.20175	3.95653	3.14198</FloatingPoint>
				<FloatingPoint size="20">	0.281764	0.81579	0.487943	0.438838	0.742532	0.296761	0.435062	0.856477	0.307711	0.958656	0.265887	0.942921	0.90376	0.953838	0.918311	0.335196	0.682837	0.415644	0.825533	0.541186</FloatingPoint>
			</Individual>
			<Individual size="2">
				<FitnessMax value="3.05412"/>
				<FloatingPoint size="50">	2.91177	0.87739	2.65598	2.78594	3.57111	4.82504	3.83787	3.82733	1.64139	2.69972	4.77192	3.03744	2.84139	4.35741	4.11602	3.51887	0.890305	2.80174	3.65694	3.79525	2.73934	0.241245	2.37726	2.25168	2.47722	2.53509	0.116009	2.14628	1.49422	2.54062	2.51439	0.376671	2.36022	1.47604	2.51842	3.49393	4.11797	4.86802	3.67762	3.4977	5.82011	4.70904	4.23817	5.08828	3.26231	5.2198	3.87968	3.20124	3.95653	3.1106</FloatingPoint>
				<FloatingPoint size="20">	0.283589	0.81579	0.483858	0.434056	0.742532	0.310556	0.433578	0.856477	0.307721	0.958656	0.27193	0.942921	0.899995	0.953838	0.918323	0.320414	0.682274	0.415839	0.606018	0.544841</FloatingPoint>
			</Individual>
			<Individual size="2">
				<FitnessMax value="3.05412"/>
				<FloatingPoint size="50">	2.91177	0.87739	2.65598	2.78594	3.57111	4.82505	3.83787	3.82734	6.43998	2.69983	4.77017	3.03761	2.84142	4.35741	4.08761	3.51887	0.887714	2.80174	3.65694	3.79525	2.73934	0.241245	2.37726	2.25168	2.47722	2.53509	0.116009	2.14628	1.49422	2.54062	2.5144	0.376671	2.36022	1.47604	2.51842	3.49393	4.11797	4.83935	3.67598	3.49737	5.82011	4.79042	4.24089	5.08828	3.26229	5.2198	3.87967	3.20186	3.95653	3.08676</FloatingPoint>
				<FloatingPoint size="20">	0.283889	0.81579	0.483858	0.434056	0.580493	0.288708	0.428184	0.856477	0.307719	0.958656	0.256926	0.942921	0.892248	0.953838	0.918329	0.313082	0.706642	0.415885	0.454461	0.555858</FloatingPoint>
			</Individual>
			<Individual size="2">
				<FitnessMax value="3.05412"/>
				<FloatingPoint size="50">	2.91177	0.87739	2.65598	2.78594	3.57111	4.82504	3.83787	3.82732	1.49622	2.69573	4.67679	3.03744	2.84103	4.35741	4.12797	3.51887	0.887714	2.80174	3.65694	3.79525	2.73934	0.241245	2.37726	2.25168	2.47722	2.53509	0.116009	2.14628	1.49422	2.54062	2.51439	0.376671	2.36022	1.47604	2.51842	3.49393	4.11797	4.81691	3.68816	3.49769	5.82009	4.7354	4.22632	5.08828	3.26233	5.2198	3.87951	3.20054	3.95653	3.14468</FloatingPoint>
				<FloatingPoint size="20">	0.310387	0.815791	0.466555	0.438702	0.742532	0.883909	0.43823	0.856477	0.30772	0.958656	0.232847	0.942921	0.899797	0.953838	0.918322	0.275241	0.678132	0.419838	0.742113	0.550183</FloatingPoint>
			</Individual>
			<Individual size="2">
				<FitnessMax value="3.05412"/>
				<FloatingPoint size="50">	2.91177	0.87739	2.65598	2.78594	3.57111	4.82504	3.83787	3.82732	1.49622	2.69573	4.67679	3.03744	2.84103	4.35741	4.12797	3.51887	0.887714	2.80174	3.65694	3.79525	2.73934	0.241245	2.37726	2.25168	2.47722	2.53509	0.116009	2.14628	1.49422	2.54062	2.51439	0.376671	2.36022	1.47604	2.51842	3.49393	4.11797	4.81691	3.68816	3.49769	5.82009	4.7354	4.22632	5.08828	3.26233	5.2198	3.87951	3.20054	3.95653	3.14468</FloatingPoint>
				<FloatingPoint size="20">	0.310301	0.81579	0.46845	0.434123	0.735267	0.288284	0.429448	0.856477	0.307712	0.958656	0.254694	0.942921	0.897737	0.953838	0.918327	0.332626	0.708235	0.418434	0.4621	0.555395</FloatingPoint>
			</Individual>
			<Individual size="2">
				<FitnessMax value="0.943331"/>
				<FloatingPoint size="50">	2.91177	0.87739	2.65598	2.78594	3.57111	4.82504	3.83787	3.82732	1.49622	2.69573	4.67679	3.03744	2.84103	4.35741	4.12797	3.51887	0.887714	2.80174	3.65694	3.79525	2.73934	0.241245	2.37726	2.25168	2.47722	2.53509	0.116009	2.14628	0.257352	2.54062	2.51439	0.376671	2.36022	1.47604	2.51842	3.49393	4.11797	4.81691	3.68816	3.49769	5.82009	4.7354	4.22632	5.08828	3.26233	5.2198	3.87951	3.20054	3.95653	3.14468</FloatingPoint>
				<FloatingPoint size="20">	0.288822	0.81579	0.483858	0.434056	0.742532	0.279114	0.434759	0.856477	0.307718	0.958656	0.277029	0.942921	0.899604	0.953838	0.91833	0.321091	0.705484	0.415925	0.462721	0.556538</FloatingPoint>
			</Individual>
			<Individual size="2">
				<FitnessMax value="3.05412"/>
				<FloatingPoint size="50">	2.91177	0.87739	2.65598	2.78594	3.57111	4.82505	3.83787	3.82734	1.52069	2.69785	4.40008	3.03752	2.84054	4.35741	4.07191	3.51887	0.887714	2.80174	3.65694	3.64362	2.73934	0.241245	2.37726	2.25168	2.47722	2.53509	0.116009	2.14628	1.49422	2.54062	2.51438	0.376671	2.36022	1.47604	2.51842	3.49393	4.11797	4.81484	3.68772	3.49806	5.82008	4.74444	4.22628	5.08828	3.26233	5.2198	3.87951	3.20052	3.95653	3.14836</FloatingPoint>
				<FloatingPoint size="20">	0.283589	0.81579	0.483858	0.434056	0.742532	0.310556	0.433578	0.856477	0.307721	0.958656	0.27193	0.942921	0.899995	0.953838	0.918323	0.320414	0.708825	0.418581	0.462173	0.555619</FloatingPoint>
			</Individual>
			<Individual size="2">
				<FitnessMax value="3.05412"/>
				<FloatingPoint size="50">	2.91177	0.87739	2.65598	2.78594	3.57111	4.82504	3.83787	3.82734	4.04069	2.69977	4.75459	3.03752	2.8414	4.35741	4.10181	3.51887	0.88901	2.80174	3.65694	3.79525	2.73934	0.241245	2.37726	2.25168	2.47722	2.53509	0.116009	2.14628	1.49422	2.54062	2.51439	0.376671	2.36022	1.47604	2.51842	3.49393	4.11797	4.85368	3.6768	3.49753	5.82011	4.74973	4.23953	5.08828	3.2623	5.2198	3.87967	3.20155	3.95653	3.09868</FloatingPoint>
				<FloatingPoint size="20">	0.310271	0.81579	0.473842	0.434118	0.738811	0.288381	0.42926	0.856477	0.307713	0.958656	0.25582	0.942921	0.897694	0.953838	0.918328	0.329273	0.705955	0.418127	0.461992	0.555212</FloatingPoint>
			</Individual>
			<Individual size="2">
				<FitnessMax value="3.05412"/>
				<FloatingPoint size="50">	2.91177	0.87739	2.65598	2.78594	3.57111	4.82505	3.83787	3.8274	1.6625	2.70011	4.4043	3.03749	2.83913	4.35741	4.05597	3.51887	0.887714	2.80174	3.65694	3.79525	2.73934	0.241245	2.37726	2.25168	2.47722	2.53509	0.116009	2.14628	1.49422	2.54062	2.5144	0.376671	2.36022	1.47604	2.51842	3.49393	4.11797	4.83892	3.67598	3.49727	5.82008	4.85148	4.23233	5.08828	3.26233	5.2198	3.87954	3.19984	3.95653	3.09478</FloatingPoint>
				<FloatingPoint size="20">	0.310943	0.815791	0.465269	0.440842	0.742532	0.292977	0.431184	0.856477	0.307711	0.958656	0.248935	0.942921	0.903362	0.953838	0.918344	0.332976	0.708373	0.416186	0.74788	0.541249</FloatingPoint>
			</Individual>
			<Individual size="2">
				<FitnessMax value="3.05412"/>
				<FloatingPoint size="50">	2.91177	0.87739	2.65598	2.78594	3.57111	4.82504	3.83787	3.82732	1.49622	2.69573	4.67679	3.03744	2.84103	4.35741	4.12797	3.51887	0.887714	2.80174	3.65694	3.79525	2.73934	0.241245	2.37726	2.25168	2.47722	2.53509	0.116009	2.14628	1.49422	2.54062	2.51439	0.376671	2.36022	1.47604	2.51842	3.49393	4.11797	4.81691	3.68816	3.49769	5.82009	4.7354	4.22632	5.08828	3.26233	5.2198	3.87951	3.20054	3.95653	3.14468</FloatingPoint>
				<FloatingPoint size="20">	0.3029	0.81579	0.59614	0.437843	0.742532	0.292821	0.432037	0.856477	0.307704	0.958656	0.251077	0.942921	0.909524	0.953838	0.918322	0.270065	0.678883	0.417927	0.724112	0.558354</FloatingPoint>
			</Individual>
			<Individual size="2">
				<FitnessMax value="3.05412"/>
				<FloatingPoint size="50">	2.91177	0.87739	2.65598	2.78594	3.57111	4.82506	3.83787	3.82742	1.6625	2.6987	4.36301	3.03792	2.83929	4.01205	4.05383	3.51887	0.887714	2.80174	3.65694	3.79525	2.73934	0.241245	2.37726	2.25168	2.47722	2.53509	0.116009	2.14628	1.49422	2.54062	2.51437	0.376671	2.36022	1.47604	2.51842	3.49393	4.11797	4.80943	3.67598	3.49815	5.82007	4.85374	4.22477	5.08828	3.26233	5.2198	3.8795	3.20052	3.95653	3.15004</FloatingPoint>
				<FloatingPoint size="20">	0.303328	0.81579	0.60083	0.437508	0.742532	0.295854	0.431637	0.856477	0.307708	0.958656	0.253736	0.942921	0.910664	0.953838	0.918326	0.301146	0.680284	0.417076	0.702848	0.552793</FloatingPoint>
			</Individual>
			<Individual size="2">
				<FitnessMax value="3.05412"/>
				<FloatingPoint size="50">	2.91177	0.87739	2.65598	2.78594	3.57111	4.82506	3.83787	3.82738	1.6625	2.69924	4.60084	3.03783	2.83946	4.35741	4.05522	3.51887	0.887714	2.80174	3.65694	3.05612	2.73934	0.241245	2.37726	2.25168	2.47722	2.53509	0.116009	2.14628	1.49422	2.54062	2.51437	0.376671	2.36022	1.47604	2.51842	3.49393	4.11797	4.77068	3.67598	3.49206	5.82008	4.81761	4.22593	5.08828	3.26232	5.2198	3.87965	3.20367	3.95653	3.23843</FloatingPoint>
				<FloatingPoint size="20">	0.310387	0.815791	0.466764	0.438379	0.742532	0.290171	0.430817	0.856477	0.307701	0.958656	0.246607	0.942921	0.916289	0.953838	0.918321	0.231837	0.675737	0.418938	0.735474	0.559439</FloatingPoint>
			</Individual>
			<Individual size="2">
				<FitnessMax value="3.05412"/>
				<FloatingPoint size="50">	2.91177	0.87739	2.65598	2.78594	3.57111	4.82504	3.83787	3.82733	1.64139	2.69972	4.77192	3.03744	2.84139	4.35741	4.11602	3.51887	0.890305	2.80174	3.65694	3.79525	2.73934	0.241245	2.37726	2.25168	2.47722	2.53509	0.116009	2.14628	1.49422	2.54062	2.51439	0.376671	2.36022	1.47604	2.51842	3.49393	4.11797	4.86802	3.67762	3.4977	5.82011	4.70904	4.23817	5.08828	3.26231	5.2198	3.87968	3.20124	3.95653	3.1106</FloatingPoint>
				<FloatingPoint size="20">	0.310404	0.815791	0.465258	0.441314	0.742532	0.303605	0.436435	0.856477	0.307714	0.958656	0.255899	0.942921	0.922974	0.953838	0.552617	0.306582	0.675461	0.417499	0.743613	0.518895</FloatingPoint>
			</Individual>
			<Individual size="2">
				<FitnessMax value="3.05412"/>
				<FloatingPoint size="50">	2.91177	0.87739	2.65598	2.78594	3.57111	4.82504	3.83787	3.82732	1.49622	2.69573	4.67679	3.03744	2.84103	4.35741	4.12797	3.51887	0.887714	2.80174	3.65694	3.79525	2.73934	0.241245	2.37726	2.25168	2.47722	2.53509	0.116009	2.14628	1.49422	2.54062	2.51439	0.376671	2.36022	1.47604	2.51842	3.49393	4.11797	4.81691	3.68816	3.49769	5.82009	4.7354	4.22632	5.08828	3.26233	5.2198	3.87951	3.20054	3.95653	3.14468</FloatingPoint>
				<FloatingPoint size="20">	0.283589	0.81579	0.483858	0.434056	0.742532	0.310556	0.433578	0.856477	0.307721	0.958656	0.27193	0.942921	0.899995	0.953838	0.918323	0.320414	0.708825	0.418581	0.462173	0.555619</FloatingPoint>
			</Individual>
			<Individual size="2">
				<FitnessMax value="3.05412"/>
				<FloatingPoint size="50">	2.91177	0.87739	2.65598	2.78594	3.57111	4.82505	3.83787	3.82734	6.43998	2.69983	4.77017	3.03761	2.84142	4.35741	4.08761	3.51887	0.887714	2.80174	3.65694	3.79525	2.73934	0.241245	2.37726	2.25168	2.47722	2.53509	0.116009	2.14628	1.49422	2.54062	2.5144	0.376671	2.36022	1.47604	2.51842	3.49393	4.11797	4.83935	3.67598	3.49737	5.82011	4.79042	4.24089	5.08828	3.26229	5.2198	3.87967	3.20186	3.95653	3.08676</FloatingPoint>
				<FloatingPoint size="20">	0.310271	0.81579	0.473842	0.434118	0.738811	0.288381	0.42926	0.856477	0.307713	0.958656	0.25582	0.942921	0.897694	0.953838	0.918328	0.329273	0.705955	0.418127	0.461992	0.555212</FloatingPoint>
			</Individual>
			<Individual size="2">
				<FitnessMax value="3.05412"/>
				<FloatingPoint size="50">	2.91177	0.87739	2.65598	2.78594	3.57111	4.82506	3.83787	3.82738	4.05124	2.69927	4.55014	3.03776	2.84035	4.18473	4.07072	3.51887	0.887714	2.80174	3.65694	3.79525	2.73934	0.241245	2.37726	2.25168	2.47722	2.53509	0.116009	2.14628	1.49422	2.54062	2.51438	0.376671	2.36022	1.47604	2.51842	3.49393	4.11797	4.82439	3.67598	3.49776	5.82009	4.82208	4.23283	5.08828	3.26231	5.2198	3.87959	3.20119	3.95653	3.1184</FloatingPoint>
				<FloatingPoint size="20">	0.310271	0.81579	0.473842	0.434118	0.738811	0.288381	0.42926	0.856477	0.307713	0.958656	0.25582	0.942921	0.897694	0.953838	0.918328	0.329273	0.705955	0.418127	0.461992	0.555212</FloatingPoint>
			</Individual>
			<Individual size="2">
				<FitnessMax value="3.05412"/>
				<FloatingPoint size="50">	2.91177	0.87739	2.65598	2.78594	3.57111	4.82504	3.83787	3.82732	1.49622	2.69573	4.67679	3.03744	2.84103	2.3788	4.12797	3.51887	0.887714	2.80174	3.65694	3.79525	2.73934	0.241245	2.37726	2.25168	2.47722	2.53509	0.116009	2.14628	1.49422	2.54062	2.51439	0.376671	2.36022	1.47604	2.51842	3.49393	4.11797	4.81691	3.68816	3.49769	5.82009	4.7354	4.22632	5.08828	3.26233	5.2198	3.87951	3.20054	3.95653	3.14468</FloatingPoint>
				<FloatingPoint size="20">	0.310271	0.81579	0.473842	0.434118	0.738811	0.288381	0.42926	0.856477	0.307713	0.958656	0.25582	0.942921	0.897694	0.953838	0.918327	0.329273	0.705955	0.418127	0.461992	0.555212</FloatingPoint>
			</Individual>
			<Individual size="2">
				<FitnessMax value="3.05412"/>
				<FloatingPoint size="50">	2.91177	0.87739	2.65598	2.78594	3.57111	4.82505	3.83787	3.82734	6.43998	2.69983	4.73727	3.03761	2.84142	4.35741	4.08761	3.51887	0.887714	2.80174	3.65694	3.79525	2.73934	0.241245	2.37726	2.25168	2.47722	2.53509	0.116009	2.14628	1.49422	2.54062	2.5144	0.376671	2.36022	1.47604	2.51842	3.49393	4.11797	4.83935	3.67598	3.49737	5.82011	4.79042	4.24089	5.08828	3.26229	5.2198	3.87967	3.20186	3.95653	3.08676</FloatingPoint>
				<FloatingPoint size="20">	0.310271	0.81579	0.473842	0.434118	0.738811	0.288381	0.42926	0.856477	0.307713	0.958656	0.25582	0.942921	0.897694	0.953838	0.918328	0.329273	0.705955	0.418127	0.461992	0.555212</FloatingPoint>
			</Individual>
			<Individual size="2">
				<FitnessMax value="3.05412"/>
				<FloatingPoint size="50">	2.91177	0.87739	2.65598	2.78594	3.57111	4.82504	3.83787	3.82732	1.49622	2.69573	4.67679	3.03744	2.84103	4.35741	4.12797	3.51887	0.887714	2.80174	3.65694	3.79525	2.73934	0.241245	2.37726	2.25168	2.47722	2.53509	0.116009	2.14628	1.49422	2.54062	2.51439	0.376671	2.36022	1.47604	2.51842	3.49393	4.11797	4.81691	3.68816	3.49769	5.82009	4.7354	4.22632	5.08828	3.26233	5.2198	3.87951	3.20054	3.95653	3.14468</FloatingPoint>
				<FloatingPoint size="20">	0.310387	0.81579	0.468339	0.434126	0.73351	0.288281	0.430125	0.856477	0.307711	0.958656	0.252339	0.942921	0.898021	0.953838	0.918327	0.342859	0.708825	0.418581	0.462173	0.555619</FloatingPoint>
			</Individual>
			<Individual size="2">
				<FitnessMax value="3.05412"/>
				<FloatingPoint size="50">	2.91177	0.87739	2.65598	2.78594	3.57111	4.82505	3.83787	3.82734	6.43998	2.69983	4.77017	3.03761	2.84142	4.35741	4.08761	3.51887	0.887714	2.80174	3.65694	3.79525	2.73934	0.241245	2.37726	2.25168	2.47722	2.53509	0.116009	2.14628	1.49422	2.54062	2.5144	0.376671	2.36022	1.47604	2.51842	3.49393	4.11797	4.83935	3.67598	3.49737	5.82011	4.79042	4.24089	5.08828	3.26229	5.2198	3.87967	3.20186	3.95653	3.08676</FloatingPoint>
				<FloatingPoint size="20">	0.310271	0.81579	0.473842	0.434118	0.738811	0.288381	0.42926	0.856477	0.307713	0.958656	0.25582	0.942921	0.897694	0.953838	0.918323	0.329273	0.705955	0.418127	0.461992	0.555212</FloatingPoint>
			</Individual>
			<Individual size="2">
				<FitnessMax value="3.05412"/>
				<FloatingPoint size="50">	2.91177	0.87739	2.65598	2.78594	3.57111	4.82505	3.83787	3.82734	6.43998	2.69983	4.77017	3.03761	2.84142	4.35741	4.08761	3.51887	0.887714	2.80174	3.65694	3.79525	2.73934	0.241245	2.37726	2.25168	2.47722	2.53509	0.116009	2.14628	1.49422	2.54062	2.5144	0.376671	2.36022	1.47604	2.51842	3.49393	4.11797	4.83935	3.67598	3.49737	5.82011	4.79042	4.24089	5.08828	3.26229	5.2198	3.87967	3.20186	3.95653	3.08676</FloatingPoint>
				<FloatingPoint size="20">	0.30023	0.81579	0.483858	0.434056	0.742532	0.296898	0.428255	0.856477	0.307719	0.958656	0.258581	0.942921	0.896305	0.953838	0.918328	0.316652	0.705792	0.415879	0.460702	0.548509</FloatingPoint>
			</Individual>
			<Individual size="2">
				<FitnessMax value="3.05412"/>
				<FloatingPoint size="50">	2.91177	0.87739	2.65598	2.78594	3.57111	4.82505	3.83787	3.82734	6.43998	2.69983	4.73727	3.03761	2.84142	4.35741	4.08761	3.51887	0.887714	2.80174	3.65694	3.79525	2.73934	0.241245	2.37726	2.25168	2.47722	2.53509	0.116009	2.14628	1.49422	2.54062	2.5144	0.376671	2.36022	1.47604	2.51842	3.49393	4.11797	4.83935	3.67598	3.49737	5.82011	4.79042	4.24089	5.08828	3.26229	5.2198	3.87967	3.20186	3.95653	3.08676</FloatingPoint>
				<FloatingPoint size="20">	0.310271	0.81579	0.473842	0.434118	0.738811	0.288381	0.42926	0.856477	0.307713	0.958656	0.25582	0.942921	0.897694	0.953838	0.918328	0.329273	0.705955	0.418127	0.461992	0.555212</FloatingPoint>
			</Individual>
			<Individual size="2">
				<FitnessMax value="3.05412"/>
				<FloatingPoint size="50">	2.91177	0.87739	2.65598	2.78594	3.57111	4.82504	3.83787	3.82734	1.64143	2.69971	4.74874	3.03745	2.84073	4.35741	4.11336	3.51887	0.894902	2.80174	3.65694	3.79525	2.73934	0.241245	2.37726	2.25168	2.47722	2.53509	0.116009	2.14628	1.49422	2.54062	2.51439	0.376671	2.36022	1.47604	2.51842	3.49393	4.11797	4.81761	3.67713	3.49751	5.82011	4.78805	4.23535	5.08828	3.2623	5.2198	3.87966	3.20164	3.95653	3.14418</FloatingPoint>
				<FloatingPoint size="20">	0.283589	0.81579	0.483858	0.434056	0.742532	0.310556	0.433578	0.856477	0.307721	0.958656	0.27193	0.942921	0.899995	0.953838	0.918323	0.320414	0.682274	0.415839	0.606018	0.544841</FloatingPoint>
			</Individual>
		</Deme>
	</Population>
</ECF>
