<?xml version="1.0" encoding="ISO-8859-1"?>
<ECF milestone="Mon Jun 18 16:53:01 2018
">
	<Registry>
		<Entry key="1FloatingPoint.dimension">20</Entry>
		<Entry key="1FloatingPoint.lbound">0</Entry>
		<Entry key="1FloatingPoint.ubound">1</Entry>
		<Entry key="FloatingPoint.dimension">50</Entry>
		<Entry key="FloatingPoint.lbound">0</Entry>
		<Entry key="FloatingPoint.ubound">6.99</Entry>
		<Entry key="SteadyStateTournament.tsize">3</Entry>
		<Entry key="batch.logfile_">*</Entry>
		<Entry key="batch.remaining_">0</Entry>
		<Entry key="batch.repeats">1</Entry>
		<Entry key="batch.singlemilestone">1</Entry>
		<Entry key="batch.statsfile">stats/ohlc_bitfinex_xrpusd_86400_10_100_0.9_0.7.csv</Entry>
		<Entry key="data.balance">7.03753</Entry>
		<Entry key="data.input">data/train/ohlc_bitfinex_xrpusd_86400.csv</Entry>
		<Entry key="data.test">data/test/ohlc_bitfinex_xrpusd_86400.csv</Entry>
		<Entry key="fuzzy.langvars">conf/ohlc_bitfinex_xrpusd_86400.conf</Entry>
		<Entry key="fuzzy.numrules">10</Entry>
		<Entry key="fuzzy.threshold">0.7</Entry>
		<Entry key="log.frequency">10</Entry>
		<Entry key="log.level">3</Entry>
		<Entry key="milestone.elapsedtime_">177</Entry>
		<Entry key="milestone.filename">milestones/ohlc_bitfinex_xrpusd_86400_10_100_0.9_0.7.txt</Entry>
		<Entry key="milestone.generation_">2999</Entry>
		<Entry key="mutation.indprob">0.9</Entry>
		<Entry key="operator.logfile">log/ohlc_bitfinex_xrpusd_86400_10_100_0.9_0.7.csv</Entry>
		<Entry key="population.size">100</Entry>
		<Entry key="term.eval">300000</Entry>
		<Entry key="term.maxtime">1800</Entry>
	</Registry>
	<Population size="1">
		<HallOfFame size="1">
			<Individual size="2" gen="1348">
				<FitnessMax value="3.47355"/>
				<FloatingPoint size="50">	1.26666	0.805923	3.50268	2.7188	2.57198	1.62562	0.510357	4.44459	4.48302	3.57525	2.32068	0.223137	3.69356	3.51601	3.44282	1.25811	0.470923	3.45999	4.37304	3.77828	1.68482	0.734508	3.66881	3.53265	2.76492	2.79475	3.41408	3.49881	5.63485	4.25776	2.3852	0.730352	3.78312	4.42969	3.56719	1.54069	0.14071	3.3222	2.68712	3.90884	2.34396	0.306873	3.47427	5.50981	4.6239	1.66725	0.645805	3.60662	3.46862	3.646</FloatingPoint>
				<FloatingPoint size="20">	0.72268	0.831507	0.768103	0.152628	0.864264	0.906437	0.700266	0.946181	0.937348	0.945527	0.798178	0.685021	0.896469	0.819863	0.913635	0.758402	0.696147	0.950833	0.912104	0.990019</FloatingPoint>
			</Individual>
		</HallOfFame>
		<Deme size="100">
			<HallOfFame size="1">
				<Individual size="2" gen="1348">
					<FitnessMax value="3.47355"/>
					<FloatingPoint size="50">	1.26666	0.805923	3.50268	2.7188	2.57198	1.62562	0.510357	4.44459	4.48302	3.57525	2.32068	0.223137	3.69356	3.51601	3.44282	1.25811	0.470923	3.45999	4.37304	3.77828	1.68482	0.734508	3.66881	3.53265	2.76492	2.79475	3.41408	3.49881	5.63485	4.25776	2.3852	0.730352	3.78312	4.42969	3.56719	1.54069	0.14071	3.3222	2.68712	3.90884	2.34396	0.306873	3.47427	5.50981	4.6239	1.66725	0.645805	3.60662	3.46862	3.646</FloatingPoint>
					<FloatingPoint size="20">	0.72268	0.831507	0.768103	0.152628	0.864264	0.906437	0.700266	0.946181	0.937348	0.945527	0.798178	0.685021	0.896469	0.819863	0.913635	0.758402	0.696147	0.950833	0.912104	0.990019</FloatingPoint>
				</Individual>
			</HallOfFame>
			<Individual size="2">
				<FitnessMax value="3.22685"/>
				<FloatingPoint size="50">	1.86241	0.751413	3.61338	2.57434	2.58054	4.4781	0.459418	4.3849	4.50645	3.67384	2.4073	0.324954	3.68431	3.57856	3.49144	1.42187	0.44311	3.47733	4.38704	3.64673	1.45797	0.683373	3.56001	3.74467	2.56754	2.7856	3.48029	3.32365	5.45071	4.50927	2.35688	0.711854	3.7272	4.31246	3.51913	1.56715	0.209963	3.41779	2.68811	3.57646	2.46069	0.711827	3.55342	5.50787	4.32456	1.69632	0.410104	3.55982	3.4636	3.60406</FloatingPoint>
				<FloatingPoint size="20">	0.72268	0.831507	0.770036	0.150757	0.864535	0.906235	0.700605	0.946058	0.937054	0.944977	0.955694	0.202245	0.898424	0.820126	0.911396	0.758427	0.70188	0.941067	0.914099	0.990032</FloatingPoint>
			</Individual>
			<Individual size="2">
				<FitnessMax value="-2.65608"/>
				<FloatingPoint size="50">	1.49693	0.493903	3.61341	2.53389	2.57774	1.67716	0.56425	4.38822	4.51092	3.66411	2.42888	0.353148	3.68229	3.5778	3.49071	1.43887	0.443127	3.47712	4.38863	3.64368	1.50758	0.677618	3.54996	3.46941	2.56901	2.79151	3.48374	3.34751	5.5099	4.44607	2.35799	0.71177	3.72732	4.45107	3.56678	1.5674	0.363855	3.43005	2.68539	3.55165	2.38409	0.658222	3.56021	5.5059	4.5521	1.69683	0.559209	3.5338	3.45257	3.60371</FloatingPoint>
				<FloatingPoint size="20">	0.72268	0.831507	0.770025	0.151785	0.864403	0.906486	0.703986	0.946055	0.937075	0.944977	0.871376	0.270705	0.897667	0.820228	0.913682	0.758427	0.702065	0.941559	0.911922	0.580348</FloatingPoint>
			</Individual>
			<Individual size="2">
				<FitnessMax value="3.38714"/>
				<FloatingPoint size="50">	1.8879	0.478984	3.615	2.44799	2.57925	1.67672	0.588311	4.37584	4.517	3.64861	2.42473	0.403997	3.7086	3.58146	3.48503	1.40839	0.443312	3.47823	4.39439	3.5716	1.70227	0.781678	3.55946	3.79131	2.58186	2.78575	3.49083	3.3038	5.57657	4.43284	2.37172	0.71113	3.72936	4.3551	3.44707	1.57624	0.491477	3.27226	2.68856	3.44306	2.35106	0.479089	3.54702	5.50026	4.56329	1.69367	0.633744	3.57044	3.51085	3.60232</FloatingPoint>
				<FloatingPoint size="20">	0.72268	0.831507	0.770029	0.147906	0.864195	0.906312	0.700265	0.946053	0.937342	0.944977	0.871561	0.485717	0.898318	0.820376	0.913635	0.758427	0.781713	0.944781	0.911885	0.990032</FloatingPoint>
			</Individual>
			<Individual size="2">
				<FitnessMax value="3.38714"/>
				<FloatingPoint size="50">	1.74188	0.608655	3.61481	2.02424	2.57955	1.67841	0.588456	4.37782	4.52322	3.61485	2.42491	0.401015	3.6809	3.58146	3.48504	1.44677	0.443186	3.47818	4.38021	3.62925	1.69848	0.787345	3.56011	3.73918	2.5782	2.78556	3.49061	3.30411	5.50347	4.42696	2.37086	0.713378	3.73117	4.44817	3.60089	1.56947	0.735034	3.65316	2.68853	3.52279	2.36531	0.496108	3.55543	5.50649	4.55503	1.694	0.633812	3.56419	3.4165	3.59146</FloatingPoint>
				<FloatingPoint size="20">	0.72268	0.831507	0.770005	0.151507	0.864311	0.898446	0.700343	0.946081	0.937286	0.944977	0.896876	0.720372	0.898263	0.820146	0.913635	0.758427	0.725422	0.930336	0.9115	0.990032</FloatingPoint>
			</Individual>
			<Individual size="2">
				<FitnessMax value="3.37243"/>
				<FloatingPoint size="50">	1.86563	0.478126	3.61547	2.55521	2.5773	1.67534	0.587868	4.38659	4.50701	3.6651	2.42927	0.297425	3.68067	3.58182	3.49228	1.40958	0.443224	3.47695	4.3825	3.67728	1.11851	0.656861	3.56226	3.44091	2.57774	2.7846	3.47708	3.35232	5.49794	4.45434	2.35702	0.711463	3.72718	4.41465	3.56804	1.56594	0.209072	3.43001	2.68566	3.59307	2.43626	0.713033	3.56806	5.51051	4.10708	1.69657	0.556926	3.55958	3.46371	3.60472</FloatingPoint>
				<FloatingPoint size="20">	0.72268	0.831507	0.770015	0.151189	0.864568	0.906172	0.70046	0.946059	0.937084	0.944977	0.195204	0.32543	0.897956	0.820151	0.917459	0.758427	0.686725	0.9415	0.911925	0.990032</FloatingPoint>
			</Individual>
			<Individual size="2">
				<FitnessMax value="3.3176"/>
				<FloatingPoint size="50">	1.79582	0.478579	3.61334	2.55217	2.57789	1.67672	0.357837	4.38783	4.51123	3.66426	2.40388	0.365221	3.68307	3.57538	3.48667	1.43876	0.443117	3.4776	4.38962	3.64197	1.73598	0.693584	3.55093	3.52059	2.55878	2.79256	3.48238	3.33279	5.51822	4.4453	2.36167	0.712636	3.72662	4.45297	3.51582	1.56791	0.289193	3.43424	2.6317	3.55618	2.37234	0.620197	3.55065	5.50278	4.30669	1.69661	0.559571	3.532	3.44305	3.61096</FloatingPoint>
				<FloatingPoint size="20">	0.721319	0.883059	0.770011	0.151667	0.864246	0.903873	0.703537	0.946058	0.937102	0.944977	0.855128	0.584173	0.899138	0.820145	0.767683	0.758427	0.736498	0.945259	0.911718	0.990032</FloatingPoint>
			</Individual>
			<Individual size="2">
				<FitnessMax value="0.942695"/>
				<FloatingPoint size="50">	1.86409	0.482512	3.61518	2.55639	2.57741	1.67508	0.587924	4.38586	4.50737	3.66468	2.42609	0.333136	3.68362	3.59224	3.49183	1.40659	0.443229	3.47688	4.38131	3.67364	1.15195	0.655243	3.56224	3.43995	2.57801	2.78462	3.47697	3.34817	5.49667	4.44661	2.35837	0.711449	3.72403	4.41771	3.57732	1.56596	0.209329	3.43002	2.68624	3.59074	2.43363	0.693847	3.56788	5.51077	4.16888	1.6946	0.570033	3.55795	3.46378	3.56906</FloatingPoint>
				<FloatingPoint size="20">	0.72268	0.140309	0.770015	0.151189	0.86472	0.906172	0.700206	0.946059	0.937084	0.944977	0.869549	0.398381	0.897956	0.820151	0.919064	0.758427	0.686725	0.9415	0.911925	0.990032</FloatingPoint>
			</Individual>
			<Individual size="2">
				<FitnessMax value="3.39089"/>
				<FloatingPoint size="50">	1.86409	0.478126	3.61547	2.55521	2.5773	1.67534	0.587868	4.38659	4.50701	3.6651	2.42927	0.297425	3.68067	3.58182	3.49228	1.40958	0.443224	3.47695	4.3825	3.67728	1.11851	0.656861	3.56226	3.44091	2.57774	2.7846	3.47708	3.62593	5.49794	4.45434	2.35702	0.711463	3.72718	4.41465	3.56804	1.56594	0.209072	3.43001	2.68566	3.59307	2.43626	0.713033	3.56806	5.51051	4.10708	1.69657	0.556926	3.55958	3.46371	3.60472</FloatingPoint>
				<FloatingPoint size="20">	0.72268	0.831507	0.770015	0.151189	0.864196	0.905925	0.700206	0.946059	0.937084	0.944977	0.869549	0.257449	0.897956	0.820135	0.919064	0.758427	0.686725	0.9415	0.911925	0.990032</FloatingPoint>
			</Individual>
			<Individual size="2">
				<FitnessMax value="3.3631"/>
				<FloatingPoint size="50">	1.84976	0.473046	3.61516	2.48474	2.57932	1.67672	0.588384	4.37198	4.50767	3.6642	2.42496	0.401212	3.68702	3.58149	3.48528	1.41471	0.44331	3.47831	4.39322	3.52861	1.70262	0.763004	3.55944	3.99726	2.586	2.78576	3.49047	3.28848	5.58905	4.433	2.37913	0.710137	3.72767	4.46551	3.40555	1.57716	0.204375	3.4423	2.6886	3.52286	2.31802	0.473841	3.98222	5.49781	4.58789	1.69228	0.635646	3.56436	3.46244	3.60027</FloatingPoint>
				<FloatingPoint size="20">	0.72268	0.831507	0.769985	0.150082	0.864197	0.903498	0.704143	0.946054	0.937282	0.944977	0.869059	0.456618	0.897906	0.820085	0.913637	0.886343	0.698732	0.955281	0.901832	0.990032</FloatingPoint>
			</Individual>
			<Individual size="2">
				<FitnessMax value="3.08157"/>
				<FloatingPoint size="50">	1.87211	0.483843	3.61547	2.55336	2.57764	1.67603	0.589303	4.3845	4.50694	3.66619	2.42903	0.321076	3.68484	3.57729	3.4841	1.46012	0.443147	3.47789	4.38823	3.65187	1.75213	0.681988	3.55882	3.74415	2.56869	2.80528	3.48272	3.32916	5.61438	4.493	2.36366	0.710095	2.82538	4.39234	3.47097	1.57262	0.785746	3.43594	2.60783	3.49138	2.34967	0.501627	3.55351	5.49994	4.72549	1.69652	0.535018	3.43844	3.46098	3.60313</FloatingPoint>
				<FloatingPoint size="20">	0.72268	0.831507	0.77	0.150943	0.864715	0.903516	0.700906	0.946078	0.937041	0.944977	0.803849	0.458205	0.897813	0.820105	0.913635	0.758427	0.712202	0.95103	0.91191	0.990032</FloatingPoint>
			</Individual>
			<Individual size="2">
				<FitnessMax value="3.38714"/>
				<FloatingPoint size="50">	1.74188	0.608655	3.61481	2.02424	2.57955	1.67841	0.588456	4.37782	4.52322	3.61485	2.42491	0.401015	3.6809	3.58146	3.48504	1.44677	0.443186	3.47818	4.38021	3.62925	1.69848	0.787345	3.56011	3.73918	2.5782	2.78556	3.49061	3.30411	5.50347	4.42696	2.37086	0.713378	3.73117	4.44817	3.60089	1.56947	0.735034	3.65316	2.68853	3.52279	2.36531	0.496108	3.55543	5.50649	4.55503	1.694	0.633812	3.56419	3.4165	3.59146</FloatingPoint>
				<FloatingPoint size="20">	0.72268	0.831507	0.770005	0.151507	0.864311	0.898446	0.700343	0.946081	0.937286	0.944977	0.896876	0.720372	0.898263	0.820146	0.913635	0.758427	0.725422	0.930336	0.9115	0.990032</FloatingPoint>
			</Individual>
			<Individual size="2">
				<FitnessMax value="3.36819"/>
				<FloatingPoint size="50">	1.87243	0.463017	3.61551	2.63923	2.58099	1.67618	0.58667	4.36686	4.50652	3.66781	2.44307	0.314589	3.68837	3.57445	3.48485	1.37626	0.443326	3.47848	4.39439	3.58096	1.71831	0.843764	3.55885	3.94981	2.58621	2.78793	3.47667	3.29329	5.81186	4.51867	2.3615	0.707383	3.73482	4.47006	3.38515	1.5672	0.224258	3.45332	2.68876	3.58216	2.33901	0.473016	3.54527	5.49683	4.58484	1.68892	0.629612	3.55839	3.46184	3.58316</FloatingPoint>
				<FloatingPoint size="20">	0.72268	0.842267	0.770004	0.150238	0.864396	0.904234	0.703051	0.946067	0.937147	0.944977	0.867965	0.943237	0.898227	0.820062	0.916315	0.758427	0.659371	0.954374	0.911727	0.990032</FloatingPoint>
			</Individual>
			<Individual size="2">
				<FitnessMax value="3.38714"/>
				<FloatingPoint size="50">	1.86122	0.480778	3.61476	2.44894	2.57858	1.67664	0.588651	4.377	4.51059	3.66038	2.42279	0.403241	3.70189	3.59082	3.48588	1.40533	0.443258	3.47749	4.39194	3.65863	1.34721	0.686514	3.56062	3.60357	2.58099	2.78484	3.48827	3.30643	5.55531	4.42315	2.3671	0.711264	3.72176	4.41111	3.55044	1.5744	0.429794	3.28105	2.68841	3.5243	2.41265	0.643489	3.54824	5.50658	4.36303	1.69211	0.633713	3.56251	3.49644	3.55053</FloatingPoint>
				<FloatingPoint size="20">	0.72268	0.831507	0.77003	0.150145	0.864196	0.906144	0.703207	0.946054	0.937236	0.944977	0.920471	0.546851	0.901061	0.820363	0.913635	0.758427	0.774846	0.929635	0.911873	0.990032</FloatingPoint>
			</Individual>
			<Individual size="2">
				<FitnessMax value="2.98642"/>
				<FloatingPoint size="50">	1.7778	0.484649	3.61545	2.5561	2.57739	1.67518	0.589564	4.38566	4.50716	3.66505	2.42422	0.299886	3.68241	3.59119	3.49224	1.40856	0.44323	3.47691	4.3815	3.67675	1.11409	0.654144	3.56228	1.96477	2.57791	2.78461	3.47692	3.35101	5.49	4.45316	2.35783	0.711467	3.72582	4.41462	3.57292	1.56588	0.208881	3.42995	2.68793	3.5879	2.43408	0.708887	3.56809	5.51107	4.25906	1.69345	0.625764	3.35318	3.46472	3.31085</FloatingPoint>
				<FloatingPoint size="20">	0.72268	0.831507	0.770004	0.151256	0.864196	0.90658	0.700265	0.946065	0.93702	0.944977	0.947532	0.21204	0.898129	0.820122	0.913635	0.758427	0.792606	0.938597	0.911979	0.990032</FloatingPoint>
			</Individual>
			<Individual size="2">
				<FitnessMax value="3.36485"/>
				<FloatingPoint size="50">	1.86418	0.479275	3.61541	2.51277	2.57743	1.67802	0.587809	4.3857	4.50898	3.61784	2.42465	0.296742	3.71288	3.58197	3.48227	1.40951	0.443254	3.47698	4.38215	3.71593	1.8942	0.815369	3.55855	3.44537	2.57838	2.78566	3.49545	3.58248	5.25279	4.43518	2.36999	0.711274	3.72682	4.40848	3.74352	1.57466	0.242183	3.43115	2.68794	3.53892	2.42424	0.532489	3.54675	5.49982	4.56723	1.69666	0.639441	3.5603	3.49522	3.59382</FloatingPoint>
				<FloatingPoint size="20">	0.72268	0.831507	0.770036	0.150757	0.864535	0.906235	0.700605	0.946058	0.937054	0.944977	0.955694	0.202245	0.898424	0.820126	0.911396	0.834626	0.70188	0.941067	0.914099	0.990032</FloatingPoint>
			</Individual>
			<Individual size="2">
				<FitnessMax value="2.94628"/>
				<FloatingPoint size="50">	1.86612	0.523704	3.60349	2.50002	2.57907	1.67588	0.590131	4.38178	4.512	3.67248	2.41962	0.362311	3.69572	3.57803	3.48829	1.41494	0.443211	3.47739	4.38769	3.56539	1.41496	0.768958	3.55625	1.34267	2.56854	2.7917	3.48394	3.3244	5.54433	4.44412	2.36309	0.711408	3.72786	4.43975	3.51745	1.57389	0.339272	3.44289	2.68803	3.52557	2.35539	0.631589	3.54701	5.50565	4.55939	1.69384	0.628225	3.52926	3.49001	3.40339</FloatingPoint>
				<FloatingPoint size="20">	0.72268	0.831507	0.77003	0.150911	0.864264	0.905909	0.704677	0.946056	0.937183	0.944977	0.872139	0.243535	0.901591	0.82033	0.913635	0.758427	0.526379	0.947023	0.911794	0.990032</FloatingPoint>
			</Individual>
			<Individual size="2">
				<FitnessMax value="3.29505"/>
				<FloatingPoint size="50">	1.86416	0.461731	3.61238	2.57475	2.57701	1.67553	0.458822	4.38539	4.51077	3.66229	2.42269	0.303723	3.68107	3.57805	3.48629	1.40451	0.443055	3.47701	4.38507	3.68505	1.55151	0.695572	3.56116	3.63505	2.5763	2.79077	3.47695	3.38745	5.58332	4.44021	2.35882	0.711773	3.72664	4.4133	3.56543	1.57203	0.209227	3.43433	2.68695	3.59606	2.34843	0.709127	3.56773	5.50719	4.15518	1.69642	0.561521	3.42593	3.43547	3.4342</FloatingPoint>
				<FloatingPoint size="20">	0.72268	0.831507	0.83254	0.151679	0.864619	0.902885	0.700832	0.946047	0.937138	0.944977	0.90305	0.830635	0.899502	0.820156	0.913635	0.758427	0.765603	0.950495	0.625265	0.990032</FloatingPoint>
			</Individual>
			<Individual size="2">
				<FitnessMax value="2.77249"/>
				<FloatingPoint size="50">	1.86416	0.494922	3.61127	2.50304	2.57985	1.67623	0.511913	4.37809	4.51563	3.66057	2.38084	0.406591	3.6927	3.57992	3.4857	1.39709	0.4433	3.47779	5.45949	3.58309	1.70645	0.779871	3.55941	3.66672	2.5814	2.78664	3.48926	3.31299	5.56679	4.4273	2.363	0.71173	3.71279	4.36671	3.50596	1.57141	0.424642	3.32165	2.67321	3.47427	2.35492	0.512144	3.54877	5.50343	4.52492	1.69363	0.632524	3.56058	3.43973	3.60137</FloatingPoint>
				<FloatingPoint size="20">	0.72268	0.831507	0.770029	0.147906	0.864195	0.906312	0.700265	0.946053	0.937342	0.944977	0.871561	0.485717	0.898318	0.820376	0.913635	0.758427	0.781713	0.944781	0.911885	0.990032</FloatingPoint>
			</Individual>
			<Individual size="2">
				<FitnessMax value="3.36889"/>
				<FloatingPoint size="50">	1.87211	0.483843	3.61547	2.55336	2.57764	1.67603	0.589303	4.3845	4.50694	3.66619	2.42903	0.321076	3.68484	3.57729	3.4841	1.46012	0.443147	3.47789	4.38823	3.65187	1.75213	0.681988	3.55882	3.74415	2.56869	2.80528	3.48272	3.32916	5.61438	4.493	2.36366	0.710095	3.72945	4.39234	3.47097	1.57262	0.785746	3.43594	2.60783	3.49138	2.34967	0.501627	3.55351	5.49994	4.72549	1.69652	0.535018	3.43844	3.46098	3.60313</FloatingPoint>
				<FloatingPoint size="20">	0.72268	0.973709	0.77	0.150943	0.864715	0.903516	0.700906	0.946072	0.937351	0.944977	0.873904	0.238965	0.898383	0.819794	0.913635	0.758427	0.775459	0.939375	0.914283	0.990032</FloatingPoint>
			</Individual>
			<Individual size="2">
				<FitnessMax value="3.38714"/>
				<FloatingPoint size="50">	1.74188	0.608655	3.61481	2.02424	2.57955	1.67841	0.588456	4.37782	4.52322	3.61485	2.42491	0.401015	3.6809	3.58146	3.48504	1.44677	0.443186	3.47818	4.38021	3.62925	1.69848	0.787345	3.56011	3.73918	2.5782	2.78556	3.49061	3.30411	5.50347	4.42696	2.37086	0.713378	3.73117	4.44817	3.60089	1.56947	0.735034	3.65316	2.68853	3.52279	2.36531	0.496108	3.55543	5.50649	4.55503	1.694	0.633812	3.56419	3.4165	3.59146</FloatingPoint>
				<FloatingPoint size="20">	0.72268	0.831507	0.770006	0.151027	0.864372	0.898918	0.701354	0.946077	0.936939	0.944977	0.886172	0.565605	0.898204	0.820101	0.913635	0.758427	0.78563	0.933194	0.91192	0.990032</FloatingPoint>
			</Individual>
			<Individual size="2">
				<FitnessMax value="2.73394"/>
				<FloatingPoint size="50">	1.5187	0.484753	3.61524	2.5578	2.57761	1.67488	0.589357	4.38227	4.50757	3.66386	2.41523	0.314476	3.68499	3.61918	3.49168	1.40462	5.52184	3.47688	4.37879	3.66708	1.13988	0.65232	3.56214	3.43925	2.57814	2.78465	3.47684	3.34406	5.47223	4.44792	2.36073	0.711399	3.72176	4.41683	3.58219	1.56595	0.209387	3.43046	2.68589	3.5685	2.42342	0.6831	3.56721	5.51212	4.12597	1.69219	0.616931	3.56044	3.4642	3.59196</FloatingPoint>
				<FloatingPoint size="20">	0.72268	0.831507	0.770006	0.151273	0.864497	0.897844	0.700529	0.946084	0.937203	0.944977	0.888971	0.591322	0.89887	0.820131	0.913635	0.758427	0.765108	0.953448	0.912538	0.990032</FloatingPoint>
			</Individual>
			<Individual size="2">
				<FitnessMax value="3.37107"/>
				<FloatingPoint size="50">	1.86308	0.456729	3.61729	2.62355	2.5771	1.67791	0.590688	4.37624	4.52008	3.34988	2.43208	0.415656	3.67563	3.57254	3.48498	1.43486	0.443349	3.47799	4.39491	3.66569	1.70098	0.625933	3.56338	3.79543	2.56485	2.78566	3.50206	3.35379	5.59883	4.54998	2.37295	0.711139	3.7295	4.36846	3.44533	1.57811	0.13378	3.39263	2.6886	3.44212	2.30119	0.477873	3.54944	5.50032	4.56153	1.69344	0.629225	3.57333	3.48247	3.62077</FloatingPoint>
				<FloatingPoint size="20">	0.72268	0.831507	0.770029	0.147906	0.864195	0.906312	0.700265	0.946053	0.140142	0.944977	0.871561	0.485717	0.898318	0.820376	0.913635	0.758427	0.781713	0.944781	0.911885	0.990032</FloatingPoint>
			</Individual>
			<Individual size="2">
				<FitnessMax value="3.37056"/>
				<FloatingPoint size="50">	1.74188	0.608655	3.61481	2.02424	2.57955	1.67841	0.588456	4.37782	4.52322	3.61485	2.42491	0.401015	3.6809	3.58146	3.48504	1.44677	0.443186	3.47818	4.38021	3.62925	1.69848	0.787345	3.56011	3.73918	2.5782	2.78556	3.49061	3.30411	5.50347	4.42696	2.37086	0.713378	3.73117	4.44817	3.60089	1.56947	0.735034	3.65316	2.68853	3.52279	2.36531	0.496108	3.55543	5.50649	4.55503	1.694	0.633812	3.56419	3.4165	3.59146</FloatingPoint>
				<FloatingPoint size="20">	0.72268	0.831507	0.770005	0.151507	0.864311	0.898446	0.700343	0.946081	0.937286	0.944977	0.896876	0.720372	0.898263	0.820146	0.913635	0.758427	0.0628844	0.930336	0.9115	0.990032</FloatingPoint>
			</Individual>
			<Individual size="2">
				<FitnessMax value="-2.61832"/>
				<FloatingPoint size="50">	1.86416	0.479198	3.61501	2.44525	2.57923	1.67669	0.58835	4.37616	4.51702	3.64756	2.42473	0.401226	3.70883	3.58146	3.48517	1.40829	0.443308	3.47823	4.39401	3.57505	1.70041	0.779496	3.5595	3.78801	2.58173	2.78572	3.4905	3.30397	5.57409	4.43273	2.37136	0.711165	3.72936	4.46026	3.45104	1.57655	0.48343	3.44179	2.68857	3.5228	2.35373	0.481441	3.54633	5.50055	4.55609	1.69368	0.633876	3.56435	3.50853	3.59454</FloatingPoint>
				<FloatingPoint size="20">	0.72268	0.831507	0.770016	0.151695	0.864268	0.902419	0.701633	0.946067	0.937132	0.944977	0.909593	0.513195	0.898174	0.820238	0.913635	0.758427	0.7261	0.936117	0.911693	0.625172</FloatingPoint>
			</Individual>
			<Individual size="2">
				<FitnessMax value="3.38714"/>
				<FloatingPoint size="50">	1.84221	0.477387	3.6153	2.52641	2.57922	1.67667	0.58838	4.37789	4.50737	3.66509	2.42835	0.319308	3.68553	3.58083	3.48559	1.41247	0.443298	3.47811	4.54784	3.59099	1.38007	0.74366	3.56119	3.92374	2.57822	2.78587	3.47963	3.3331	5.57986	4.44262	2.36297	0.710113	3.72772	4.44539	3.55761	1.56978	0.206924	3.44072	2.68745	3.52371	2.3775	0.55158	3.54881	5.50094	4.40692	1.69285	0.630189	3.56149	3.46253	3.60361</FloatingPoint>
				<FloatingPoint size="20">	0.72268	0.831507	0.770019	0.151106	0.864722	0.905614	0.700698	0.946084	0.937494	0.944977	0.838788	0.196013	0.898379	0.819719	0.913635	0.758427	0.774517	0.936994	0.912008	0.990032</FloatingPoint>
			</Individual>
			<Individual size="2">
				<FitnessMax value="3.22944"/>
				<FloatingPoint size="50">	1.86612	0.523704	3.60349	2.50002	2.57907	1.67588	0.590131	1.58607	4.512	3.67248	2.41962	0.362311	3.69572	3.57803	3.48829	1.41494	0.443211	3.47739	4.38769	3.56539	1.41496	0.768958	3.55625	3.50802	2.56854	2.7917	3.48394	3.3244	5.54433	4.44412	2.36309	0.711408	3.72786	4.43975	3.51745	1.57389	0.339272	3.44289	2.68803	3.52557	2.35539	0.631589	3.54701	5.50565	4.55939	1.69384	0.628225	3.52926	3.49001	3.40339</FloatingPoint>
				<FloatingPoint size="20">	0.72268	0.831507	0.770019	0.151386	0.622831	0.903321	0.702564	0.946056	0.262761	0.944977	0.874757	0.38189	0.899535	0.820173	0.913635	0.758427	0.651622	0.951291	0.911907	0.990032</FloatingPoint>
			</Individual>
			<Individual size="2">
				<FitnessMax value="3.36405"/>
				<FloatingPoint size="50">	1.86563	0.478126	3.61547	2.55521	2.5773	1.67534	0.587868	4.38659	4.50701	3.6651	2.42927	0.297425	3.68067	3.58182	3.49228	1.40958	0.443224	3.47695	4.3825	3.67728	1.11851	0.656861	3.56226	3.44091	2.57774	2.7846	3.47708	3.35232	5.49794	4.45434	2.35702	0.711463	3.72718	4.41465	3.56804	1.56594	0.209072	3.43001	2.68566	3.59307	2.43626	0.713033	3.56806	5.51051	4.10708	1.69657	0.556926	3.55958	3.46371	3.60472</FloatingPoint>
				<FloatingPoint size="20">	0.72268	0.831507	0.545412	0.151189	0.86472	0.906172	0.700206	0.946059	0.937113	0.944977	0.88234	0.265168	0.89768	0.820129	0.913635	0.758427	0.721484	0.944424	0.911913	0.990032</FloatingPoint>
			</Individual>
			<Individual size="2">
				<FitnessMax value="3.47355"/>
				<FloatingPoint size="50">	1.72513	0.512936	3.60672	2.46979	2.57914	1.67763	0.549687	4.39477	4.50672	3.67171	2.36239	0.456883	3.68576	3.57514	3.48382	1.44245	0.442746	3.47788	4.39133	3.46716	1.81806	0.662414	3.57475	3.44345	2.56907	2.78269	3.48122	3.33102	5.51583	4.30465	2.35893	0.718606	3.72624	4.46527	3.50249	1.57052	0.210407	3.42349	2.68844	3.45697	2.40772	0.524117	3.55813	5.50225	4.57687	1.69997	0.572014	3.56207	3.46389	3.60553</FloatingPoint>
				<FloatingPoint size="20">	0.72268	0.831507	0.77003	0.152384	0.864196	0.905976	0.706148	0.946054	0.937131	0.944977	0.96938	0.656468	0.903804	0.820349	0.913635	0.758427	0.767978	0.949756	0.911921	0.990032</FloatingPoint>
			</Individual>
			<Individual size="2">
				<FitnessMax value="3.39089"/>
				<FloatingPoint size="50">	1.84722	0.484444	3.61502	2.56325	2.57751	1.67502	0.588623	4.38435	4.50738	3.66398	2.4208	0.335636	3.68632	3.60459	3.49159	1.40581	0.443237	3.47688	4.3805	3.67097	1.16375	0.654313	3.56216	3.43964	2.579	2.78465	3.47693	3.34655	5.48497	4.43818	2.36067	0.711388	3.72316	4.41891	3.57772	1.56597	0.20936	3.43032	2.68703	3.57517	2.42859	0.692899	3.56714	5.51199	4.22947	1.69426	0.590942	3.54435	3.46414	3.43558</FloatingPoint>
				<FloatingPoint size="20">	0.72268	0.831507	0.770015	0.151189	0.86472	0.906172	0.700206	0.946059	0.937084	0.944977	0.869549	0.398381	0.897956	0.820151	0.919064	0.758427	0.686725	0.9415	0.911925	0.990032</FloatingPoint>
			</Individual>
			<Individual size="2">
				<FitnessMax value="3.47355"/>
				<FloatingPoint size="50">	1.86055	0.531429	3.61242	2.60178	2.58071	1.68034	0.591325	4.3859	4.50276	3.36302	2.35413	0.460276	3.68398	3.57266	3.48409	1.36038	0.443204	3.47717	4.38241	3.67998	1.7008	0.631732	3.56232	3.43797	2.56528	2.78567	3.47695	3.35332	5.77482	4.36204	2.36048	0.711491	3.72717	4.44877	3.39358	1.56585	0.208712	3.42415	2.68861	3.43535	2.3124	0.475426	3.54823	5.50691	4.58721	1.69386	0.628708	3.55868	3.46053	3.67059</FloatingPoint>
				<FloatingPoint size="20">	0.72268	0.831507	0.770029	0.152455	0.864195	0.906209	0.706174	0.946054	0.937113	0.944977	0.97085	0.265168	0.89768	0.820353	0.913635	0.758427	0.721484	0.944424	0.911913	0.990032</FloatingPoint>
			</Individual>
			<Individual size="2">
				<FitnessMax value="2.60357"/>
				<FloatingPoint size="50">	1.79582	0.478579	3.61334	2.55217	2.57789	1.67672	0.357837	4.38783	4.51123	3.66426	2.40388	0.365221	3.68307	3.57538	3.48667	1.43876	0.443117	3.4776	4.38962	3.64197	1.73598	0.693584	3.55093	3.52059	2.55878	2.79256	3.48238	3.33279	5.51822	4.4453	2.36167	0.712636	3.72662	4.45297	3.51582	1.56791	0.289193	3.43424	2.6317	3.55618	2.37234	0.620197	3.55065	5.50278	4.30669	1.69661	4.68437	3.532	3.44305	3.61096</FloatingPoint>
				<FloatingPoint size="20">	0.72268	0.843776	0.77002	0.15184	0.864246	0.904567	0.703594	0.946055	0.937106	0.944977	0.882634	0.531773	0.898884	0.820338	0.789058	0.758427	0.729768	0.945216	0.911905	0.990032</FloatingPoint>
			</Individual>
			<Individual size="2">
				<FitnessMax value="3.38714"/>
				<FloatingPoint size="50">	1.86409	0.478126	3.61547	2.55521	2.5773	1.67534	0.587868	4.38659	4.50701	3.6651	2.42927	0.297425	3.68067	3.58182	3.49228	1.40958	0.443224	3.47695	4.3825	3.67728	1.11851	0.656861	3.56226	3.44091	2.57774	2.7846	3.47708	3.35232	5.49794	4.45434	2.35702	0.711463	3.72718	4.41465	3.56804	1.56594	0.209072	3.43001	2.68566	3.59307	2.43626	0.713033	3.56806	5.51051	4.10708	1.69657	0.556926	3.55958	3.46371	3.60472</FloatingPoint>
				<FloatingPoint size="20">	0.72268	0.831507	0.770029	0.152455	0.864195	0.906209	0.706174	0.946054	0.937113	0.944977	0.97085	0.456596	0.89768	0.820353	0.913635	0.758427	0.721484	0.944424	0.911918	0.990032</FloatingPoint>
			</Individual>
			<Individual size="2">
				<FitnessMax value="3.38714"/>
				<FloatingPoint size="50">	1.86563	0.478126	3.61547	2.55521	2.5773	1.67534	0.587868	4.38659	4.50701	3.6651	2.23277	0.297425	3.68067	3.58182	3.49228	1.40958	0.443224	3.47695	4.3825	3.67728	1.11851	0.656861	3.56226	3.44091	2.57774	2.7846	3.47708	3.35232	5.49794	4.45434	2.35702	0.711463	3.72718	4.41465	3.56804	1.56594	0.209072	3.43001	2.68566	3.59307	2.43626	0.713033	3.56806	5.51051	4.10708	1.69657	0.556926	3.55958	3.46371	3.60472</FloatingPoint>
				<FloatingPoint size="20">	0.72268	0.831507	0.770015	0.151189	0.864205	0.906172	0.701067	0.946059	0.937084	0.944977	0.869549	0.371759	0.897956	0.820151	0.913635	0.758427	0.686725	0.9415	0.911925	0.990032</FloatingPoint>
			</Individual>
			<Individual size="2">
				<FitnessMax value="3.37563"/>
				<FloatingPoint size="50">	1.86122	0.480778	3.61476	2.44894	2.57858	1.67664	0.588651	4.377	4.51059	3.66038	2.42279	0.403241	3.70189	3.59082	3.48588	1.40533	0.443258	3.47749	4.39194	3.65863	1.34721	0.686514	3.56062	3.60357	2.58099	2.78484	3.48827	3.30643	5.55531	4.42315	2.3671	0.711264	3.72176	4.41111	3.55044	1.5744	0.429794	3.28105	2.68841	3.5243	2.41265	0.643489	3.54824	5.50658	4.36303	1.69211	0.633713	3.56251	3.49644	3.55053</FloatingPoint>
				<FloatingPoint size="20">	0.72268	0.831507	0.77003	0.150145	0.289408	0.906144	0.703207	0.946054	0.937236	0.944977	0.920471	0.546851	0.901061	0.820363	0.913635	0.758427	0.774846	0.947475	0.911873	0.990032</FloatingPoint>
			</Individual>
			<Individual size="2">
				<FitnessMax value="3.38714"/>
				<FloatingPoint size="50">	1.84838	0.506013	3.61507	2.37444	2.57906	1.67775	0.589132	4.38045	4.51095	3.63946	2.42782	0.335079	3.68378	3.57866	3.48444	1.45634	0.443173	3.47814	4.38079	3.63759	1.73654	0.702336	3.50702	3.74379	2.57039	2.80438	3.48634	3.31655	5.53651	4.46405	2.36736	0.712939	3.73072	4.4427	3.53956	1.57098	0.766627	3.50667	2.67836	3.51867	2.36226	0.499312	3.5536	5.50346	4.7098	1.69504	0.560095	3.50951	3.42796	3.59525</FloatingPoint>
				<FloatingPoint size="20">	0.72268	0.831507	0.770005	0.151507	0.864311	0.898446	0.700343	0.946081	0.937286	0.944977	0.896876	0.720372	0.898263	0.820146	0.913635	0.758427	0.725422	0.930336	0.9115	0.990032</FloatingPoint>
			</Individual>
			<Individual size="2">
				<FitnessMax value="3.38714"/>
				<FloatingPoint size="50">	1.86416	0.479198	3.61501	2.44525	2.57923	1.67669	0.58835	4.37616	4.51702	3.64756	2.42473	0.401226	3.70883	3.58146	3.48517	1.40829	0.443308	3.47823	4.39401	3.57505	1.70041	0.779496	3.5595	3.78801	2.58173	2.78572	3.4905	3.30397	5.57409	4.43273	2.37136	0.711165	3.72936	4.46026	3.45104	1.57655	0.48343	3.44179	2.68857	3.5228	2.35373	0.481441	3.54633	5.50055	4.55609	1.69368	0.633876	3.56435	3.50853	3.59454</FloatingPoint>
				<FloatingPoint size="20">	0.72268	0.831507	0.770027	0.151882	0.864225	0.906392	0.702923	0.946054	0.936977	0.944977	0.92231	0.306017	0.898086	0.82033	0.913635	0.758427	0.726778	0.941897	0.911887	0.990032</FloatingPoint>
			</Individual>
			<Individual size="2">
				<FitnessMax value="3.39089"/>
				<FloatingPoint size="50">	1.86413	0.48137	3.6078	2.55537	2.5773	1.67531	0.58875	4.38669	4.50702	3.66527	2.42824	0.296224	3.68111	3.58184	3.49236	1.40973	0.443226	3.47694	4.38246	3.67863	1.112	0.655807	3.56229	3.43944	2.57779	2.78459	3.47701	3.35282	5.49693	4.45462	2.35694	0.711477	3.72716	4.4175	3.56627	1.57057	0.281292	3.43387	2.68859	3.57177	2.38125	0.577413	3.56463	5.50625	4.53598	1.69377	0.631202	3.53543	3.46688	3.26581</FloatingPoint>
				<FloatingPoint size="20">	0.72268	0.831507	0.770015	0.151189	0.86472	0.906172	0.700206	0.946059	0.937084	0.944977	0.766553	0.522374	0.897956	0.820151	0.919064	0.758427	0.686725	0.9415	0.911925	0.990032</FloatingPoint>
			</Individual>
			<Individual size="2">
				<FitnessMax value="3.39138"/>
				<FloatingPoint size="50">	1.86413	0.48137	3.6078	2.55537	2.5773	1.67531	0.58875	4.38669	4.50702	3.66527	2.42824	0.296224	3.68111	3.58184	3.49236	1.40973	0.443226	3.47694	4.38246	3.67863	1.112	0.655807	3.56229	3.43944	2.57779	2.78459	3.47701	3.35282	5.49693	4.45462	2.35694	0.711477	3.72716	4.4175	3.56627	1.57057	0.281292	3.43387	2.68859	3.57177	2.38125	0.577413	3.56463	5.50625	4.53598	1.69377	0.631202	3.53543	3.46688	3.26581</FloatingPoint>
				<FloatingPoint size="20">	0.72268	0.831507	0.770023	0.150228	0.864488	0.906149	0.699801	0.946059	0.937205	0.944977	0.789964	0.544057	0.900565	0.820223	0.918264	0.758427	0.694511	0.933602	0.911913	0.990032</FloatingPoint>
			</Individual>
			<Individual size="2">
				<FitnessMax value="2.77273"/>
				<FloatingPoint size="50">	1.6172	0.484426	3.61495	2.55509	2.57816	1.67568	0.588907	4.38063	4.50756	3.66391	2.40671	0.342684	3.68588	3.61082	3.48991	1.40481	1.00973	3.47697	4.41598	3.64617	1.29095	0.667517	3.56193	3.51623	2.57825	2.78516	3.47755	3.34058	5.48305	4.44307	2.36275	0.711048	3.72309	4.42772	3.57431	1.56679	0.208712	3.43439	2.68622	3.56603	2.41876	0.669538	3.55784	5.51	4.31478	1.69229	0.62225	3.55085	3.46378	3.44435</FloatingPoint>
				<FloatingPoint size="20">	0.72268	0.831507	0.770006	0.151273	0.864497	0.897844	0.700529	0.946084	0.937203	0.944977	0.888971	0.935055	0.89887	0.820131	0.913635	0.758427	0.765108	0.953448	0.912538	0.990032</FloatingPoint>
			</Individual>
			<Individual size="2">
				<FitnessMax value="3.38714"/>
				<FloatingPoint size="50">	1.86055	0.531429	3.61242	2.60178	2.58071	1.68034	0.591325	4.3859	4.50276	3.36302	2.35413	0.460276	3.68398	3.57266	3.48409	1.36038	0.443204	3.47717	4.38241	3.67998	1.7008	0.631732	3.56232	3.43797	2.56528	2.78567	3.47695	3.35332	5.77482	4.36204	2.36048	0.711491	3.72717	4.44877	3.39358	1.56585	0.208712	3.42415	2.68861	3.43535	2.3124	0.475426	3.54823	5.50691	4.58721	1.69386	0.628708	3.55868	3.46053	3.67059</FloatingPoint>
				<FloatingPoint size="20">	0.72268	0.831507	0.770029	0.151503	0.864195	0.906252	0.706174	0.94606	0.937113	0.944977	0.88234	0.265168	0.89768	0.820129	0.913635	0.758427	0.721484	0.944424	0.911913	0.990032</FloatingPoint>
			</Individual>
			<Individual size="2">
				<FitnessMax value="3.38714"/>
				<FloatingPoint size="50">	1.79859	0.484771	3.61422	2.46979	2.57697	1.67601	0.586332	4.37879	4.50981	3.66923	2.40558	0.394419	3.68385	3.58318	3.48484	1.4516	0.443163	3.47781	4.39474	3.58013	1.73934	0.797183	3.55957	3.74182	2.57713	2.82587	3.48736	3.31454	5.58209	4.42701	2.37142	0.712232	3.73163	4.41166	3.43844	1.57397	0.569801	3.43748	2.67606	3.52283	2.33555	0.491475	3.5609	5.50251	4.57245	1.69428	0.545123	3.75507	3.54669	3.58614</FloatingPoint>
				<FloatingPoint size="20">	0.72268	0.831507	0.770036	0.14722	0.864202	0.906389	0.700176	0.946042	0.937412	0.941387	0.878555	0.222242	0.89891	0.819791	0.913635	0.758427	0.722996	0.944366	0.911767	0.990033</FloatingPoint>
			</Individual>
			<Individual size="2">
				<FitnessMax value="3.38714"/>
				<FloatingPoint size="50">	1.84806	0.484573	3.59549	2.55418	2.5777	1.67524	0.589557	4.38485	4.50697	3.67396	2.41835	0.3219	3.68397	3.57481	3.48567	1.44076	0.443132	3.47774	4.38348	3.57491	1.56002	0.729987	3.44259	3.37878	2.56276	2.80516	3.48188	3.34281	5.03698	4.49026	2.35677	0.710115	3.72925	4.40231	3.53741	1.57259	0.521523	3.44147	2.61601	3.50162	2.35657	0.604598	3.55137	5.50584	4.63596	1.69614	0.538866	3.49277	3.46873	3.34929</FloatingPoint>
				<FloatingPoint size="20">	0.72268	0.831507	0.770021	0.151719	0.864431	0.903867	0.701206	0.946048	0.937138	0.944977	0.902656	0.757667	0.899462	0.820107	0.913635	0.758427	0.765132	0.950869	0.913072	0.990032</FloatingPoint>
			</Individual>
			<Individual size="2">
				<FitnessMax value="3.38714"/>
				<FloatingPoint size="50">	1.83715	0.496954	3.61103	2.57906	2.58027	1.67558	0.452416	4.38436	4.51112	3.66174	2.37691	0.43878	3.69086	3.5779	3.48719	1.39113	0.443188	3.47767	4.38426	3.58611	1.7225	0.744724	3.5594	3.52526	2.57315	2.78755	3.4815	3.31436	5.55634	4.42728	2.36243	0.712482	3.57669	4.4506	3.51524	1.56699	0.27809	3.43602	2.62891	3.51194	2.36917	0.519167	3.55033	5.51029	4.50001	1.69635	0.626626	3.5488	3.4557	3.60975</FloatingPoint>
				<FloatingPoint size="20">	0.72268	0.831507	0.77003	0.152384	0.864196	0.905976	0.706148	0.946054	0.937131	0.944977	0.96938	0.656468	0.903804	0.820349	0.913635	0.758427	0.767978	0.985437	0.911921	0.990032</FloatingPoint>
			</Individual>
			<Individual size="2">
				<FitnessMax value="3.38714"/>
				<FloatingPoint size="50">	1.84838	0.484982	3.61248	2.56808	2.57765	1.67471	0.589395	4.38273	4.50711	3.66458	2.42156	0.338166	3.6907	3.59873	3.49035	1.40968	0.443241	3.47708	4.38218	3.66231	1.20792	0.0703876	3.56123	3.49616	2.57077	2.79326	3.47737	3.34719	5.47992	4.44055	2.36292	0.711394	3.72211	4.41248	3.51268	1.56618	0.395083	3.42992	2.67346	3.52234	2.39256	0.529802	3.5642	5.51079	4.39291	1.69313	0.619944	3.43731	3.46205	3.39501</FloatingPoint>
				<FloatingPoint size="20">	0.72268	0.831507	0.770013	0.151035	0.864793	0.898855	0.70079	0.946082	0.936933	0.944977	0.84104	0.367814	0.898245	0.820105	0.913635	0.758427	0.764618	0.956369	0.911924	0.990032</FloatingPoint>
			</Individual>
			<Individual size="2">
				<FitnessMax value="3.38714"/>
				<FloatingPoint size="50">	1.84976	0.473046	3.61516	2.48474	2.57932	1.67672	0.588384	4.37198	4.50767	3.6642	2.42496	0.401212	3.68702	3.58149	3.48528	1.41471	0.44331	3.47831	4.39322	3.52861	1.70262	0.763004	3.55944	3.99726	2.586	2.78576	3.49047	3.28848	5.58905	4.433	2.37913	0.710137	3.72767	4.46551	3.40555	1.57716	0.204375	3.4423	2.6886	3.52286	2.31802	0.473841	3.98222	5.49781	4.58789	1.69228	0.635646	3.56436	3.46244	3.60027</FloatingPoint>
				<FloatingPoint size="20">	0.72268	0.831507	0.769978	0.14916	0.864207	0.902371	0.703867	0.946075	0.937344	0.944977	0.867658	0.456184	0.89828	0.819931	0.913637	0.758427	0.638664	0.956393	0.911065	0.990032</FloatingPoint>
			</Individual>
			<Individual size="2">
				<FitnessMax value="3.38714"/>
				<FloatingPoint size="50">	1.86122	0.480778	3.61476	2.47419	2.57836	1.67623	0.588815	4.37822	4.50989	3.66119	2.42104	0.382653	3.69797	3.5974	3.48723	1.40517	0.443254	3.47735	4.38889	3.66059	1.29912	0.678584	3.56097	3.56546	2.58033	2.78479	3.48562	3.31516	5.53604	4.4289	2.36562	0.711295	3.72176	4.41243	3.55781	1.57244	0.378673	3.3157	2.68783	3.53455	2.41515	0.652676	3.55264	5.50787	4.30804	1.69213	0.629821	3.56203	3.48896	3.56014</FloatingPoint>
				<FloatingPoint size="20">	0.72268	0.831507	0.77003	0.150145	0.864196	0.906144	0.696412	0.946054	0.937236	0.944977	0.920471	0.546851	0.901061	0.820363	0.913635	0.758427	0.774846	0.929635	0.911873	0.990032</FloatingPoint>
			</Individual>
			<Individual size="2">
				<FitnessMax value="2.61646"/>
				<FloatingPoint size="50">	1.84838	0.484982	3.61248	4.24266	2.57765	1.67507	0.591912	4.38741	4.50699	3.69741	2.41451	0.323395	3.6826	3.57459	3.49142	1.4216	0.443115	3.47655	4.38138	3.55573	1.12952	0.75842	3.55301	3.22802	2.55536	2.79768	3.47739	3.34484	5.51457	4.45552	2.35482	0.711651	3.72637	4.41925	3.58386	1.57122	0.195113	3.444	2.68749	3.52834	2.35706	0.781737	3.54769	5.51074	4.5627	1.694	0.622573	3.49416	3.47149	3.21223</FloatingPoint>
				<FloatingPoint size="20">	0.72268	0.831507	0.77003	0.150186	0.864331	0.905035	0.700201	0.946046	0.937295	0.9432	0.879036	0.592006	0.899427	0.81994	0.913635	0.758427	0.747371	0.945985	0.91202	0.990033</FloatingPoint>
			</Individual>
			<Individual size="2">
				<FitnessMax value="3.09174"/>
				<FloatingPoint size="50">	1.7276	0.624003	3.61473	1.96053	2.57979	1.67877	0.588443	4.37827	4.52518	3.60878	2.42321	0.413588	3.68029	3.5817	3.48497	1.45137	0.443181	3.47831	4.37907	3.63108	1.73303	0.789917	3.56025	3.74011	2.57831	2.78491	3.49192	3.29973	5.50266	4.42076	2.37182	0.712949	3.73101	4.44911	3.60909	1.56961	0.798143	3.67917	2.6889	3.51561	2.36176	0.475116	3.55585	5.50716	4.57882	1.69415	0.643936	3.56484	3.42205	3.59387</FloatingPoint>
				<FloatingPoint size="20">	0.72268	0.831507	0.770005	0.151507	0.864311	0.898446	0.700343	0.946081	0.937286	0.944977	0.896876	0.720372	0.898263	0.820146	0.913635	0.758427	0.725422	0.930336	0.831938	0.990032</FloatingPoint>
			</Individual>
			<Individual size="2">
				<FitnessMax value="3.38714"/>
				<FloatingPoint size="50">	1.5187	0.484753	3.61524	2.5578	2.57761	1.67488	0.589357	4.38227	4.50757	3.66386	2.41523	0.314476	3.68499	3.61918	3.49168	1.40462	0.443242	3.47688	4.37879	3.66708	1.13988	0.65232	3.56214	3.43925	2.57814	2.78465	3.47684	3.34406	5.47223	4.44792	2.36073	0.711399	3.72176	4.41683	3.58219	1.56595	0.209387	3.43046	2.68589	3.5685	2.42342	0.6831	3.56721	5.51212	4.12597	1.69219	0.616931	3.56044	3.4642	3.59196</FloatingPoint>
				<FloatingPoint size="20">	0.72268	0.831507	0.769999	0.151514	0.864197	0.896822	0.700265	0.946086	0.937477	0.944977	0.937438	0.817329	0.899502	0.820156	0.913635	0.758427	0.765603	0.950495	0.913158	0.990032</FloatingPoint>
			</Individual>
			<Individual size="2">
				<FitnessMax value="2.21392"/>
				<FloatingPoint size="50">	1.84887	0.475668	3.61514	2.48748	2.57948	1.67675	0.5884	4.37039	4.50749	3.66584	2.42545	0.412923	3.68768	3.58167	3.48485	1.41219	0.443325	3.47841	4.39482	3.51085	1.74054	0.774501	3.56286	4.05308	2.58764	2.78456	3.49168	3.28214	5.59895	4.42939	2.38146	0.709852	3.7275	4.46043	3.38512	1.57836	0.165301	3.43871	2.68951	3.51831	2.30683	0.4556	4.04031	5.49654	4.61262	1.6918	0.646278	3.56847	3.46473	3.60031</FloatingPoint>
				<FloatingPoint size="20">	0.72268	0.831507	0.770005	0.151507	0.677255	0.898446	0.767379	0.946081	0.937286	0.944977	0.896876	0.720372	0.898263	0.820146	0.913635	0.758427	0.725422	0.930336	0.9115	0.990032</FloatingPoint>
			</Individual>
			<Individual size="2">
				<FitnessMax value="3.38714"/>
				<FloatingPoint size="50">	1.8362	0.485133	3.61474	2.50903	2.57816	1.67521	0.589237	4.38175	4.50895	3.66143	2.42081	0.379877	3.69385	3.62722	3.48802	1.40481	0.44325	3.47718	4.38315	3.66361	1.24769	0.660678	3.5618	3.49407	2.58029	2.78477	3.48095	3.33746	5.50078	4.42837	2.36439	0.711313	3.72008	4.42276	3.56803	1.56627	0.259927	3.32677	2.68838	3.55415	2.41652	0.671185	3.56007	5.51096	4.34822	1.69209	0.627087	3.53462	3.47575	3.52668</FloatingPoint>
				<FloatingPoint size="20">	0.72268	0.831507	0.77003	0.150145	0.864196	0.906144	0.696412	0.946054	0.937236	0.944977	0.920471	0.546851	0.901061	0.820363	0.913635	0.758427	0.774846	0.929635	0.911873	0.990032</FloatingPoint>
			</Individual>
			<Individual size="2">
				<FitnessMax value="2.44197"/>
				<FloatingPoint size="50">	1.86413	0.48137	3.6078	2.55537	2.5773	1.67531	0.58875	4.38669	4.50702	3.66527	2.42824	0.296224	3.68111	3.58184	3.49236	1.40973	0.443226	3.47694	4.38246	3.67863	1.112	0.655807	3.56229	3.43944	2.57779	2.78459	3.47701	3.35282	5.49693	4.45462	2.35694	0.711477	3.72716	4.4175	3.56627	1.56599	0.208965	3.42964	2.68705	3.58566	2.43522	0.707167	3.56775	5.5105	4.2074	1.6955	0.58861	3.44051	3.46422	3.43713</FloatingPoint>
				<FloatingPoint size="20">	0.72268	0.831507	0.770016	0.150959	0.864527	0.929291	0.700484	0.946052	0.937082	0.944977	0.822238	0.374439	0.899966	0.82022	0.915965	0.268778	0.694094	0.952447	0.911924	0.990032</FloatingPoint>
			</Individual>
			<Individual size="2">
				<FitnessMax value="3.36454"/>
				<FloatingPoint size="50">	1.83715	0.496954	3.61103	2.57906	2.58027	1.67558	0.452416	4.38436	4.51112	3.66174	2.37691	0.43878	3.69086	3.5779	3.48719	1.39113	0.443188	3.47767	4.38426	3.58611	1.7225	0.744724	3.5594	3.52526	2.57315	2.78755	3.4815	3.31436	5.55634	4.42728	2.36243	0.712482	3.57669	4.4506	3.51524	1.56699	0.27809	3.43602	2.62891	3.51194	2.36917	0.519167	3.55033	5.51029	4.50001	1.69635	0.626626	3.5488	3.4557	3.60975</FloatingPoint>
				<FloatingPoint size="20">	0.72268	0.831507	0.77003	0.152384	0.864196	0.905976	0.706148	0.946054	0.937131	0.944977	0.96938	0.656468	0.903804	0.820349	0.913635	0.824348	0.729493	0.966307	0.91188	0.990033</FloatingPoint>
			</Individual>
			<Individual size="2">
				<FitnessMax value="3.39089"/>
				<FloatingPoint size="50">	1.86563	0.478126	3.61547	2.55521	2.5773	1.67534	0.587868	4.38659	4.50701	3.6651	2.42927	0.297425	3.68067	3.58182	3.49228	1.40958	0.443224	3.47695	4.3825	3.67728	1.11851	0.656861	3.56226	3.44091	2.57774	2.7846	3.47708	3.35232	5.49794	4.45434	2.35702	0.711463	3.72718	4.41465	3.56804	1.56594	0.209072	3.43001	2.68566	3.59307	2.43626	0.713033	3.56806	5.51051	4.10708	1.69657	0.556926	3.55958	3.46371	3.60472</FloatingPoint>
				<FloatingPoint size="20">	0.72268	0.831507	0.770015	0.151189	0.86472	0.906172	0.700206	0.946059	0.937084	0.944977	0.869549	0.305979	0.897956	0.820151	0.919064	0.758427	0.686725	0.9415	0.911925	0.990032</FloatingPoint>
			</Individual>
			<Individual size="2">
				<FitnessMax value="2.61646"/>
				<FloatingPoint size="50">	1.74188	0.608655	3.61481	4.70256	2.57955	1.67841	0.588456	4.37782	4.52322	3.61485	2.42491	0.401015	3.6809	3.58146	3.48504	1.44677	0.443186	3.47818	4.38021	3.62925	1.69848	0.787345	3.56011	3.73918	2.5782	2.78556	3.49061	3.30411	5.50347	4.42696	2.37086	0.713378	3.73117	4.44817	3.60089	1.56947	0.735034	3.65316	2.68853	3.52279	2.36531	0.496108	3.55543	5.50649	4.55503	1.694	0.633812	3.56419	3.4165	3.59146</FloatingPoint>
				<FloatingPoint size="20">	0.72268	0.831507	0.770005	0.15106	0.864311	0.903814	0.700343	0.946081	0.936939	0.944977	0.896876	0.221343	0.898219	0.820146	0.913635	0.758427	0.725422	0.947942	0.911917	0.990032</FloatingPoint>
			</Individual>
			<Individual size="2">
				<FitnessMax value="2.80542"/>
				<FloatingPoint size="50">	1.86585	0.479381	3.61547	2.55481	2.57737	1.67549	0.588183	4.38613	4.507	3.66534	2.42922	0.302615	3.68159	3.58083	3.49049	1.42067	0.443207	3.47716	4.38376	3.67171	1.25756	0.662375	3.56151	3.50746	2.57575	2.78914	3.47832	3.34724	5.52349	4.46282	2.35848	0.711163	3.72768	4.40975	3.54674	1.56741	0.335628	3.43131	2.66858	3.57076	2.41725	0.666638	3.56487	5.50819	4.2428	1.69656	0.552119	3.533	3.46311	3.60437</FloatingPoint>
				<FloatingPoint size="20">	0.72268	0.831507	0.77	0.150943	0.864715	0.903516	0.700906	0.946078	0.995618	0.944977	0.866743	0.34072	0.899081	0.820178	0.913635	0.758427	0.764696	0.946212	0.81864	0.990032</FloatingPoint>
			</Individual>
			<Individual size="2">
				<FitnessMax value="3.39089"/>
				<FloatingPoint size="50">	1.86409	0.478126	3.61547	2.55521	2.5773	1.67534	0.587868	4.38659	4.50701	3.6651	2.42927	0.297425	3.68067	3.58182	3.49228	1.40958	0.443224	3.47695	4.3825	3.67728	1.11851	0.656861	3.56226	3.44091	2.57774	2.7846	3.47708	3.35232	5.49794	4.45434	2.35702	0.711463	3.72718	4.41465	3.56804	1.56594	0.209072	3.43001	2.68566	3.59307	2.43626	0.713033	3.56806	5.51051	4.10708	1.69657	0.556926	3.55958	3.46371	3.60472</FloatingPoint>
				<FloatingPoint size="20">	0.72268	0.831507	0.770015	0.151189	0.86472	0.906172	0.700206	0.946059	0.937084	0.944977	0.869549	0.371759	0.897956	0.820151	0.919064	0.758427	0.686725	0.9415	0.911925	0.990032</FloatingPoint>
			</Individual>
			<Individual size="2">
				<FitnessMax value="3.37517"/>
				<FloatingPoint size="50">	1.84806	0.505073	3.61465	2.48249	2.57646	1.68451	0.546506	4.37576	4.50783	3.67636	2.39368	0.335287	3.68435	3.57852	3.48441	1.43169	0.443073	3.47837	4.39277	3.47508	1.80847	0.684837	3.55924	3.96864	2.56371	2.78308	3.4841	3.29962	5.51972	4.32344	2.36172	0.715163	3.72733	4.46814	3.51642	1.57528	0.239821	3.40474	2.68853	3.53041	2.53034	0.525645	3.5698	5.49866	4.58085	1.6971	0.631809	3.56067	3.46352	3.60173</FloatingPoint>
				<FloatingPoint size="20">	0.72268	0.831507	0.769996	0.14922	0.496721	0.906238	0.701754	0.946077	0.936939	0.944977	0.914302	0.600979	0.898196	0.820097	0.913635	0.758427	0.777573	0.942074	0.911909	0.990032</FloatingPoint>
			</Individual>
			<Individual size="2">
				<FitnessMax value="3.38714"/>
				<FloatingPoint size="50">	1.86807	0.568209	3.59196	2.55479	2.58124	1.67507	0.591912	4.38741	4.50699	3.69741	2.41451	0.323395	3.6826	3.57459	3.49142	1.4216	0.443115	3.47655	4.38138	3.55573	1.12952	0.75842	3.55301	3.22802	2.55536	2.79768	3.47739	3.34484	5.51457	4.45552	2.35482	0.711651	3.72637	4.41925	3.58386	1.57122	0.195113	3.444	2.68749	3.52834	2.35706	0.781737	3.54769	5.51074	4.5627	1.694	0.622573	3.49416	3.47149	3.21223</FloatingPoint>
				<FloatingPoint size="20">	0.72268	0.831507	0.77003	0.150186	0.864331	0.905035	0.700201	0.946046	0.937295	0.9432	0.879036	0.592006	0.899427	0.81994	0.913635	0.758427	0.747371	0.945985	0.91202	0.990033</FloatingPoint>
			</Individual>
			<Individual size="2">
				<FitnessMax value="2.23386"/>
				<FloatingPoint size="50">	1.86409	0.482783	3.61173	2.55435	2.5776	1.67531	0.587872	4.38549	4.50698	3.66616	2.42681	0.320762	3.68308	3.58001	3.48584	1.41985	0.443165	3.4776	4.38276	3.62162	1.54627	0.676769	3.44931	3.42712	2.56462	2.80192	3.47847	3.34934	5.24061	4.47948	2.35702	0.71018	3.72805	4.41212	3.54383	1.56711	0.340924	3.43243	2.65407	3.55847	2.383	0.639367	3.56097	5.50612	4.14042	1.6964	1.159	3.52114	3.46581	3.51515</FloatingPoint>
				<FloatingPoint size="20">	0.72268	0.831507	0.770021	0.151719	0.864431	0.903867	0.701206	0.946048	0.937138	0.944977	0.902656	0.757667	0.899462	0.820107	0.913635	0.758427	0.765132	0.950869	0.913072	0.990032</FloatingPoint>
			</Individual>
			<Individual size="2">
				<FitnessMax value="2.40281"/>
				<FloatingPoint size="50">	1.83034	0.490763	3.61456	2.57128	2.57773	1.6747	0.589377	4.38211	4.50774	3.66286	2.41233	0.373846	3.69196	3.62735	3.49089	1.40204	0.443249	3.4768	4.37849	3.66466	1.20898	0.651765	3.56207	3.43837	2.58026	2.78471	3.47679	3.34079	5.47201	4.42203	2.36431	0.711313	3.71915	4.42318	3.58741	1.56599	0.209649	3.43063	2.68841	3.55727	2.42092	0.672765	3.56622	5.51347	4.35186	1.6917	0.624475	3.56071	3.46453	3.27279</FloatingPoint>
				<FloatingPoint size="20">	0.72268	0.831507	0.770017	0.15027	0.864195	0.904784	0.702331	0.946072	0.936803	0.944977	0.940758	0.518565	0.898221	0.820197	0.913635	0.511178	0.76813	0.947441	0.911949	0.990033</FloatingPoint>
			</Individual>
			<Individual size="2">
				<FitnessMax value="3.47355"/>
				<FloatingPoint size="50">	1.83034	0.490763	3.61456	2.57128	2.57773	1.6747	0.589377	4.38211	4.50774	3.66286	2.41233	0.373846	3.69196	3.62735	3.49089	1.40204	0.443249	3.4768	4.37849	3.66466	1.20898	0.651765	3.56207	3.43837	2.58026	2.78471	3.47679	3.34079	5.47201	4.42203	2.36431	0.711313	3.71915	4.42318	3.58741	1.56599	0.209649	3.43063	2.68841	3.55727	2.42092	0.672765	3.56622	5.51347	4.35186	1.6917	0.624475	3.56071	3.46453	3.27279</FloatingPoint>
				<FloatingPoint size="20">	0.72268	0.831507	0.769999	0.151514	0.864197	0.896822	0.700265	0.946086	0.937477	0.944977	0.937438	0.28184	0.8988	0.819793	0.913635	0.758427	0.729493	0.966307	0.91188	0.990033</FloatingPoint>
			</Individual>
			<Individual size="2">
				<FitnessMax value="3.36794"/>
				<FloatingPoint size="50">	1.60678	0.481099	3.61535	2.20518	2.5784	1.67673	0.588412	4.37936	4.51445	3.61493	2.42528	0.393342	3.68086	3.58167	3.48906	1.42621	0.443195	3.47791	4.38148	3.65893	1.37169	0.760512	3.56177	3.73279	2.57795	2.78518	3.48615	3.31345	5.50005	4.43495	2.36455	0.713081	3.72967	4.42659	3.57414	1.56634	0.633847	3.43132	2.68648	3.54154	2.37336	0.577461	3.55786	5.5103	4.53433	1.69501	0.587309	3.56046	3.44144	3.60403</FloatingPoint>
				<FloatingPoint size="20">	0.72268	0.934328	0.770004	0.150238	0.864396	0.904234	0.703051	0.946067	0.937147	0.944977	0.867965	0.943237	0.898227	0.820062	0.916315	0.758427	0.659371	0.954374	0.911727	0.990032</FloatingPoint>
			</Individual>
			<Individual size="2">
				<FitnessMax value="3.36819"/>
				<FloatingPoint size="50">	1.84976	0.473046	3.61516	2.48474	2.57932	1.67672	0.588384	4.37198	4.50767	3.6642	2.42496	0.401212	3.68702	3.58149	3.48528	1.41471	0.44331	3.47831	4.39322	3.52861	1.70262	0.763004	3.55944	3.99726	2.586	4.61131	3.49047	3.28848	5.58905	4.433	2.37913	0.710137	3.72767	4.46551	3.40555	1.57716	0.204375	3.4423	2.6886	3.52286	2.31802	0.473841	3.98222	5.49781	4.58789	1.69228	0.635646	3.56436	3.46244	3.60027</FloatingPoint>
				<FloatingPoint size="20">	0.72268	0.831507	0.769978	0.15074	0.864207	0.902371	0.703867	0.946075	0.937344	0.944977	0.867658	0.456184	0.89828	0.819931	0.913637	0.758427	0.638664	0.956393	0.911065	0.990032</FloatingPoint>
			</Individual>
			<Individual size="2">
				<FitnessMax value="3.38714"/>
				<FloatingPoint size="50">	1.77812	0.496352	3.6077	2.52224	2.57989	1.67725	0.345425	4.71523	4.51147	3.67137	2.37595	0.385919	3.68551	3.57484	3.48394	1.4418	0.442853	3.47787	4.39037	3.52975	1.7825	0.675866	3.56298	3.54027	2.55478	2.78963	3.48187	3.30812	5.5728	4.42702	2.36161	0.713146	3.72626	4.46501	3.50069	1.56938	0.210409	3.42398	2.68495	3.47505	2.4015	0.523455	3.55722	5.5024	4.57762	1.69878	0.575292	3.50421	3.4544	3.60564</FloatingPoint>
				<FloatingPoint size="20">	0.72268	0.831507	0.77003	0.15203	0.864417	0.904869	0.705049	0.94606	0.937122	0.944977	0.884029	0.523867	0.901693	0.820255	0.913635	0.758427	0.751968	0.950385	0.911371	0.990032</FloatingPoint>
			</Individual>
			<Individual size="2">
				<FitnessMax value="2.59854"/>
				<FloatingPoint size="50">	1.86612	0.498806	3.61455	2.48963	2.57654	1.68291	0.563319	4.3761	4.50788	3.67	2.41467	0.345363	3.6825	3.57916	3.48512	1.43532	0.443085	3.47817	4.38364	3.57499	1.45497	0.684546	3.55294	3.55797	2.56584	2.78948	3.48249	3.33742	5.50007	4.37456	2.36161	0.712751	3.7244	4.44269	3.54326	1.56793	0.252336	3.40523	2.68601	3.53161	2.46954	0.635431	3.56768	5.50521	4.49791	1.69675	0.603311	3.55954	3.4616	3.60116</FloatingPoint>
				<FloatingPoint size="20">	0.72268	0.831507	0.769996	0.14922	0.496721	0.906238	0.701754	0.946077	0.936939	0.944977	0.914302	0.600979	0.898196	0.162548	0.913635	0.758427	0.777573	0.942074	0.911909	0.990032</FloatingPoint>
			</Individual>
			<Individual size="2">
				<FitnessMax value="3.38714"/>
				<FloatingPoint size="50">	1.86122	0.480778	3.61476	2.44894	2.57858	1.67664	0.588651	4.377	4.51059	3.66038	2.42279	0.403241	3.70189	3.59082	3.48588	1.40533	0.443258	3.47749	4.39194	3.65863	1.34721	0.686514	3.56062	3.60357	2.58099	2.78484	3.48827	3.30643	5.55531	4.42315	2.3671	0.711264	3.72176	4.41111	3.55044	1.5744	0.429794	3.28105	2.68841	3.5243	2.41265	0.643489	3.54824	5.50658	4.36303	1.69211	0.633713	3.56251	3.49644	3.55053</FloatingPoint>
				<FloatingPoint size="20">	0.72268	0.831507	0.770029	0.147906	0.864195	0.906312	0.700265	0.946053	0.937342	0.944977	0.871561	0.437234	0.898318	0.820376	0.913635	0.758427	0.781713	0.909514	0.911825	0.990032</FloatingPoint>
			</Individual>
			<Individual size="2">
				<FitnessMax value="3.37107"/>
				<FloatingPoint size="50">	1.86416	0.478126	3.61547	2.55521	2.5773	1.67534	0.587868	4.38659	4.50701	3.6651	2.39382	0.297425	3.68067	3.58182	3.49228	1.40958	0.443224	3.47695	4.3825	3.67728	1.11851	0.656861	3.56226	3.44091	2.57774	2.7846	3.47708	3.55637	5.49794	4.45434	2.35702	0.711463	3.72718	4.41465	3.56804	1.56594	0.209072	3.43001	2.68566	3.59307	2.43626	0.713033	3.56806	5.51051	4.10708	1.69657	0.556926	3.55958	3.46371	3.60472</FloatingPoint>
				<FloatingPoint size="20">	0.72268	0.831507	0.770015	0.151189	0.864205	0.906172	0.701067	0.946059	0.464943	0.944977	0.869549	0.371759	0.897956	0.820151	0.913635	0.758427	0.686725	0.9415	0.911925	0.990032</FloatingPoint>
			</Individual>
			<Individual size="2">
				<FitnessMax value="3.38714"/>
				<FloatingPoint size="50">	1.86416	0.484614	3.61551	2.55553	2.57731	1.67527	0.589633	4.38679	4.50702	3.66544	2.22324	0.295022	3.68155	3.58186	3.49243	1.40987	0.443227	3.47693	4.38241	3.67998	1.10549	0.654752	3.56232	3.43797	2.57784	2.78459	3.47695	3.35332	5.49592	4.45491	2.35686	0.71149	3.72717	4.41389	3.56982	1.56585	0.208712	3.42979	2.68861	3.59436	2.43763	0.717483	3.56839	5.51072	4.30342	1.69386	0.628708	3.2841	3.46489	3.21714</FloatingPoint>
				<FloatingPoint size="20">	0.72268	0.831507	0.770015	0.151189	0.864205	0.906172	0.701067	0.946059	0.937084	0.944977	0.869549	0.371759	0.897956	0.820151	0.913635	0.758427	0.686725	0.9415	0.911925	0.990032</FloatingPoint>
			</Individual>
			<Individual size="2">
				<FitnessMax value="3.38714"/>
				<FloatingPoint size="50">	1.83981	0.466288	3.61362	2.5717	2.57984	1.67655	0.463799	4.38227	4.51209	3.66634	2.41155	0.397008	3.70144	3.57768	3.48523	1.39324	0.443158	3.47775	4.39121	3.61177	1.64616	0.691512	3.55825	3.66449	2.5545	2.79291	3.48692	3.30581	5.63448	4.42435	2.36295	0.712419	3.7243	4.44013	3.51437	1.5731	0.365989	3.28816	2.68802	3.55661	2.34784	0.608671	3.54848	5.50648	4.56476	1.69487	0.595698	3.48377	3.46152	3.5571</FloatingPoint>
				<FloatingPoint size="20">	0.72268	0.831507	0.770029	0.147906	0.864195	0.906312	0.700265	0.946053	0.937342	0.944977	0.871561	0.437234	0.898318	0.820376	0.913635	0.758427	0.781713	0.909514	0.911825	0.990032</FloatingPoint>
			</Individual>
			<Individual size="2">
				<FitnessMax value="3.38714"/>
				<FloatingPoint size="50">	1.83034	0.490763	3.61456	2.57128	2.57773	1.6747	0.589377	4.38211	4.50774	3.66286	2.41233	0.373846	3.69196	3.62735	3.49089	1.40204	0.443249	3.4768	4.37849	3.66466	1.20898	0.651765	3.56207	3.43837	2.58026	2.78471	3.47679	3.34079	5.47201	4.42203	2.36431	0.711313	3.71915	4.42318	3.58741	1.56599	0.209649	3.43063	2.68841	3.55727	2.42092	0.672765	3.56622	5.51347	4.35186	1.69195	0.624958	3.52912	3.46457	3.26644</FloatingPoint>
				<FloatingPoint size="20">	0.72268	0.831507	0.769999	0.151514	0.864197	0.896822	0.700265	0.946086	0.937477	0.944977	0.937438	0.28184	0.8988	0.819793	0.913635	0.758427	0.729493	0.966307	0.91188	0.990033</FloatingPoint>
			</Individual>
			<Individual size="2">
				<FitnessMax value="3.17537"/>
				<FloatingPoint size="50">	1.86058	0.481049	3.61546	2.55401	2.57758	1.67546	0.588564	4.38152	4.50692	3.66528	2.43902	0.296477	3.68595	3.57946	3.48558	1.40855	0.443232	3.47712	4.38976	3.61398	1.41121	0.765964	3.55894	3.73147	2.57731	2.79099	3.47969	3.34058	5.51017	4.47853	2.36281	0.709805	3.73257	4.44036	3.53272	1.56824	0.210309	3.43691	2.68542	3.5825	2.39486	0.670645	6.30767	5.50096	4.35724	1.69278	0.549634	3.55881	3.46265	3.57138</FloatingPoint>
				<FloatingPoint size="20">	0.722359	0.882854	0.77001	0.15068	0.864558	0.904027	0.702395	0.946068	0.937094	0.944977	0.522418	0.625598	0.897929	0.814834	0.824837	0.758427	0.656473	0.944483	0.911881	0.990032</FloatingPoint>
			</Individual>
			<Individual size="2">
				<FitnessMax value="3.38714"/>
				<FloatingPoint size="50">	1.74188	0.487067	3.61481	2.02424	2.57955	1.67841	0.588456	4.37782	4.52322	3.61485	2.42491	0.401015	3.6809	3.58146	3.48504	1.44677	0.443186	3.47818	4.38021	3.62925	1.69848	0.787345	3.56011	3.73918	2.5782	2.78556	3.49061	3.30411	5.50347	4.42696	2.37086	0.713378	3.73117	4.44817	3.60089	1.56947	0.735034	3.44173	2.68853	3.52279	2.36531	0.496108	3.55543	5.50649	4.55503	1.69037	0.633812	3.56419	3.4165	3.59146</FloatingPoint>
				<FloatingPoint size="20">	0.72268	0.831507	0.770006	0.151027	0.864372	0.898918	0.701354	0.946077	0.936939	0.944977	0.886172	0.565605	0.898204	0.820101	0.913635	0.758427	0.846742	0.933194	0.91192	0.990032</FloatingPoint>
			</Individual>
			<Individual size="2">
				<FitnessMax value="3.3732"/>
				<FloatingPoint size="50">	1.86883	0.476015	3.61508	2.46636	2.57928	1.67672	0.588347	4.37391	4.51234	3.6564	2.42484	0.402605	3.69781	3.58147	3.48515	1.41155	0.443311	3.47827	4.3938	3.5501	1.70245	0.772341	3.55945	3.89429	2.69258	2.78575	3.49065	3.29614	5.58281	4.43292	2.37543	0.710634	3.72852	4.4103	3.42631	1.5767	0.347926	3.35728	2.68858	3.48296	2.33454	0.476465	3.76462	5.49903	4.57559	1.69298	0.634695	3.5674	3.48664	3.6013</FloatingPoint>
				<FloatingPoint size="20">	0.72268	0.831507	0.769978	0.14916	0.864207	0.902371	0.703867	0.946075	0.937344	0.944977	0.867658	0.456184	0.89828	0.819931	0.913637	0.758427	0.638664	0.956393	0.1195	0.990032</FloatingPoint>
			</Individual>
			<Individual size="2">
				<FitnessMax value="3.37107"/>
				<FloatingPoint size="50">	1.86416	0.478126	3.61547	2.55521	2.5773	1.67534	0.587868	4.38659	4.50701	3.6651	2.39382	0.297425	3.68067	3.58182	3.49228	1.40958	0.443224	3.47695	4.3825	3.67728	1.11851	0.656861	3.56226	3.44091	2.57774	2.7846	3.47708	3.55637	5.49794	4.45434	2.35702	0.711463	3.72718	4.41465	3.56804	1.56594	0.209072	3.43001	2.68566	3.59307	2.43626	0.713033	3.56806	5.51051	4.10708	1.69657	0.556926	3.55958	3.46371	3.60472</FloatingPoint>
				<FloatingPoint size="20">	0.72268	0.831507	0.77001	0.151108	0.864288	0.902545	0.70121	0.946068	0.700941	0.944977	0.877861	0.468682	0.89808	0.820126	0.913635	0.758427	0.766733	0.937347	0.911922	0.990032</FloatingPoint>
			</Individual>
			<Individual size="2">
				<FitnessMax value="3.18107"/>
				<FloatingPoint size="50">	1.79855	0.484538	3.61	2.55354	2.57764	1.67556	0.589451	4.38548	4.50696	3.66618	2.42802	0.320137	3.68418	3.57798	3.48635	1.42303	0.443148	3.47763	4.38663	3.65808	1.2587	0.681053	3.55895	3.53673	2.56917	2.79769	3.48154	3.33664	5.55016	4.48127	2.36307	0.711268	3.24158	4.40966	3.47532	1.57006	0.510823	3.4346	2.61066	3.49765	2.34986	0.502983	3.55523	5.50703	4.62139	1.69587	0.537041	3.36476	3.46177	3.53984</FloatingPoint>
				<FloatingPoint size="20">	0.72268	0.831507	0.77	0.023473	0.864715	0.903516	0.700906	0.946078	0.937041	0.944977	0.803849	0.458205	0.897813	0.820105	0.913635	0.758427	0.712202	0.95103	0.91191	0.990032</FloatingPoint>
			</Individual>
			<Individual size="2">
				<FitnessMax value="3.38714"/>
				<FloatingPoint size="50">	1.86055	0.531429	3.61242	2.60178	2.58071	1.68034	0.591325	4.3859	4.50276	3.36302	2.35413	0.460276	3.68398	3.57266	3.48409	1.36038	0.443204	3.47717	4.38241	3.67998	1.7008	0.631732	3.56232	3.43797	2.11093	2.78567	3.47695	3.35332	5.77482	4.36204	2.36048	0.711491	3.72717	4.44877	3.39358	1.56585	0.208712	3.42415	2.68861	3.43535	2.3124	0.475426	3.54823	5.50691	4.58721	1.69386	0.628708	3.55868	3.46053	3.67059</FloatingPoint>
				<FloatingPoint size="20">	0.72268	0.831507	0.770029	0.152455	0.864195	0.906209	0.706174	0.946054	0.937113	0.944977	0.97085	0.265168	0.89768	0.820353	0.913635	0.758427	0.721484	0.944424	0.911913	0.990032</FloatingPoint>
			</Individual>
			<Individual size="2">
				<FitnessMax value="3.08468"/>
				<FloatingPoint size="50">	1.86055	0.479452	3.61541	2.4509	2.57775	1.67554	0.589502	4.38642	4.50942	3.64976	2.42659	0.350406	3.68097	3.58175	3.49022	1.43197	0.443192	3.47754	4.38211	3.66118	1.41829	0.684353	3.56059	4.28262	2.57817	2.78514	3.48238	3.35208	5.49977	4.43896	2.36053	0.713048	3.72893	4.41763	3.58935	1.5682	0.311398	3.54533	2.68744	3.54733	2.38002	0.571824	3.56622	5.50777	4.32171	1.69546	0.633381	3.56066	3.41898	3.50802</FloatingPoint>
				<FloatingPoint size="20">	0.72268	0.831507	0.171129	0.151507	0.864311	0.898446	0.700343	0.946081	0.937286	0.944977	0.896876	0.720372	0.898263	0.820146	0.913635	0.758427	0.725422	0.930336	0.9115	0.990032</FloatingPoint>
			</Individual>
			<Individual size="2">
				<FitnessMax value="3.38714"/>
				<FloatingPoint size="50">	1.87063	0.484577	3.60815	2.55391	2.57762	1.67543	0.589557	4.38588	4.50698	3.66617	2.42765	0.315335	3.6823	3.5803	3.48951	1.41345	0.443148	3.47763	4.38364	3.66026	1.19485	0.665203	3.55968	3.49933	2.56952	2.79561	3.47783	3.35038	5.52174	4.46885	2.36139	0.711446	3.72812	4.4098	3.49296	1.56819	0.436132	3.42983	2.62849	3.5039	2.35192	0.504979	3.5586	5.50853	4.44102	1.69389	0.603054	3.33276	3.46202	3.40442</FloatingPoint>
				<FloatingPoint size="20">	0.72268	0.831507	0.770013	0.151035	0.864793	0.898855	0.70079	0.946082	0.936933	0.944977	0.84104	0.367814	0.898245	0.820105	0.913635	0.758427	0.764618	0.956369	0.911924	0.990032</FloatingPoint>
			</Individual>
			<Individual size="2">
				<FitnessMax value="3.47355"/>
				<FloatingPoint size="50">	1.14476	0.519021	3.6027	2.41371	2.57582	1.6846	0.435589	4.39582	4.50788	3.67694	2.36743	0.220787	3.68336	3.57517	3.48353	1.4475	0.442699	3.4785	4.39238	3.44686	1.84477	0.666504	3.55891	3.4443	2.5599	2.78119	3.47722	3.32942	5.46067	4.26493	2.35471	0.719403	3.7267	4.469	3.5987	1.5658	0.252134	3.39801	2.68838	3.53758	2.58252	0.533538	3.57345	5.49942	4.56711	1.7052	0.556214	3.55928	3.46397	3.60455</FloatingPoint>
				<FloatingPoint size="20">	0.72268	0.831507	0.770021	0.15005	0.864195	0.906191	0.702696	0.946069	0.936685	0.944977	0.941344	0.560371	0.898119	0.820268	0.913635	0.758427	0.774954	0.944109	0.911962	0.990032</FloatingPoint>
			</Individual>
			<Individual size="2">
				<FitnessMax value="2.94032"/>
				<FloatingPoint size="50">	1.86612	0.523704	3.60349	2.50002	2.57907	1.67588	0.590131	4.38178	4.512	3.67248	2.41962	0.362311	3.69572	3.57803	3.48829	1.41494	0.443211	3.47739	4.38769	3.56539	1.41496	0.768958	3.55625	1.34267	2.56854	0.730004	3.48394	3.3244	5.54433	4.44412	2.36309	0.711408	3.72786	4.43975	3.51745	1.57389	0.339272	3.44289	2.68803	3.52557	2.35539	0.631589	3.54701	5.50565	4.55939	1.69384	0.628225	3.52926	3.49001	3.40339</FloatingPoint>
				<FloatingPoint size="20">	0.72268	0.831507	0.770017	0.151209	0.864288	0.902178	0.70251	0.946068	0.937235	0.944977	0.884508	0.481954	0.899927	0.820238	0.913635	0.758427	0.6259	0.93868	0.911647	0.990032</FloatingPoint>
			</Individual>
			<Individual size="2">
				<FitnessMax value="3.38714"/>
				<FloatingPoint size="50">	1.86416	0.484614	3.61551	2.55553	2.57731	1.67527	0.589633	4.38679	4.50702	3.66544	2.22324	0.295022	3.68155	3.58186	3.49243	1.40987	0.443227	3.47693	4.38241	3.67998	1.10549	0.654752	3.56232	3.43797	2.57784	2.78459	3.47695	3.35332	5.49592	4.45491	2.35686	0.71149	3.72717	4.41389	3.56982	1.56585	0.208712	3.42979	2.68861	3.59436	2.43763	0.717483	3.56839	5.51072	4.30342	1.69386	0.628708	3.2841	3.46489	3.21714</FloatingPoint>
				<FloatingPoint size="20">	0.72268	0.831507	0.770015	0.151189	0.864205	0.906172	0.701067	0.946059	0.937084	0.944977	0.869549	0.371759	0.897956	0.820151	0.913635	0.758427	0.686725	0.9415	0.911925	0.990032</FloatingPoint>
			</Individual>
			<Individual size="2">
				<FitnessMax value="3.38714"/>
				<FloatingPoint size="50">	1.86416	0.484614	3.61425	2.55553	2.57731	1.67527	0.589633	4.38679	4.50702	3.66544	2.42721	0.295022	3.68155	3.58186	3.49243	1.40987	0.443227	3.21067	4.38241	3.67998	1.10549	0.654752	3.56232	3.43797	2.09427	2.78459	3.47695	3.35332	5.49592	4.45491	2.35686	0.71149	3.72717	4.41389	3.56982	1.56585	0.208712	3.42979	2.68861	3.59436	2.43763	0.717483	3.56839	5.51072	4.30342	1.69386	0.628708	3.2841	3.46489	3.21714</FloatingPoint>
				<FloatingPoint size="20">	0.72268	0.831507	0.770036	0.14722	0.864202	0.906389	0.700176	0.946042	0.937412	0.944977	0.878556	0.222187	0.89891	0.819791	0.913635	0.758427	0.722996	0.944366	0.916158	0.990033</FloatingPoint>
			</Individual>
			<Individual size="2">
				<FitnessMax value="3.47355"/>
				<FloatingPoint size="50">	1.86416	0.484614	3.61551	2.55553	2.57731	1.67527	0.589633	4.38679	4.50702	3.66544	2.42721	0.295022	3.68155	3.58186	3.49243	1.40987	0.443227	3.47693	4.38241	3.67998	1.10549	0.654752	3.56232	3.43797	2.57784	2.78459	3.47695	3.35332	5.49592	4.45491	2.35686	0.71149	3.72717	4.41389	3.56982	1.56585	0.208712	3.42979	2.68861	3.59436	2.43763	0.717483	3.56839	5.51072	4.30342	1.69386	0.628708	3.2841	3.46489	3.21714</FloatingPoint>
				<FloatingPoint size="20">	0.72268	0.831507	0.770004	0.151256	0.864196	0.90658	0.700265	0.946065	0.93702	0.944977	0.947532	0.21204	0.898129	0.820122	0.913635	0.758427	0.792606	0.938597	0.911979	0.990032</FloatingPoint>
			</Individual>
			<Individual size="2">
				<FitnessMax value="3.30817"/>
				<FloatingPoint size="50">	1.83393	0.510344	3.61531	2.42416	2.57785	1.6761	0.588013	4.38442	4.51101	3.65269	2.42819	0.322994	3.68073	3.58173	3.4905	1.41876	0.443215	3.47725	4.38194	3.66543	1.26166	0.689068	3.56173	3.51453	2.57785	2.78484	3.48042	3.34042	5.4993	4.44758	2.36044	0.711936	3.72817	4.42292	3.57615	1.56681	0.338892	3.48509	2.68636	3.57573	2.41875	0.65949	3.56494	3.26036	4.21765	1.69594	0.575904	3.56072	3.45206	3.60144</FloatingPoint>
				<FloatingPoint size="20">	0.72268	0.831507	0.770005	0.151507	0.864311	0.898446	0.700343	0.946081	0.937286	0.944977	0.896876	0.720372	0.898263	0.820146	0.913635	0.758427	0.725422	0.930336	0.9115	0.990032</FloatingPoint>
			</Individual>
			<Individual size="2">
				<FitnessMax value="3.39089"/>
				<FloatingPoint size="50">	1.86413	0.48137	3.6078	2.55537	2.5773	1.67531	0.58875	4.38669	4.50702	3.66527	2.42824	0.296224	3.68111	3.58184	3.49236	1.40973	0.443226	3.47694	4.38246	3.67863	1.112	0.655807	3.56229	3.43944	2.57779	2.78459	3.47701	3.35282	5.49693	4.45462	2.35694	0.711477	3.72716	4.4175	3.56627	1.56599	0.208965	3.42964	2.68705	3.58566	2.43522	0.707167	3.56775	5.5105	4.2074	1.6955	0.58861	3.44051	3.46422	3.43713</FloatingPoint>
				<FloatingPoint size="20">	0.72268	0.831507	0.770015	0.151189	0.86472	0.906172	0.700206	0.946059	0.937084	0.944977	0.766553	0.371759	0.897956	0.820151	0.919064	0.758427	0.686725	0.9415	0.911925	0.990032</FloatingPoint>
			</Individual>
			<Individual size="2">
				<FitnessMax value="3.38714"/>
				<FloatingPoint size="50">	1.49693	0.493903	3.61341	2.53389	2.57774	1.67716	0.56425	4.38822	4.51092	3.66411	2.42888	0.353148	3.68229	3.5778	3.49071	1.43887	0.443127	3.47712	4.38863	3.64368	1.50758	0.677618	3.54996	3.46941	2.56901	2.79151	3.48374	3.34751	5.5099	4.44607	2.35799	0.71177	3.72732	4.45107	3.56678	1.5674	0.363855	3.43005	2.68539	3.55165	2.38409	0.658222	3.56021	5.5059	4.5521	1.69683	0.559209	3.5338	3.45257	3.60371</FloatingPoint>
				<FloatingPoint size="20">	0.72268	0.831507	0.770023	0.151564	0.864471	0.906576	0.703267	0.946055	0.937062	0.944977	0.83874	0.272522	0.897663	0.820187	0.913698	0.758427	0.695694	0.940619	0.911925	0.990032</FloatingPoint>
			</Individual>
			<Individual size="2">
				<FitnessMax value="3.47355"/>
				<FloatingPoint size="50">	1.86055	0.463826	3.61551	2.61982	2.58087	1.67621	0.586748	4.36742	4.50687	3.66544	2.44228	0.318112	3.68874	3.57477	3.48504	1.37849	0.44332	3.47845	4.39381	3.58444	1.70281	0.847853	3.55898	3.9401	2.58584	2.78781	3.47709	3.2923	5.82717	4.51493	2.36164	0.707638	3.73459	4.46811	3.3936	1.56716	0.20414	3.45234	2.68866	3.58034	2.34054	0.477687	3.54583	5.49743	4.58733	1.68919	0.62772	3.55849	3.46093	3.58409</FloatingPoint>
				<FloatingPoint size="20">	0.72268	0.831507	0.770028	0.152646	0.864192	0.906616	0.703408	0.94605	0.93687	0.944977	0.776944	0.251511	0.897646	0.820349	0.913635	0.758427	0.737626	0.938428	0.911929	0.990033</FloatingPoint>
			</Individual>
			<Individual size="2">
				<FitnessMax value="3.37107"/>
				<FloatingPoint size="50">	1.86563	0.478126	3.61547	2.55521	2.5773	1.67534	0.587868	4.38659	4.50701	3.6651	2.42927	0.297425	3.68067	3.58182	3.49228	1.40958	0.443224	3.47695	4.3825	3.67728	1.11851	0.656861	3.56226	3.44091	2.57774	2.7846	3.47708	3.35232	5.49794	4.45434	2.35702	0.711463	3.72718	4.41465	3.56804	1.56594	0.209072	3.43001	2.68566	3.59307	2.43626	0.713033	3.56806	5.51051	4.10708	1.69657	0.556926	3.55958	3.46371	3.60472</FloatingPoint>
				<FloatingPoint size="20">	0.722289	0.831507	0.770015	0.151189	0.864345	0.906172	0.700865	0.946059	0.579044	0.944977	0.831065	0.341581	0.897956	0.820151	0.914921	0.758427	0.686725	0.9415	0.911925	0.990032</FloatingPoint>
			</Individual>
			<Individual size="2">
				<FitnessMax value="3.38714"/>
				<FloatingPoint size="50">	1.83715	0.451378	3.61332	2.58859	2.58041	1.67652	0.245011	4.38388	4.51288	3.63633	2.3762	0.380187	3.68456	3.57108	3.48435	1.38833	0.443102	3.47776	4.38994	3.55187	1.75527	0.773805	3.55815	3.71259	2.5541	2.79678	3.48213	3.30551	5.64194	4.44401	2.36187	0.712702	3.72637	4.46093	3.49758	1.56898	0.210411	3.43684	2.6156	3.55838	2.3478	0.502298	3.54935	5.50272	4.58412	1.6964	0.582113	3.419	3.44012	3.61316</FloatingPoint>
				<FloatingPoint size="20">	0.719957	0.831507	0.77001	0.151757	0.864195	0.905622	0.704207	0.946054	0.937051	0.944977	0.803849	0.458205	0.897813	0.820105	0.913635	0.758427	0.712202	0.95103	0.91191	0.990032</FloatingPoint>
			</Individual>
			<Individual size="2">
				<FitnessMax value="3.22685"/>
				<FloatingPoint size="50">	1.86122	0.480778	3.61476	2.44894	2.57858	1.67664	2.8825	4.377	4.51059	3.66038	2.42279	0.403241	3.70189	3.59082	3.48588	1.40533	0.443258	3.47749	4.39194	3.65863	1.34721	0.67798	3.56089	3.57777	2.57855	2.78497	3.48651	3.31374	5.58951	4.41363	2.36607	0.711299	3.72261	4.41697	3.52601	1.57306	0.395353	3.30334	2.68844	3.51045	2.39704	0.617307	3.54824	5.50663	4.39795	1.69239	0.632933	3.56191	3.49085	3.56923</FloatingPoint>
				<FloatingPoint size="20">	0.72268	0.831507	0.770029	0.152455	0.864195	0.906209	0.706174	0.946054	0.937113	0.944977	0.97085	0.265168	0.89768	0.820353	0.913635	0.758427	0.721484	0.944424	0.911913	0.990032</FloatingPoint>
			</Individual>
			<Individual size="2">
				<FitnessMax value="3.37866"/>
				<FloatingPoint size="50">	1.87211	0.483843	3.61547	2.55336	2.57764	1.67603	0.589303	4.3845	4.50694	3.66619	2.42903	0.321076	3.68484	3.57729	3.4841	1.46012	0.443147	3.47789	4.38823	3.65187	1.75213	0.681988	3.55882	3.74415	2.56869	2.80528	3.48272	3.32916	5.61438	4.493	2.36366	0.710095	3.72945	4.39234	3.47097	1.57262	0.785746	3.43594	2.60783	3.49138	2.34967	0.501627	3.55351	5.49994	4.72549	1.69652	0.535018	3.43844	3.46098	3.60313</FloatingPoint>
				<FloatingPoint size="20">	0.72268	0.831507	0.77	0.150943	0.864715	0.903516	0.700906	0.946078	0.918656	0.944977	0.866743	0.34072	0.899081	0.820178	0.913635	0.758427	0.764696	0.946212	0.81864	0.990032</FloatingPoint>
			</Individual>
			<Individual size="2">
				<FitnessMax value="2.9523"/>
				<FloatingPoint size="50">	1.86416	0.484614	3.61551	2.55553	2.57731	1.67527	0.589633	4.38679	4.50702	3.66544	2.22324	0.295022	3.68155	3.58186	3.49243	1.40987	0.443227	3.47693	4.38241	3.67998	1.10549	0.654752	3.56232	0.502469	2.57784	2.78459	3.47695	3.35332	5.49592	4.45491	2.35686	0.71149	3.72717	4.41389	3.56982	1.56585	0.208712	3.42979	2.68861	3.59436	2.43763	0.717483	3.56839	5.51072	4.30342	1.69386	0.628708	3.2841	3.46489	3.21714</FloatingPoint>
				<FloatingPoint size="20">	0.72268	0.831507	0.770015	0.151189	0.864205	0.906172	0.701067	0.946059	0.937084	0.944977	0.869549	0.371759	0.897956	0.820151	0.913635	0.758427	0.686725	0.9415	0.911925	0.990032</FloatingPoint>
			</Individual>
			<Individual size="2">
				<FitnessMax value="3.32548"/>
				<FloatingPoint size="50">	1.86416	0.568875	3.6152	2.21558	2.57819	1.67816	0.58853	4.38526	4.52125	3.6558	2.35024	0.325047	3.6815	3.5817	3.48508	1.42834	0.443197	3.47748	4.38122	3.65242	1.2029	0.736124	3.56028	3.56682	2.57808	2.78541	3.47861	3.32761	5.5024	4.4286	2.36357	0.712313	3.73013	4.41482	3.59455	1.56632	0.706745	3.62164	2.6886	3.58184	2.41364	0.626515	3.55684	5.50896	4.35051	1.69388	0.629139	3.41266	3.44343	3.41972</FloatingPoint>
				<FloatingPoint size="20">	0.72268	0.831507	0.770012	0.151577	0.864297	0.902123	0.702867	0.946062	0.937152	0.944977	0.906407	0.710141	0.900463	0.820186	0.62173	0.758427	0.760794	0.939489	0.911525	0.990032</FloatingPoint>
			</Individual>
			<Individual size="2">
				<FitnessMax value="3.18156"/>
				<FloatingPoint size="50">	1.86612	0.453759	3.61356	2.53374	2.58013	1.67668	0.448298	4.37685	4.51586	3.63792	2.40107	0.386918	3.70368	3.58128	3.48471	1.39217	0.443296	3.47817	4.39321	3.57142	1.71337	0.78024	3.55828	3.74962	2.57078	2.78904	3.48592	3.30473	5.59753	4.43649	2.3697	0.712515	3.7276	4.45419	3.47187	1.57024	0.412676	3.28595	2.63742	3.49415	5.61133	0.497925	3.54871	5.50027	4.57983	1.69435	0.592372	3.528	3.44882	3.61246</FloatingPoint>
				<FloatingPoint size="20">	0.719957	0.831507	0.77001	0.151757	0.864195	0.905622	0.704207	0.946054	0.937051	0.944977	0.803849	0.458205	0.897813	0.820105	0.913635	0.758427	0.712202	0.95103	0.91191	0.990032</FloatingPoint>
			</Individual>
			<Individual size="2">
				<FitnessMax value="3.38714"/>
				<FloatingPoint size="50">	1.8362	0.847548	3.61206	2.59507	2.58057	1.68042	0.348225	4.38438	4.50567	3.74987	2.37405	0.49206	3.68445	3.5718	3.4845	1.61927	0.443105	3.47775	4.3837	3.26498	1.76216	0.663753	3.55791	3.49039	2.56602	2.7856	3.48258	3.30106	5.70726	4.6063	2.35634	0.712299	3.72556	4.2903	3.49148	1.5793	0.210127	3.43646	2.6652	3.5902	2.34824	0.710478	3.5533	5.50106	4.57565	1.69404	0.368438	3.41803	3.44208	3.6342</FloatingPoint>
				<FloatingPoint size="20">	0.72268	0.831507	0.769999	0.150321	0.864196	0.906385	0.70293	0.946068	0.937115	0.944977	0.859744	0.238874	0.89794	0.819887	0.913635	0.758427	0.755566	0.941215	0.911859	0.990032</FloatingPoint>
			</Individual>
			<Individual size="2">
				<FitnessMax value="3.38714"/>
				<FloatingPoint size="50">	1.5187	0.484753	3.61524	2.5578	2.57761	1.67488	0.589357	4.38227	4.50757	3.66386	2.41523	0.314476	3.68499	3.61918	3.49168	1.40462	0.443242	3.47688	4.37879	3.66708	1.13988	0.65232	3.56214	3.43925	2.57814	2.78465	3.47684	3.34406	5.47223	4.44792	2.36073	0.711399	3.72176	4.41683	3.58219	1.56595	0.209387	3.43046	2.68589	3.5685	2.42342	0.6831	3.56721	5.51212	4.12597	1.69219	0.616931	3.56044	3.4642	3.59196</FloatingPoint>
				<FloatingPoint size="20">	0.72268	0.831507	0.770009	0.151757	0.864195	0.90442	0.704149	0.946052	0.937051	0.944977	0.896115	0.458205	0.897801	0.820105	0.913635	0.758427	0.712202	0.95103	0.91191	0.990032</FloatingPoint>
			</Individual>
			<Individual size="2">
				<FitnessMax value="3.2312"/>
				<FloatingPoint size="50">	1.49693	0.493903	3.61341	2.53389	2.57774	1.67716	0.56425	4.38822	4.51092	6.39512	2.42888	0.353148	3.68229	3.5778	3.49071	1.43887	0.443127	3.47712	4.38863	3.64368	1.50758	0.677618	3.54996	3.46941	2.56901	2.79151	3.48374	3.34751	5.5099	4.44607	2.35799	0.71177	3.72732	4.45107	3.56678	1.5674	0.363855	3.43005	2.68539	3.55165	2.38409	0.658222	3.56021	5.5059	4.5521	1.69683	0.559209	3.5338	3.45257	3.60371</FloatingPoint>
				<FloatingPoint size="20">	0.72268	0.831507	0.77002	0.151655	0.86431	0.905099	0.704059	0.946055	0.937063	0.944977	0.756428	0.27475	0.897692	0.820202	0.913655	0.758427	0.694717	0.95132	0.92667	0.990032</FloatingPoint>
			</Individual>
			<Individual size="2">
				<FitnessMax value="3.37877"/>
				<FloatingPoint size="50">	1.85624	0.49207	3.61527	2.46483	2.57818	1.67655	0.5885	4.38352	4.50898	3.65228	2.42855	0.316252	3.68223	3.58024	3.48836	1.43296	0.443199	3.47754	4.38165	3.65744	1.42752	0.679599	3.53464	3.59235	2.57406	2.79449	3.48171	3.33443	5.51722	4.45919	2.36219	0.712201	3.72895	4.42867	3.5538	1.56846	0.487849	3.46834	2.68201	3.55587	2.39926	0.606173	3.56083	5.50698	4.40844	1.6958	0.558511	3.53454	3.44584	3.59999</FloatingPoint>
				<FloatingPoint size="20">	0.72268	0.831507	0.770005	0.151507	0.677255	0.898446	0.700343	0.946081	0.937286	0.944977	0.896876	0.720372	0.898263	0.820146	0.913635	0.758427	0.725422	0.930336	0.9115	0.990032</FloatingPoint>
			</Individual>
			<Individual size="2">
				<FitnessMax value="3.38714"/>
				<FloatingPoint size="50">	1.84221	0.477387	3.6153	2.52641	2.57922	1.67667	0.58838	4.37789	4.50737	3.66509	2.42835	0.319308	3.68553	3.58083	3.48559	1.41247	0.443298	3.47811	4.54784	3.59099	1.38007	0.74366	3.56119	3.92374	2.57822	2.78587	3.47963	3.3331	5.57986	4.44262	2.36297	0.710113	3.72772	4.44539	3.55761	1.56978	0.206924	3.44072	2.68745	3.52371	2.3775	0.55158	3.54881	5.50094	4.40692	1.69285	0.630189	3.56149	3.46253	3.60361</FloatingPoint>
				<FloatingPoint size="20">	0.72268	0.831507	0.770023	0.147876	0.8642	0.906369	0.700253	0.946072	0.937351	0.944977	0.873904	0.238965	0.898383	0.819794	0.913635	0.758427	0.775459	0.939375	0.914283	0.990032</FloatingPoint>
			</Individual>
		</Deme>
	</Population>
</ECF>
