<?xml version="1.0" encoding="ISO-8859-1"?>
<ECF milestone="Mon Jun 18 16:36:43 2018
">
	<Registry>
		<Entry key="1FloatingPoint.dimension">20</Entry>
		<Entry key="1FloatingPoint.lbound">0</Entry>
		<Entry key="1FloatingPoint.ubound">1</Entry>
		<Entry key="FloatingPoint.dimension">50</Entry>
		<Entry key="FloatingPoint.lbound">0</Entry>
		<Entry key="FloatingPoint.ubound">6.99</Entry>
		<Entry key="SteadyStateTournament.tsize">3</Entry>
		<Entry key="batch.logfile_">*</Entry>
		<Entry key="batch.remaining_">0</Entry>
		<Entry key="batch.repeats">1</Entry>
		<Entry key="batch.singlemilestone">1</Entry>
		<Entry key="batch.statsfile">stats/ohlc_bitfinex_ethusd_86400_10_100_0.9_0.7.csv</Entry>
		<Entry key="data.balance">4964.67</Entry>
		<Entry key="data.input">data/train/ohlc_bitfinex_ethusd_86400.csv</Entry>
		<Entry key="data.test">data/test/ohlc_bitfinex_ethusd_86400.csv</Entry>
		<Entry key="fuzzy.langvars">conf/ohlc_bitfinex_ethusd_86400.conf</Entry>
		<Entry key="fuzzy.numrules">10</Entry>
		<Entry key="fuzzy.threshold">0.7</Entry>
		<Entry key="log.frequency">10</Entry>
		<Entry key="log.level">3</Entry>
		<Entry key="milestone.elapsedtime_">272</Entry>
		<Entry key="milestone.filename">milestones/ohlc_bitfinex_ethusd_86400_10_100_0.9_0.7.txt</Entry>
		<Entry key="milestone.generation_">2999</Entry>
		<Entry key="mutation.indprob">0.9</Entry>
		<Entry key="operator.logfile">log/ohlc_bitfinex_ethusd_86400_10_100_0.9_0.7.csv</Entry>
		<Entry key="population.size">100</Entry>
		<Entry key="term.eval">300000</Entry>
		<Entry key="term.maxtime">1800</Entry>
	</Registry>
	<Population size="1">
		<HallOfFame size="1">
			<Individual size="2" gen="2770">
				<FitnessMax value="10.894"/>
				<FloatingPoint size="50">	3.41439	0.586098	3.58159	1.35711	2.44549	3.46185	0.603411	3.45843	5.62993	5.193	3.47713	1.24093	3.68461	5.3617	4.93642	3.23546	0.606684	3.686	4.70215	4.35571	2.61346	0.683218	3.60416	1.48522	2.46799	3.59401	0.674419	3.32379	4.40706	4.63806	3.39061	0.404376	3.52747	5.62176	4.62252	3.48981	1.48505	4.44288	4.1901	4.26756	2.57892	1.54451	4.49959	4.50936	4.28609	2.40907	1.545	3.35516	4.36541	4.91828</FloatingPoint>
				<FloatingPoint size="20">	0.494021	0.990882	0.174244	0.976857	0.873633	0.984897	0.509477	0.993017	0.14873	0.941542	0.350408	0.997741	0.602522	0.919053	0.981924	0.83999	0.914605	0.92584	0.744081	0.880494</FloatingPoint>
			</Individual>
		</HallOfFame>
		<Deme size="100">
			<HallOfFame size="1">
				<Individual size="2" gen="2770">
					<FitnessMax value="10.894"/>
					<FloatingPoint size="50">	3.41439	0.586098	3.58159	1.35711	2.44549	3.46185	0.603411	3.45843	5.62993	5.193	3.47713	1.24093	3.68461	5.3617	4.93642	3.23546	0.606684	3.686	4.70215	4.35571	2.61346	0.683218	3.60416	1.48522	2.46799	3.59401	0.674419	3.32379	4.40706	4.63806	3.39061	0.404376	3.52747	5.62176	4.62252	3.48981	1.48505	4.44288	4.1901	4.26756	2.57892	1.54451	4.49959	4.50936	4.28609	2.40907	1.545	3.35516	4.36541	4.91828</FloatingPoint>
					<FloatingPoint size="20">	0.494021	0.990882	0.174244	0.976857	0.873633	0.984897	0.509477	0.993017	0.14873	0.941542	0.350408	0.997741	0.602522	0.919053	0.981924	0.83999	0.914605	0.92584	0.744081	0.880494</FloatingPoint>
				</Individual>
			</HallOfFame>
			<Individual size="2">
				<FitnessMax value="10.6385"/>
				<FloatingPoint size="50">	3.39775	0.556627	3.59032	1.40519	2.45671	3.61749	0.596116	3.4584	5.63033	5.16706	3.57455	1.22297	3.61864	5.35686	4.69969	3.33431	0.599064	3.68467	4.68101	4.30702	2.684	0.516313	3.60125	1.48623	2.36421	3.56934	0.620936	3.33252	4.41377	4.66934	3.31088	0.450835	3.5271	5.63596	4.62325	3.43752	1.49527	4.11617	4.18339	4.26115	2.59779	1.54957	4.49589	4.5092	4.2781	2.40274	1.61114	3.33573	4.36532	4.48354</FloatingPoint>
				<FloatingPoint size="20">	0.600737	0.990881	0.368942	0.959093	0.428434	0.984897	0.384866	0.993017	0.391186	0.955865	0.0993891	0.997742	0.47601	0.893191	0.984992	0.839908	0.913635	0.925837	0.654088	0.949018</FloatingPoint>
			</Individual>
			<Individual size="2">
				<FitnessMax value="10.066"/>
				<FloatingPoint size="50">	3.42901	0.553053	3.5728	1.37424	2.454	3.58243	0.601818	3.45857	5.63108	5.17881	3.48301	1.21997	3.62785	5.35989	4.71694	3.35677	0.457065	3.65405	4.64281	4.31934	2.67827	0.568028	3.59121	1.48609	2.45721	3.58778	0.638487	3.35209	4.41909	4.6892	3.3017	0.7115	3.52177	5.62298	4.62944	3.32745	1.46917	0.088699	4.17387	4.2346	2.57929	1.55552	4.49183	4.5097	4.30615	2.40525	1.58752	3.43671	4.36665	4.39457</FloatingPoint>
				<FloatingPoint size="20">	0.73263	0.990881	0.29241	0.962309	0.123228	0.984897	0.377989	0.993017	0.481152	0.954846	0.164025	0.997742	0.534999	0.917254	0.984909	0.83992	0.97787	0.925833	0.651554	0.949226</FloatingPoint>
			</Individual>
			<Individual size="2">
				<FitnessMax value="10.6382"/>
				<FloatingPoint size="50">	3.42385	0.522652	3.58039	1.36679	2.45728	3.47753	0.602402	3.45852	5.6282	5.1946	3.47851	1.23721	3.63222	5.36705	4.73954	3.36552	0.481561	3.6721	4.69864	4.32324	2.68257	0.574461	3.59369	1.48584	2.44362	3.58177	0.66547	3.36448	4.41167	4.7279	3.33091	0.411375	3.523	5.62281	4.64135	3.38278	1.47796	4.41052	4.18334	4.26544	2.58173	1.55509	4.4868	4.50946	4.28528	2.40929	1.3501	3.36037	4.36546	4.32692</FloatingPoint>
				<FloatingPoint size="20">	0.874306	0.990881	0.289451	0.963006	0.363404	0.984897	0.5415	0.993017	0.825116	0.961212	0.163859	0.997742	0.592286	0.91897	0.985004	0.839917	0.913726	0.92585	0.652148	0.948931</FloatingPoint>
			</Individual>
			<Individual size="2">
				<FitnessMax value="9.84894"/>
				<FloatingPoint size="50">	3.18148	0.585679	3.58042	1.35708	2.45011	3.47998	0.60309	3.4585	5.62956	5.1926	3.47709	1.23788	3.68313	5.36584	4.77499	3.34459	0.59948	3.68637	4.70191	4.32487	2.6731	0.548958	3.60459	1.48563	2.46799	3.58439	0.675002	3.32447	4.4111	4.71451	3.32906	0.408822	3.52335	5.62132	4.63518	3.42263	1.48453	4.44314	4.18504	4.26756	2.58187	1.54763	1.36624	4.50917	4.28329	2.40906	1.68694	3.79401	4.36534	4.46178</FloatingPoint>
				<FloatingPoint size="20">	0.93602	0.990881	0.296798	0.955964	0.169633	0.984897	0.393323	0.993017	0.421926	0.962482	0.163834	0.997742	0.571078	0.904118	0.985012	0.839922	0.913707	0.925845	0.652111	0.949192</FloatingPoint>
			</Individual>
			<Individual size="2">
				<FitnessMax value="9.73005"/>
				<FloatingPoint size="50">	3.42993	0.471296	3.55933	1.35817	2.4544	3.54343	0.601912	3.45854	6.79991	5.22793	3.51477	1.25976	3.71171	5.35934	4.71803	3.3435	0.515601	3.65457	4.65519	4.32316	2.67949	0.548136	3.59501	1.4865	2.45694	3.59718	0.64218	3.34553	4.4174	4.76622	3.30934	0.437091	3.52391	5.62339	4.63111	3.36925	1.47083	4.45641	4.18102	4.24031	2.59656	1.55461	4.49049	4.50957	4.30129	2.41217	1.57579	3.46986	4.36557	4.46282</FloatingPoint>
				<FloatingPoint size="20">	0.385782	0.990881	0.654218	0.957367	0.365413	0.984897	0.384557	0.993017	0.467929	0.957721	0.164031	0.997742	0.543085	0.917281	0.984975	0.839921	0.913707	0.925842	0.651815	0.949207</FloatingPoint>
			</Individual>
			<Individual size="2">
				<FitnessMax value="8.66733"/>
				<FloatingPoint size="50">	3.41704	0.453168	5.31807	1.35744	2.45711	3.56374	0.602847	3.45821	5.63225	5.19724	3.49909	1.62202	3.67172	5.36501	4.72662	3.34857	0.602189	4.50136	4.69998	4.34105	2.68537	0.601561	3.59709	1.48619	2.42424	3.57321	0.652398	3.39091	4.41531	4.68697	3.32551	0.405869	3.524	5.62334	4.63747	3.34454	1.47621	4.40658	4.18098	4.25674	2.58189	1.55675	4.49117	4.50934	4.29037	2.40809	1.41331	3.36848	4.36539	4.51478</FloatingPoint>
				<FloatingPoint size="20">	0.595596	0.990881	0.345049	0.962309	0.445932	0.984897	0.377989	0.993017	0.671568	0.947329	0.162768	0.997742	0.288668	0.859413	0.984975	0.839884	0.913699	0.925832	0.653593	0.933358</FloatingPoint>
			</Individual>
			<Individual size="2">
				<FitnessMax value="10.6385"/>
				<FloatingPoint size="50">	3.41195	0.312815	3.5735	1.36396	2.45761	3.89499	0.603137	3.45851	5.63314	5.20899	3.47741	1.7595	3.66844	5.36776	4.71028	3.34938	0.606777	3.68642	4.70169	4.32689	2.6824	0.495482	3.59282	1.48584	2.41157	3.58874	0.645819	3.40773	4.41216	4.73765	3.30146	0.414955	3.52671	5.6229	4.6414	3.31435	1.47237	4.4431	4.17952	4.26756	2.57877	1.55528	4.49075	4.50955	4.28117	2.40906	1.18291	3.35576	4.3654	4.3269</FloatingPoint>
				<FloatingPoint size="20">	0.600737	0.990881	0.537098	0.959603	0.393982	0.984897	0.506492	0.993017	0.516438	0.94945	0.164385	0.997742	0.467954	0.91531	0.984866	0.83992	0.913709	0.925833	0.651924	0.949398</FloatingPoint>
			</Individual>
			<Individual size="2">
				<FitnessMax value="9.74433"/>
				<FloatingPoint size="50">	3.41378	0.553232	3.5929	1.46729	2.45862	3.45525	0.479795	3.45828	5.64447	5.29425	3.52903	1.23552	3.68059	5.35834	4.72239	3.31872	0.578961	3.68607	4.68591	4.31364	2.68239	0.570247	4.57254	1.4863	2.28676	3.56456	0.630204	3.35661	4.4236	4.67357	3.30713	0.462539	3.52482	5.62949	4.62586	3.41514	1.48359	4.2103	4.18117	4.25259	2.58716	1.55267	4.49283	4.50933	4.27415	2.62786	1.59638	3.37367	4.36626	4.43609</FloatingPoint>
				<FloatingPoint size="20">	0.600737	0.990881	0.368942	0.959093	0.428434	0.984897	0.384866	0.993017	0.391186	0.955865	0.151052	0.997742	0.492635	0.912231	0.984871	0.839918	0.913691	0.925833	0.651342	0.949162</FloatingPoint>
			</Individual>
			<Individual size="2">
				<FitnessMax value="10.2161"/>
				<FloatingPoint size="50">	3.41268	0.400702	3.55713	1.3444	2.45562	3.53303	0.601955	3.45879	5.55595	5.24205	3.54447	1.26617	3.956	5.3574	4.72245	3.33743	0.468172	3.65084	4.64523	4.32179	2.67926	0.55383	3.58905	1.4861	2.45224	3.57741	0.615906	3.35121	4.41771	4.68826	3.29741	0.59611	3.5226	5.6223	4.63138	3.329	1.4696	4.42722	4.17548	4.23729	2.57781	1.5546	4.48912	4.50955	4.30141	2.41223	1.6148	3.49517	4.36568	4.42643</FloatingPoint>
				<FloatingPoint size="20">	0.593058	0.990881	0.33035	0.962958	0.966317	0.984897	0.376291	0.993017	0.380499	0.947382	0.131183	0.997742	0.410055	0.867905	0.985001	0.839824	0.913644	0.925832	0.661821	0.949086</FloatingPoint>
			</Individual>
			<Individual size="2">
				<FitnessMax value="10.5494"/>
				<FloatingPoint size="50">	3.42998	0.426006	3.57288	1.34843	2.45529	3.42026	0.602055	3.45778	5.61331	5.19175	3.57362	1.26496	3.6598	5.35759	4.73028	3.31903	0.310008	3.65111	4.63429	4.36012	2.68597	0.587623	3.59006	1.48638	2.44616	3.59408	0.616922	3.35581	4.41379	4.68611	3.30162	0.42926	3.52267	5.62203	4.6321	3.36724	1.47751	4.44655	4.18056	4.25026	2.58031	1.55337	4.48816	4.50891	4.27196	2.41028	1.56388	3.37479	4.36538	4.62202</FloatingPoint>
				<FloatingPoint size="20">	0.944638	0.990881	0.490835	0.962985	0.393256	0.984897	0.36885	0.993017	0.455766	0.947499	0.168375	0.997742	0.291185	0.85149	0.984801	0.839952	0.617443	0.925832	0.653813	0.949209</FloatingPoint>
			</Individual>
			<Individual size="2">
				<FitnessMax value="10.5474"/>
				<FloatingPoint size="50">	3.42901	0.58461	3.5728	1.37424	2.454	3.48317	0.601818	3.45857	5.63012	5.17881	3.48301	1.21997	3.62785	5.35989	4.69037	3.35677	0.457065	3.68655	4.70203	4.31934	2.67827	0.568028	3.59121	1.48578	2.45721	3.58778	0.675106	3.32596	4.41909	4.63875	3.3017	0.7115	3.52177	5.62321	4.62944	3.32745	1.48306	4.44265	4.17387	4.26756	2.57929	1.56262	4.48355	4.50926	4.28456	2.40907	1.55113	3.43671	4.36665	4.39457</FloatingPoint>
				<FloatingPoint size="20">	0.929017	0.990881	0.303095	0.956105	0.364378	0.984897	0.391647	0.993017	0.421338	0.961009	0.164035	0.997742	0.575018	0.918107	0.0383156	0.839921	0.913709	0.925845	0.652177	0.949196</FloatingPoint>
			</Individual>
			<Individual size="2">
				<FitnessMax value="10.6385"/>
				<FloatingPoint size="50">	3.42925	0.503847	3.57849	1.34472	2.45524	3.51991	0.602013	3.45837	5.52222	5.33938	3.53646	1.21582	3.6472	5.35746	4.73545	3.43487	0.468256	3.65083	4.64535	4.28902	2.69129	0.783047	3.60485	1.48749	2.34432	3.52273	0.674781	3.44468	4.41085	4.63771	3.38831	0.413636	3.53142	5.62474	4.62316	3.42386	1.48668	4.4432	4.19132	4.2675	2.58356	1.55397	4.48919	4.5087	4.27378	2.40864	1.5451	3.35664	4.36512	4.86149</FloatingPoint>
				<FloatingPoint size="20">	0.73263	0.990881	0.391255	0.961988	0.73758	0.984898	0.0412384	0.993017	0.346761	0.947854	0.202943	0.997742	0.408298	0.89195	0.984836	0.839821	0.913304	0.925818	0.662292	0.950582</FloatingPoint>
			</Individual>
			<Individual size="2">
				<FitnessMax value="9.84894"/>
				<FloatingPoint size="50">	3.42841	0.549687	3.57313	1.37315	2.4541	3.56896	0.601847	3.45852	5.63117	5.17828	3.48545	1.24459	3.63104	5.35987	4.71792	3.35514	0.463376	3.65437	4.64531	4.32069	2.6789	0.557163	3.59142	1.48605	2.45486	3.58589	0.63869	3.35441	4.41909	4.68833	3.30472	0.696737	3.52185	5.62304	4.6295	3.3284	1.46896	4.39236	4.17427	4.23477	2.57944	1.55546	5.25698	4.50966	4.30615	2.40531	1.58562	3.43457	4.36659	4.41539</FloatingPoint>
				<FloatingPoint size="20">	0.593058	0.990881	0.296671	0.956631	0.366212	0.984897	0.368309	0.993017	0.628577	0.955072	0.164624	0.997742	0.573717	0.918169	0.984998	0.839919	0.913709	0.925846	0.652771	0.949293</FloatingPoint>
			</Individual>
			<Individual size="2">
				<FitnessMax value="10.6385"/>
				<FloatingPoint size="50">	3.39842	0.584953	3.58962	1.39027	2.45688	3.71011	0.598062	3.45864	5.6317	5.16741	3.55206	1.19803	3.61652	5.35818	4.70834	3.37212	0.604661	3.68602	4.63113	4.33419	2.68312	0.515375	3.57668	1.48622	2.46339	3.8208	0.636528	3.33251	4.5412	4.66878	3.30239	0.402615	3.52526	5.62323	4.62866	3.44046	1.4482	4.44959	4.19052	4.25192	2.57867	1.54921	4.49424	4.50948	4.2769	2.40428	1.56122	3.35957	4.36531	4.34387</FloatingPoint>
				<FloatingPoint size="20">	0.948987	0.990881	0.297082	0.966187	0.40191	0.984897	0.354724	0.993017	0.424816	0.950837	0.174603	0.997742	0.361978	0.905082	0.984981	0.839838	0.913667	0.925844	0.652875	0.948873</FloatingPoint>
			</Individual>
			<Individual size="2">
				<FitnessMax value="10.6366"/>
				<FloatingPoint size="50">	3.42553	0.6139	3.19499	1.35796	2.45761	3.48317	0.603006	3.45868	5.63012	5.19187	3.47741	1.23885	3.6402	5.36776	4.7333	3.38595	0.606777	3.68655	4.70169	4.35001	2.68017	0.495482	3.60516	1.48578	2.46798	3.58874	0.675106	3.35058	4.41429	4.63875	3.30017	0.414955	3.52074	5.62286	4.6414	3.38219	1.4856	4.44265	4.18075	4.26756	2.58552	1.56262	4.49075	4.50955	4.28117	2.40907	1.55113	3.35576	4.36542	4.31011</FloatingPoint>
				<FloatingPoint size="20">	0.345897	0.990881	0.144203	0.955985	0.645656	0.984897	0.624974	0.993017	0.155624	0.942047	0.224109	0.997742	0.508767	0.873145	0.984591	0.839674	0.913757	0.92587	0.420394	0.89265</FloatingPoint>
			</Individual>
			<Individual size="2">
				<FitnessMax value="10.894"/>
				<FloatingPoint size="50">	3.43473	0.58461	3.19499	1.3568	2.44653	3.48317	0.603006	3.45868	5.63012	5.19187	3.47803	1.23885	3.68226	5.37499	4.69037	3.39919	0.606766	3.68655	4.70203	4.35001	2.69131	0.398689	3.60516	1.48578	2.46798	3.594	0.675106	3.32596	4.41429	4.63875	3.30017	0.415827	3.52074	5.62321	4.62221	3.38753	1.48306	4.44265	4.18075	4.26756	2.58552	1.56262	4.48355	4.50926	4.28456	2.40907	1.55113	3.35518	4.36542	4.31011</FloatingPoint>
				<FloatingPoint size="20">	0.813886	0.990882	0.142891	0.950762	0.874535	0.984897	0.945153	0.993017	0.0522762	0.941615	0.373538	0.997744	0.596433	0.919022	0.981882	0.837172	0.914605	0.925892	0.743865	0.880494</FloatingPoint>
			</Individual>
			<Individual size="2">
				<FitnessMax value="10.5166"/>
				<FloatingPoint size="50">	3.41612	0.59104	3.576	1.31525	2.4593	3.51007	0.602038	3.45856	5.63324	5.19272	3.47321	1.22078	3.63402	5.35791	4.73069	3.32639	0.607052	3.68502	4.63435	4.29463	2.68193	0.556114	3.59484	1.48759	2.28519	3.56913	0.675419	3.34994	4.41303	4.64074	3.41372	0.398208	3.52167	5.62477	4.61115	3.32824	1.49567	4.35649	4.19277	4.25842	2.57179	1.55462	4.48377	4.50892	4.2772	2.31617	1.55846	3.36734	4.36528	4.57914</FloatingPoint>
				<FloatingPoint size="20">	0.417049	0.990881	0.394718	0.962293	0.694021	0.984897	0.359231	0.993017	0.703716	0.94732	0.199366	0.997742	0.778808	0.862135	0.984783	0.828411	0.91373	0.925932	0.671876	0.896162</FloatingPoint>
			</Individual>
			<Individual size="2">
				<FitnessMax value="10.894"/>
				<FloatingPoint size="50">	3.43066	0.585783	3.58042	1.35796	2.45622	3.48176	0.603137	3.45852	5.62794	5.19205	3.47728	1.23715	3.60599	5.36776	4.70782	3.38595	0.606777	3.68642	4.70169	4.308	2.69103	0.495482	3.60474	1.48584	2.468	3.56832	0.675033	3.32437	4.41117	4.73765	3.31495	0.414955	3.523	5.62286	4.6414	3.38219	1.4856	4.44331	4.18371	4.26756	2.58223	1.55516	4.48488	4.50914	4.28528	2.40906	1.55004	3.35576	4.3654	4.3269</FloatingPoint>
				<FloatingPoint size="20">	0.902135	0.990882	0.510061	0.971421	0.871747	0.984897	0.875249	0.993017	0.115731	0.941614	0.347541	0.997744	0.555197	0.919025	0.981882	0.840136	0.914605	0.926023	0.743921	0.880494</FloatingPoint>
			</Individual>
			<Individual size="2">
				<FitnessMax value="9.13274"/>
				<FloatingPoint size="50">	3.39775	0.556627	6.58717	1.40519	2.45671	3.61749	0.596116	3.4584	5.63033	5.16706	3.57455	1.22297	3.61864	5.35686	4.69969	3.33431	0.599064	3.68467	4.68101	4.30702	2.684	0.516313	3.60125	1.48623	2.12818	3.56934	0.620936	3.33252	4.41377	4.66934	3.31088	0.450835	3.5271	5.63596	4.62325	3.43752	1.49527	4.11617	4.18339	4.26115	2.59779	1.54957	4.49589	4.5092	4.2781	2.40274	1.61114	3.33573	4.36532	4.48354</FloatingPoint>
				<FloatingPoint size="20">	0.597407	0.990881	0.441231	0.956906	0.283002	0.984897	0.388597	0.993017	0.403615	0.960333	0.163328	0.997742	0.308014	0.917893	0.985031	0.839921	0.913699	0.925836	0.651965	0.94907</FloatingPoint>
			</Individual>
			<Individual size="2">
				<FitnessMax value="10.6385"/>
				<FloatingPoint size="50">	3.42841	0.549687	3.57313	1.37315	2.4541	3.56896	0.601847	3.45852	5.63117	5.17828	3.48545	1.24459	3.63104	5.35987	4.71792	3.34835	0.532143	3.68562	4.68224	4.32355	2.72625	0.54167	3.59827	1.48656	2.46248	3.61007	0.648883	3.33986	4.41002	4.76666	3.31457	0.296116	3.5254	5.62361	4.62618	3.3894	1.47971	4.4804	4.18324	4.24888	2.63506	1.55464	4.49054	4.50958	4.27277	2.40681	1.56987	3.39881	4.36556	4.51722</FloatingPoint>
				<FloatingPoint size="20">	0.385782	0.990881	0.654218	0.957367	0.365413	0.984897	0.384557	0.993017	0.467929	0.957721	0.164031	0.997742	0.543085	0.917281	0.984975	0.839921	0.913707	0.925842	0.651815	0.949207</FloatingPoint>
			</Individual>
			<Individual size="2">
				<FitnessMax value="9.68606"/>
				<FloatingPoint size="50">	3.43033	0.549731	3.59557	1.53135	2.46059	3.28789	0.359805	3.45815	5.65906	5.42546	3.48208	1.24847	3.74449	5.35987	4.74581	3.30264	0.558223	3.68751	4.69095	4.32047	2.68072	0.625882	3.59076	1.48638	2.45034	3.55963	5.92024	3.38146	4.43374	4.67792	3.30326	0.474613	3.52248	5.62282	4.62855	3.39205	1.47154	4.30741	4.17889	4.24375	2.57619	1.55586	4.48967	4.50947	4.27009	2.86008	1.58115	3.41281	4.36723	4.38715</FloatingPoint>
				<FloatingPoint size="20">	0.874306	0.990881	0.29241	0.956013	0.123228	0.984897	0.39237	0.993017	0.369168	0.961212	0.0991843	0.993087	0.569379	0.91897	0.984993	0.839821	0.913626	0.92583	0.662292	0.948896</FloatingPoint>
			</Individual>
			<Individual size="2">
				<FitnessMax value="10.5244"/>
				<FloatingPoint size="50">	3.43473	0.58461	3.19499	1.3568	2.44653	3.48317	0.603006	3.45868	5.63012	5.19187	3.47803	1.23885	3.68226	5.37499	4.69037	3.39919	0.606766	3.68655	4.70203	4.35001	2.69131	0.398689	3.60516	1.48578	2.46798	3.594	0.675106	3.32596	4.41429	4.63875	3.30017	0.415827	3.52074	5.62321	4.62221	3.38753	1.48306	4.44265	4.18075	4.26756	2.58552	1.56262	4.48355	4.50926	4.28456	2.40907	1.55113	3.35518	4.36542	4.31011</FloatingPoint>
				<FloatingPoint size="20">	0.754368	0.990882	0.187251	0.952076	0.446619	0.984897	0.923848	0.993017	0.145919	0.948528	0.177443	0.997742	0.887509	0.919018	0.982989	0.83935	0.914017	0.925892	0.727593	0.886241</FloatingPoint>
			</Individual>
			<Individual size="2">
				<FitnessMax value="9.98371"/>
				<FloatingPoint size="50">	3.41612	0.584953	3.576	1.31525	2.45688	3.51007	0.598062	3.45856	5.6317	5.16741	3.47321	1.22078	3.63402	5.35791	4.73069	3.37212	0.604661	3.68502	4.63435	4.29463	2.68193	0.515375	3.57668	1.48759	2.28519	3.5295	0.636528	3.33251	5.4329	4.66878	3.41372	0.402615	3.52526	5.62477	4.61115	3.32824	1.4482	4.35649	4.19277	4.25842	2.57867	1.55462	4.48377	4.50892	4.2769	2.31617	1.56122	3.36734	4.36531	4.34387</FloatingPoint>
				<FloatingPoint size="20">	0.316758	0.990881	0.345049	0.962309	0.454124	0.984897	0.377989	0.993017	0.369168	0.947329	0.0991843	0.997742	0.32734	0.860531	0.98497	0.8398	0.913626	0.92583	0.669406	0.948896</FloatingPoint>
			</Individual>
			<Individual size="2">
				<FitnessMax value="10.5166"/>
				<FloatingPoint size="50">	3.19046	0.568059	3.57463	1.34787	2.45853	3.53527	0.602036	3.45856	5.63319	5.18919	3.48321	1.22166	3.63233	5.35942	4.7291	3.33544	0.553767	3.66216	4.63547	4.31697	2.67921	0.557149	3.5919	1.48643	2.42063	3.58269	0.661026	3.35206	4.41331	4.67734	3.35715	0.594462	3.52171	5.62305	4.6152	3.32825	1.48051	4.36402	4.19115	4.24447	2.57917	1.55523	4.48737	4.50922	4.29169	2.34495	1.57787	3.37606	4.36604	4.54914</FloatingPoint>
				<FloatingPoint size="20">	0.417049	0.990881	0.394718	0.962293	0.694021	0.984897	0.359231	0.993017	0.703716	0.94732	0.199366	0.997742	0.778808	0.862135	0.984783	0.828411	0.91373	0.925932	0.671876	0.896162</FloatingPoint>
			</Individual>
			<Individual size="2">
				<FitnessMax value="10.6385"/>
				<FloatingPoint size="50">	3.41222	0.4967	3.58018	1.37271	2.4564	3.62228	0.598653	3.45862	5.70319	5.19103	3.54125	1.24324	3.61581	5.35998	4.71323	3.55128	0.534641	3.68505	4.63612	4.3293	2.69231	0.534742	3.58491	1.48621	2.45617	3.54515	0.632455	3.33127	4.50652	4.676	3.30253	0.464824	3.52459	5.62301	4.43612	3.39781	1.4586	4.45674	4.18199	4.246	2.57843	1.55161	4.4936	4.63307	4.2709	2.40454	1.57707	3.38486	4.36554	4.38587</FloatingPoint>
				<FloatingPoint size="20">	0.955413	0.990881	0.793985	0.955622	0.282865	0.984897	0.398211	0.993017	0.4235	0.962598	0.163823	0.997742	0.183294	0.917455	0.985816	0.839925	0.913706	0.925845	0.652067	0.949186</FloatingPoint>
			</Individual>
			<Individual size="2">
				<FitnessMax value="10.6366"/>
				<FloatingPoint size="50">	3.16268	0.427309	3.57786	1.34663	2.45549	3.40315	0.602036	3.45745	5.65204	5.1865	3.57778	1.72329	3.66931	5.35709	4.73103	3.32878	0.472185	3.65623	4.64306	4.4004	2.69366	0.593462	3.58897	1.48638	2.44533	3.59989	0.623642	3.35698	4.42264	4.67781	3.30157	0.335929	3.52207	5.6228	4.63047	3.29735	1.46782	4.29415	4.17309	4.23566	2.58019	1.55557	4.4913	4.50975	4.32029	2.40543	1.56898	3.38132	4.3657	4.41202</FloatingPoint>
				<FloatingPoint size="20">	0.710345	0.990881	0.380896	0.961858	0.1804	0.984897	0.271656	0.993017	0.5929	0.947866	0.163249	0.997742	0.32554	0.85145	0.984813	0.83994	0.912316	0.925818	0.0775287	0.934468</FloatingPoint>
			</Individual>
			<Individual size="2">
				<FitnessMax value="10.6385"/>
				<FloatingPoint size="50">	3.42246	0.5489	3.5768	1.37441	2.45322	3.55544	0.602053	3.45848	5.63129	5.50064	3.48548	1.24488	3.64177	5.35983	4.74211	3.33031	0.535313	3.67667	4.70176	4.32631	2.70193	0.90983	3.59785	1.48636	2.42819	3.3418	0.644614	3.35067	4.41132	4.66152	3.30426	0.365082	3.52145	5.62353	4.62738	3.39628	1.47972	4.4453	4.18425	4.24317	2.60235	1.55508	4.48879	4.50937	4.27956	2.40719	1.58659	3.4394	4.36505	4.5189</FloatingPoint>
				<FloatingPoint size="20">	0.385782	0.990881	0.654218	0.957367	0.365413	0.984897	0.384557	0.993017	0.467929	0.957721	0.164031	0.997742	0.543085	0.917281	0.984975	0.839921	0.913707	0.925842	0.651815	0.949207</FloatingPoint>
			</Individual>
			<Individual size="2">
				<FitnessMax value="10.6385"/>
				<FloatingPoint size="50">	3.39775	0.556627	3.59032	1.40519	2.45671	3.61749	0.596116	3.4584	5.63033	5.16706	3.57455	1.22297	3.61864	5.35686	4.69969	3.33431	0.599064	3.68467	4.68101	4.30702	2.684	0.516313	3.60125	1.48623	2.12818	3.56934	0.620936	3.33252	4.41377	4.66934	3.31088	0.450835	3.5271	5.63596	4.62325	3.43752	1.49527	4.11617	4.18339	4.26115	2.59779	1.54957	4.49589	4.5092	4.2781	2.40274	1.61114	3.33573	4.36532	4.48354</FloatingPoint>
				<FloatingPoint size="20">	0.600737	0.990881	0.368942	0.959093	0.428434	0.984897	0.384866	0.993017	0.391186	0.955865	0.151052	0.997742	0.492635	0.912231	0.984871	0.839918	0.913691	0.925833	0.651342	0.949162</FloatingPoint>
			</Individual>
			<Individual size="2">
				<FitnessMax value="10.6385"/>
				<FloatingPoint size="50">	3.42142	0.352596	3.57028	1.35781	2.45461	3.55542	0.601834	3.45852	5.63148	5.48512	3.51207	1.26497	3.65319	5.35864	4.74075	3.35367	0.528817	3.67133	4.66661	4.32191	2.67909	0.649777	3.59758	1.48628	2.43027	3.42221	0.639657	3.35101	4.41537	4.6781	3.30472	0.426181	3.52167	5.62339	4.62936	3.38117	1.47657	4.42967	4.17924	4.2398	2.59421	1.55544	4.48954	4.50952	4.29614	2.40662	1.58614	3.43558	4.36589	4.50946</FloatingPoint>
				<FloatingPoint size="20">	0.929017	0.990881	0.303095	0.956105	0.364378	0.984897	0.391647	0.993017	0.421338	0.961009	0.164035	0.997742	0.779173	0.918107	0.984993	0.839921	0.913709	0.925845	0.652177	0.949196</FloatingPoint>
			</Individual>
			<Individual size="2">
				<FitnessMax value="10.6385"/>
				<FloatingPoint size="50">	3.42985	0.563686	3.58049	1.35923	2.45577	3.47758	0.603075	3.45845	5.64395	5.17005	3.4489	1.23665	3.57963	5.35253	4.70289	3.37267	0.606457	3.95729	4.69379	4.54159	2.69044	0.50632	3.59684	1.48618	2.46753	3.54498	0.634002	3.312	4.46492	4.73452	3.29967	0.341018	3.13059	5.62294	4.63427	3.36586	1.48545	4.33933	4.7251	4.26543	2.57928	1.55467	4.49334	4.50924	4.31108	2.40766	1.55438	3.37356	4.36586	4.5081</FloatingPoint>
				<FloatingPoint size="20">	0.38042	0.990881	0.268624	0.962309	0.430591	0.984897	0.34256	0.993017	0.255092	0.947228	0.192991	0.997742	0.426666	0.859413	0.984975	0.839798	0.913594	0.925832	0.654143	0.931191</FloatingPoint>
			</Individual>
			<Individual size="2">
				<FitnessMax value="10.6385"/>
				<FloatingPoint size="50">	3.43033	0.549731	3.59557	1.53135	2.46059	3.28789	0.359805	3.45815	5.65906	5.42546	3.48208	1.24847	3.74449	5.35987	4.74581	3.30264	0.558223	3.68751	4.69095	4.32047	2.68072	0.625882	3.59076	1.48638	2.45034	3.55963	0.639764	3.38146	4.43374	4.67792	3.30326	0.474613	3.52248	5.62282	4.62855	3.39205	1.47154	4.30741	4.17889	4.24375	2.57619	1.55586	4.48967	4.50947	4.27009	2.86008	1.58115	3.41281	4.36723	4.38715</FloatingPoint>
				<FloatingPoint size="20">	0.874306	0.990881	0.303602	0.956013	0.363404	0.984897	0.39237	0.993017	0.85161	0.961212	0.163859	0.997742	0.577201	0.91897	0.984993	0.839923	0.91371	0.925845	0.652148	0.948931</FloatingPoint>
			</Individual>
			<Individual size="2">
				<FitnessMax value="10.6385"/>
				<FloatingPoint size="50">	3.38718	0.62555	3.57357	1.35973	2.4562	3.54026	0.602198	3.85004	5.62785	5.17117	3.54016	1.28148	3.63777	5.36466	4.69008	3.33563	0.534968	3.65366	4.6952	4.31433	2.69428	0.644117	3.5991	1.48646	2.45697	3.50283	0.614394	3.35325	4.40899	4.68683	3.33942	0.399894	3.52635	5.55743	4.62511	3.37566	1.46776	4.29076	4.17976	4.21405	2.56984	1.55431	4.4927	4.50917	4.28009	2.40336	1.62272	3.25245	4.36543	4.42865</FloatingPoint>
				<FloatingPoint size="20">	0.595596	0.99088	0.897831	0.961635	0.445932	0.984897	0.0912371	0.993017	0.837958	0.947675	0.162768	0.997742	0.253465	0.915353	0.984772	0.839918	0.913699	0.925826	0.649717	0.950113</FloatingPoint>
			</Individual>
			<Individual size="2">
				<FitnessMax value="10.6385"/>
				<FloatingPoint size="50">	3.42385	0.522652	3.58039	1.36679	2.45728	3.47753	0.602402	3.45852	5.6282	5.19272	3.47321	1.22078	3.63402	5.35791	4.73069	3.32639	0.607052	3.68502	4.63435	4.29463	2.68193	0.556114	3.59484	1.48759	2.28519	3.56913	0.675419	3.34994	4.41303	4.64074	3.41372	0.398208	3.52167	5.62477	4.61115	3.32824	1.49567	4.35649	4.19277	4.25842	2.57179	1.55462	4.48377	4.50892	4.2772	2.31617	1.55846	3.36734	4.36528	4.57914</FloatingPoint>
				<FloatingPoint size="20">	0.309658	0.97668	0.280521	0.962841	0.418116	0.984897	0.362831	0.993017	0.757804	0.960036	0.167059	0.997742	0.549575	0.864779	0.984977	0.839821	0.913696	0.925841	0.65357	0.939659</FloatingPoint>
			</Individual>
			<Individual size="2">
				<FitnessMax value="10.6385"/>
				<FloatingPoint size="50">	3.42385	0.522652	3.58039	1.36679	2.45728	3.47753	0.602402	3.45852	5.6282	5.1946	3.47851	1.23721	3.63222	5.36705	4.73954	3.36552	0.481561	3.6721	4.69864	4.32324	2.68257	0.574461	3.59369	1.48584	2.44362	3.58177	0.66547	3.36448	4.41167	4.7279	3.33091	0.411375	3.523	5.62281	4.64135	3.38278	1.47796	4.41052	4.18334	4.26544	2.58173	1.55509	4.4868	4.50946	4.28528	2.40929	1.3501	3.36037	4.36546	4.32692</FloatingPoint>
				<FloatingPoint size="20">	0.82183	0.990881	0.289451	0.963006	0.366144	0.984897	0.338895	0.993017	0.825116	0.947455	0.164734	0.997742	0.592286	0.918969	0.985004	0.839917	0.913726	0.92585	0.652878	0.949418</FloatingPoint>
			</Individual>
			<Individual size="2">
				<FitnessMax value="10.6385"/>
				<FloatingPoint size="50">	3.39842	0.584953	3.58962	1.39027	2.45688	3.71011	0.598062	3.45864	5.6317	5.16741	3.55206	1.19803	3.61652	5.35818	4.70834	3.37212	0.604661	3.68602	4.63113	4.33419	2.68312	0.515375	3.57668	1.48622	2.46339	3.5295	0.636528	3.33251	4.5412	4.66878	3.30239	0.402615	3.52526	5.62323	4.62866	3.44046	1.4482	4.44959	4.19052	4.25192	2.57867	1.54921	4.49424	4.50948	4.2769	2.40428	1.56122	3.35957	4.36531	4.34387</FloatingPoint>
				<FloatingPoint size="20">	0.596629	0.990881	0.376877	0.956013	0.363404	0.984897	0.39237	0.993017	0.482826	0.961212	0.163859	0.997742	0.577201	0.901423	0.984993	0.839923	0.91371	0.925845	0.652148	0.948931</FloatingPoint>
			</Individual>
			<Individual size="2">
				<FitnessMax value="10.6385"/>
				<FloatingPoint size="50">	3.41268	0.400702	3.55713	1.3444	2.45562	3.53303	0.601955	3.45879	5.55595	5.24205	3.54447	1.26617	3.956	5.3574	4.72245	3.33743	0.468172	3.65084	4.64523	4.32179	2.67926	0.55383	3.58905	1.4861	2.45224	3.57741	0.615906	3.35121	4.41771	4.68826	3.29741	0.59611	3.5226	5.6223	4.63138	3.329	1.4696	4.42722	4.17548	4.23729	2.57781	1.5546	4.48912	4.50955	4.30141	2.41223	1.6148	3.49517	4.36568	4.42643</FloatingPoint>
				<FloatingPoint size="20">	0.59554	0.990881	0.28941	0.963007	0.366243	0.984897	0.338926	0.993017	0.825311	0.947455	0.164718	0.997742	0.592361	0.91898	0.985004	0.839917	0.913726	0.92585	0.652874	0.949418</FloatingPoint>
			</Individual>
			<Individual size="2">
				<FitnessMax value="10.1182"/>
				<FloatingPoint size="50">	3.41195	0.312815	3.5735	1.36396	2.45761	3.89499	0.603137	3.45851	5.63314	5.20899	3.47741	1.7595	3.66844	5.36776	4.71028	3.34938	0.606777	3.68642	4.70169	4.32689	2.6824	0.495482	3.59282	1.48584	2.41157	3.58874	0.645819	3.40773	4.41216	4.73765	3.30146	0.414955	3.52671	5.6229	4.6414	3.31435	1.47237	4.4431	4.17952	4.26756	2.57877	1.55528	4.49075	4.50955	4.28117	2.40906	1.18291	3.35576	4.3654	4.3269</FloatingPoint>
				<FloatingPoint size="20">	0.724155	0.990881	0.531224	0.958649	0.385937	0.984897	0.441597	0.993017	0.506107	0.94891	0.164203	0.997742	0.482381	0.916161	0.984853	0.83992	0.913707	0.925833	0.918853	0.949326</FloatingPoint>
			</Individual>
			<Individual size="2">
				<FitnessMax value="9.08632"/>
				<FloatingPoint size="50">	3.42925	0.503847	3.57849	1.34472	2.45524	3.51991	0.602013	3.45837	5.52222	5.33938	3.53646	1.21582	3.6472	5.35746	4.73545	3.43487	0.493211	3.64706	4.68094	4.40896	2.68612	0.75908	3.59236	1.48637	2.4456	3.51075	0.62153	3.81997	4.41578	4.69405	3.30226	0.392171	3.52301	5.62254	4.63343	3.34458	1.47657	4.36849	4.1788	4.24668	2.57763	1.55483	4.48786	4.50937	4.29113	2.30741	1.57599	3.45846	4.36547	4.47533</FloatingPoint>
				<FloatingPoint size="20">	0.595596	0.990881	0.117681	0.963006	0.366144	0.984897	0.338895	0.993017	0.772252	0.947455	0.164734	0.936659	0.592286	0.918969	0.985004	0.839917	0.913726	0.925834	0.652447	0.298706</FloatingPoint>
			</Individual>
			<Individual size="2">
				<FitnessMax value="10.6385"/>
				<FloatingPoint size="50">	3.39842	0.584953	3.58962	1.39027	2.45688	3.71011	0.598062	3.45864	5.6317	5.16741	3.55206	1.19803	3.61652	5.35818	4.70834	3.37212	0.604661	3.68602	4.63113	4.33419	2.68312	0.515375	3.57668	1.48622	2.46339	3.5295	0.636528	3.33251	4.5412	4.66878	3.30239	0.402615	3.52526	5.62323	4.62866	3.44046	1.4482	4.44959	4.19052	4.25192	2.57867	1.54921	4.49424	4.50948	4.2769	2.40428	1.56122	3.35957	4.36531	4.34387</FloatingPoint>
				<FloatingPoint size="20">	0.874306	0.990881	0.303602	0.956013	0.363404	0.984897	0.39237	0.993017	0.422608	0.961212	0.163859	0.997742	0.577201	0.91897	0.984993	0.839923	0.91371	0.925845	0.652148	0.948931</FloatingPoint>
			</Individual>
			<Individual size="2">
				<FitnessMax value="10.894"/>
				<FloatingPoint size="50">	3.42998	0.503383	3.5803	1.35682	2.45224	3.47655	0.603261	3.45851	5.62832	5.19206	3.47746	1.23637	3.65885	5.36757	4.71847	3.3584	0.606774	3.68522	4.70197	4.32095	2.68999	0.534007	3.6048	1.48668	2.46799	3.58874	0.675048	3.32912	4.40876	4.63857	3.33971	0.25977	3.52671	5.62351	4.62272	3.42665	1.48649	4.4431	4.18556	4.26757	2.58459	1.55449	4.48658	4.50906	4.28117	2.40906	1.55736	3.35587	4.36527	4.58054</FloatingPoint>
				<FloatingPoint size="20">	0.731963	0.990882	0.402001	0.956128	0.874116	0.984897	0.551406	0.993017	0.19817	0.941578	0.272597	0.997743	0.82209	0.913324	0.981861	0.840122	0.914605	0.926062	0.743913	0.880494</FloatingPoint>
			</Individual>
			<Individual size="2">
				<FitnessMax value="10.6385"/>
				<FloatingPoint size="50">	3.43033	0.53506	3.60312	1.41409	2.45734	3.64284	0.599879	3.45846	5.89285	5.10276	3.49537	1.20624	3.45623	5.36611	4.72587	3.39844	0.594889	3.72537	4.63273	4.33131	2.68857	0.57099	3.5812	1.48616	2.45173	3.55909	0.662256	3.30952	4.45221	4.70842	3.32087	0.256834	3.52715	5.62289	4.62694	3.50783	1.46281	4.47953	4.1895	4.26289	2.58109	1.55433	4.61665	4.65222	4.25474	2.3942	1.42776	3.1953	4.36544	4.32277</FloatingPoint>
				<FloatingPoint size="20">	0.955413	0.990881	0.793985	0.955622	0.282865	0.984897	0.398211	0.993017	0.4235	0.962598	0.163823	0.997742	0.183294	0.917455	0.985816	0.839925	0.913706	0.925845	0.652067	0.949186</FloatingPoint>
			</Individual>
			<Individual size="2">
				<FitnessMax value="9.92016"/>
				<FloatingPoint size="50">	3.41574	0.548113	3.57644	1.35788	2.4553	3.60155	0.602527	3.44905	5.63294	5.16433	3.52995	1.27678	3.78261	5.35624	4.73185	3.29794	0.604612	3.68618	4.63801	4.32919	2.68212	0.555932	3.5974	1.48651	2.44223	3.58403	0.624556	3.34569	4.41217	4.69774	3.30195	0.40736	3.52324	5.62238	4.63069	3.19254	1.46997	4.44965	4.16914	4.23628	2.58153	1.55525	4.49096	4.50971	4.26218	2.40528	1.5948	3.41201	4.36546	4.38704</FloatingPoint>
				<FloatingPoint size="20">	0.955413	0.990881	0.29241	0.955622	0.077443	0.984897	0.398211	0.993017	0.4235	0.962598	0.163823	0.251307	0.569379	0.917455	0.985816	0.839925	0.913706	0.925845	0.652067	0.949186</FloatingPoint>
			</Individual>
			<Individual size="2">
				<FitnessMax value="10.6385"/>
				<FloatingPoint size="50">	3.17349	0.490053	3.57849	1.34472	2.45531	3.51991	0.602016	3.45803	5.52222	5.33938	3.55412	1.65867	3.66382	5.35737	4.73545	3.41173	0.474779	3.65507	4.64517	4.38301	2.68899	0.648705	3.5958	1.48736	2.40564	3.51843	0.662778	3.38837	4.4139	4.63859	3.3564	0.396636	3.52973	5.62429	4.62551	3.36071	1.485	4.37701	4.17546	4.25121	2.58017	1.55406	4.48932	4.50892	4.28569	2.3885	1.57318	3.43651	4.36566	4.67207</FloatingPoint>
				<FloatingPoint size="20">	0.595596	0.990881	0.117681	0.963006	0.366144	0.984897	0.338895	0.993017	0.772252	0.947455	0.164734	0.997742	0.592286	0.918969	0.985004	0.839917	0.913726	0.92585	0.652878	0.949418</FloatingPoint>
			</Individual>
			<Individual size="2">
				<FitnessMax value="10.894"/>
				<FloatingPoint size="50">	3.4149	0.586339	3.58026	1.358	2.45887	3.14023	0.603546	3.45773	5.63002	5.1925	3.47765	1.21913	3.71543	5.36207	4.76832	3.29378	0.60679	3.68288	4.70147	4.28861	2.6913	0.783128	3.6049	1.48749	2.34398	3.52283	0.674984	3.44504	4.41083	4.63754	3.3886	0.413709	3.53145	5.62475	4.62313	3.42416	1.48671	4.44349	4.19136	4.26759	2.58359	1.55396	4.4892	4.5087	4.27372	2.40906	1.54498	3.35622	4.36512	4.86266</FloatingPoint>
				<FloatingPoint size="20">	0.391207	0.990882	0.543234	0.968329	0.874825	0.984897	0.644868	0.993017	0.786383	0.941567	0.00798274	0.997744	0.555197	0.919025	0.981882	0.840136	0.914605	0.926023	0.743921	0.880494</FloatingPoint>
			</Individual>
			<Individual size="2">
				<FitnessMax value="10.6385"/>
				<FloatingPoint size="50">	3.41574	0.548113	3.57644	1.35788	2.4553	3.60155	0.602527	3.44905	5.63294	5.16433	3.52995	1.27678	3.78261	5.35624	4.73185	3.29794	0.604612	3.68618	4.63801	4.32919	2.68212	0.555932	3.5974	1.48651	2.44223	3.58403	0.624556	3.34569	4.41217	4.69774	3.30195	0.40736	3.52324	5.62238	4.63069	3.19254	1.47006	4.44965	4.16914	4.23628	2.58153	1.55525	4.49096	4.50971	4.26218	2.40528	1.5948	3.41201	4.36546	4.38704</FloatingPoint>
				<FloatingPoint size="20">	0.593058	0.990881	0.758613	0.955955	0.0957619	0.984897	0.39464	0.993017	0.422608	0.962185	0.16384	0.997742	0.286621	0.918465	0.985192	0.839924	0.913707	0.925845	0.652158	0.949053</FloatingPoint>
			</Individual>
			<Individual size="2">
				<FitnessMax value="10.6385"/>
				<FloatingPoint size="50">	3.41268	0.400702	3.55713	1.3444	2.45562	3.53303	0.601955	3.45879	5.55595	5.19103	3.54125	1.24324	3.61581	5.35998	4.71323	3.55128	0.534641	3.68505	4.63612	4.3293	2.69231	0.534742	3.58491	1.48621	2.45617	3.54515	0.632455	3.33127	4.50652	4.676	3.30253	0.464824	3.52459	5.62301	4.43612	3.39781	1.4586	4.45674	4.18199	4.246	2.57843	1.55161	4.4936	4.63307	4.2709	2.40454	1.57707	3.38486	4.36554	4.38587</FloatingPoint>
				<FloatingPoint size="20">	0.73263	0.990881	0.192302	0.961988	0.123228	0.984898	0.0412384	0.993017	0.346761	0.947854	0.202943	0.997742	0.408298	0.89195	0.984836	0.839821	0.913304	0.925818	0.662292	0.950582</FloatingPoint>
			</Individual>
			<Individual size="2">
				<FitnessMax value="8.72606"/>
				<FloatingPoint size="50">	3.41612	0.464155	3.42045	1.38555	2.45428	3.68917	0.596096	3.45874	5.77466	5.20612	3.53477	1.24377	3.20961	5.36639	4.7031	3.87203	0.560462	3.69935	4.62388	4.34255	2.69561	0.564589	3.58234	1.48597	2.46323	3.54138	0.670468	3.31047	4.50714	4.65084	3.30547	0.52407	3.52375	2.5371	4.32442	3.51652	1.45922	4.49024	4.19294	4.26116	2.58272	1.56138	4.49924	4.80706	4.28291	2.39837	1.57376	3.18934	4.36542	4.35257</FloatingPoint>
				<FloatingPoint size="20">	0.955413	0.990881	0.793985	0.955622	0.282865	0.984897	0.398211	0.993017	0.4235	0.962598	0.163823	0.997742	0.183294	0.917455	0.985816	0.839925	0.913706	0.925845	0.652067	0.949186</FloatingPoint>
			</Individual>
			<Individual size="2">
				<FitnessMax value="10.1614"/>
				<FloatingPoint size="50">	3.42601	0.408447	3.57074	1.35514	2.45592	3.53444	0.599244	3.45859	5.77468	5.21466	3.53044	1.28844	3.61511	5.36179	4.71812	3.73044	0.464622	3.68408	4.64112	4.32441	2.70151	0.554108	3.59315	1.4862	2.44895	3.5608	0.628381	3.33003	4.47183	4.68323	3.15368	0.527034	3.52392	5.62279	4.24358	5.75995	1.46899	4.4639	4.17347	4.24008	2.57819	1.55402	4.49297	4.75667	4.2649	2.4048	1.59293	3.41016	4.36577	4.42787</FloatingPoint>
				<FloatingPoint size="20">	0.374582	0.990881	0.274495	0.962309	0.425138	0.984897	0.348546	0.993017	0.361098	0.947341	0.163917	0.997742	0.488634	0.871595	0.984993	0.8398	0.913721	0.925832	0.65309	0.946874</FloatingPoint>
			</Individual>
			<Individual size="2">
				<FitnessMax value="10.6385"/>
				<FloatingPoint size="50">	3.41141	0.663527	3.62023	1.4219	2.45776	3.77736	0.592915	3.45832	5.95906	5.10238	3.53566	1.20339	3.02463	5.36448	4.69722	3.92291	0.650152	3.7445	4.62029	4.34235	2.715	0.567914	3.57772	1.4864	2.46301	3.48909	0.661212	3.29662	4.66085	4.65471	3.31143	0.236674	3.52805	5.62425	4.0968	3.51739	1.43948	4.50805	4.19331	4.26115	2.57951	1.54642	4.5014	4.84774	4.21788	2.39117	1.51151	3.14899	4.36529	4.31538</FloatingPoint>
				<FloatingPoint size="20">	0.955413	0.990881	0.793985	0.955622	0.282865	0.984897	0.398211	0.993017	0.4235	0.962598	0.163823	0.997742	0.183294	0.917455	0.985816	0.839925	0.913706	0.925845	0.652067	0.949186</FloatingPoint>
			</Individual>
			<Individual size="2">
				<FitnessMax value="9.56805"/>
				<FloatingPoint size="50">	3.40038	0.577443	3.57846	1.34557	2.45407	3.46597	0.60286	3.47434	5.64245	5.17946	3.48626	1.3525	3.61967	5.35764	4.73006	3.35373	0.572099	3.81427	4.62308	4.4453	2.68916	0.541191	3.58799	1.48613	2.43551	3.54877	0.640421	1.89867	4.44232	4.69084	3.30953	0.377127	3.32697	5.62311	4.63066	3.35584	1.48537	4.40436	4.45428	4.25459	2.5801	1.55248	4.48994	4.51307	4.31388	2.3382	1.57012	3.49115	4.36555	4.475</FloatingPoint>
				<FloatingPoint size="20">	0.38042	0.953902	0.268624	0.962309	0.430591	0.984897	0.34256	0.993017	0.255092	0.947228	0.192991	0.997742	0.426666	0.859413	0.984975	0.839798	0.913594	0.925832	0.654143	0.931191</FloatingPoint>
			</Individual>
			<Individual size="2">
				<FitnessMax value="10.6385"/>
				<FloatingPoint size="50">	3.42925	0.491603	3.56872	1.35573	2.44993	3.4921	0.602174	3.45858	5.55854	5.19437	3.53536	1.24217	3.64489	5.36337	4.72468	3.34658	0.361317	3.6656	4.64162	4.34596	2.68432	0.501383	3.59391	1.48632	2.46604	3.58864	0.623832	3.33625	4.41355	4.67387	3.30132	0.381574	3.52178	5.62272	4.62888	3.3195	1.4699	4.40185	4.17601	4.23614	2.58199	1.55888	4.48972	4.63226	4.3681	2.40608	1.57074	3.35832	4.36545	4.43036</FloatingPoint>
				<FloatingPoint size="20">	0.955413	0.990881	0.29241	0.955622	0.077443	0.984897	0.398211	0.993017	0.4235	0.962598	0.163823	0.997742	0.569379	0.917455	0.985816	0.839925	0.913706	0.925845	0.652067	0.949186</FloatingPoint>
			</Individual>
			<Individual size="2">
				<FitnessMax value="10.6382"/>
				<FloatingPoint size="50">	3.39842	0.584953	3.58962	1.39027	2.45688	3.71011	0.598062	3.45864	5.6317	5.16741	3.55206	1.19803	3.61652	5.35818	4.70834	3.37212	0.604661	3.68602	4.63113	4.33419	2.68312	0.515375	3.57668	1.48622	2.46339	3.5295	0.636528	3.33251	4.5412	4.66878	3.30239	0.402615	3.52526	5.62323	4.62866	3.44046	1.4482	4.44959	4.19052	4.25192	2.57867	1.54921	4.49424	4.50948	4.2769	2.40428	1.56122	3.35957	4.36531	4.34387</FloatingPoint>
				<FloatingPoint size="20">	0.850959	0.990881	0.302608	0.962205	0.436375	0.984897	0.897711	0.993017	0.622372	0.946503	0.16505	0.997742	0.233261	0.900247	0.984979	0.839915	0.913709	0.925843	0.654357	0.937029</FloatingPoint>
			</Individual>
			<Individual size="2">
				<FitnessMax value="10.0621"/>
				<FloatingPoint size="50">	3.39842	0.584953	3.58962	1.39027	2.45688	3.71011	0.598062	3.45864	5.6317	5.16741	3.55206	1.19803	3.61652	5.35818	4.70834	3.37212	0.604661	3.68602	4.63113	4.33419	2.68312	0.515375	3.57668	1.48622	2.46339	3.5295	0.636528	3.33251	4.5412	4.66878	3.30239	0.402615	3.52526	5.62323	4.62866	3.44046	1.4482	4.44959	4.19052	4.25192	2.57867	1.54921	4.49424	4.50948	4.2769	2.40428	1.56122	3.35957	4.36531	4.34387</FloatingPoint>
				<FloatingPoint size="20">	0.845581	0.990882	0.350584	0.579877	0.50203	0.984897	0.424958	0.993017	0.810977	0.956806	0.17966	0.997743	0.514166	0.906402	0.984924	0.839983	0.913778	0.925877	0.71359	0.92321</FloatingPoint>
			</Individual>
			<Individual size="2">
				<FitnessMax value="10.6385"/>
				<FloatingPoint size="50">	3.18148	0.585679	3.58042	1.35708	2.45011	3.47998	0.60309	3.4585	5.62956	5.1926	3.47709	1.23788	3.68313	5.36584	4.77499	3.34459	0.59948	3.68637	4.70191	4.32487	2.6731	0.548958	3.60459	1.48563	2.46799	3.58439	0.675002	3.32447	4.4111	4.71451	3.32906	0.408822	3.52335	5.62132	4.63518	3.42263	1.48453	4.44314	4.18504	4.26756	2.58187	1.54763	4.34625	4.50917	4.28329	2.40906	1.68694	3.79401	4.36534	4.46178</FloatingPoint>
				<FloatingPoint size="20">	0.95543	0.990881	0.292397	0.955622	0.0774219	0.984897	0.39821	0.993017	0.423503	0.962598	0.163823	0.997742	0.569376	0.851844	0.985816	0.839925	0.913706	0.925845	0.652065	0.949187</FloatingPoint>
			</Individual>
			<Individual size="2">
				<FitnessMax value="10.6385"/>
				<FloatingPoint size="50">	3.42841	0.549687	3.57313	1.37315	2.4541	3.56896	0.601847	3.45852	5.63117	5.17828	3.48545	1.24459	3.63104	5.35987	4.71792	3.34835	0.532143	3.68562	4.68224	4.32355	2.72625	0.54167	3.59827	1.48656	2.46248	3.61007	0.648883	3.33986	4.41002	4.76666	3.31457	0.296116	3.5254	5.62361	4.62618	3.3894	1.47971	4.4804	4.18324	4.24888	2.63506	1.55464	4.49054	4.50958	4.27277	2.40681	1.56987	3.39881	4.36556	4.51722</FloatingPoint>
				<FloatingPoint size="20">	0.847572	0.990881	0.52535	0.957695	0.377891	0.984897	0.376702	0.993017	0.519715	0.94837	0.164022	0.997742	0.496809	0.917012	0.98484	0.83992	0.913705	0.925833	0.650653	0.949254</FloatingPoint>
			</Individual>
			<Individual size="2">
				<FitnessMax value="10.6382"/>
				<FloatingPoint size="50">	3.42841	0.549687	3.57313	1.37315	2.4541	3.56896	0.601847	3.45852	5.63117	5.17828	3.48545	1.24459	3.63104	5.35987	4.71792	3.34835	0.532143	3.68616	4.68224	4.32355	2.72625	0.54167	3.59827	1.48656	2.46248	3.61007	0.648883	3.33986	4.41002	4.76666	3.31457	0.296116	3.5254	5.62361	4.62618	3.3894	1.47971	4.4804	4.18324	4.24888	2.63506	1.55464	4.49054	4.50958	4.27277	2.40681	1.56987	3.39881	4.36556	4.51722</FloatingPoint>
				<FloatingPoint size="20">	0.847572	0.990881	0.52535	0.957695	0.377891	0.984897	0.602477	0.993017	0.519715	0.94837	0.164022	0.997742	0.496809	0.917012	0.98484	0.83992	0.913705	0.925833	0.650653	0.949198</FloatingPoint>
			</Individual>
			<Individual size="2">
				<FitnessMax value="10.6385"/>
				<FloatingPoint size="50">	3.39842	0.584953	3.58962	1.39027	2.45688	3.71011	0.598062	3.45864	5.6317	5.16741	3.55206	1.19803	3.61652	5.35818	4.70834	3.37212	0.604661	3.68602	4.63113	4.33419	2.68312	0.515375	3.57668	1.48622	2.46339	3.5295	0.636528	3.33251	4.5412	4.66878	3.30239	0.402615	3.52526	5.62323	4.62866	3.44046	1.4482	4.44959	4.19052	4.25192	2.57867	1.54921	4.49424	4.50948	4.2769	2.40428	1.56122	3.35957	4.36531	4.34387</FloatingPoint>
				<FloatingPoint size="20">	0.850959	0.990881	0.302608	0.962205	0.436375	0.984897	0.37793	0.993017	0.622372	0.946503	0.16505	0.997742	0.233261	0.900247	0.984979	0.839915	0.913709	0.925843	0.654357	0.937029</FloatingPoint>
			</Individual>
			<Individual size="2">
				<FitnessMax value="10.6385"/>
				<FloatingPoint size="50">	3.39842	0.584953	3.58962	1.39027	2.45688	3.71011	0.598062	3.45864	5.6317	5.16741	3.55206	1.19803	3.61652	5.35818	4.70834	3.37212	0.604661	3.68602	4.63113	4.33419	2.68312	0.515375	3.57668	1.48622	2.46339	3.5295	0.636528	3.33251	4.5412	4.66878	3.30239	0.402615	3.52526	5.62323	4.62866	3.44046	1.4482	4.44959	4.19052	4.25192	2.57867	1.54921	4.49424	4.50948	4.2769	2.40428	1.56122	3.35957	4.36531	4.34387</FloatingPoint>
				<FloatingPoint size="20">	0.0727205	0.990881	0.268624	0.987767	0.550676	0.984897	0.34256	0.993017	0.436026	0.947228	0.175996	0.997742	0.330961	0.859413	0.984975	0.839798	0.913594	0.925832	0.654143	0.948641</FloatingPoint>
			</Individual>
			<Individual size="2">
				<FitnessMax value="10.6385"/>
				<FloatingPoint size="50">	3.43033	0.43381	3.56937	1.35547	2.45471	3.501	0.601723	3.45858	5.60366	5.20323	3.53516	1.27893	3.63213	5.36228	4.72265	3.65589	0.377869	3.66981	4.64147	4.32859	2.69103	0.512433	3.59343	1.48622	2.46416	3.58316	0.624848	3.33301	4.4316	4.68248	3.29236	0.420527	3.52226	5.62273	4.55884	3.32031	1.46942	4.44306	4.17433	4.23882	2.57857	1.55547	4.49126	4.71591	4.32787	2.40501	1.58135	3.39826	4.36557	4.42833</FloatingPoint>
				<FloatingPoint size="20">	0.593058	0.990881	0.23115	0.96229	0.234093	0.984898	0.349048	0.993017	0.00351735	0.94764	0.168459	0.997742	0.399464	0.883109	0.984949	0.839822	0.913664	0.925819	0.654606	0.946868</FloatingPoint>
			</Individual>
			<Individual size="2">
				<FitnessMax value="10.6385"/>
				<FloatingPoint size="50">	3.42246	0.5489	3.5768	1.37441	2.45322	3.55544	0.602053	3.45848	5.63129	5.50064	3.48548	1.24488	3.64177	5.35983	4.74211	3.33031	0.541964	3.67667	4.70176	4.32631	2.70193	0.90983	3.59785	1.48636	2.42819	3.3418	0.644614	3.35067	4.41132	4.66152	3.30426	0.365082	3.52145	5.62353	4.62738	3.39628	1.47972	4.4453	4.18425	4.24317	2.60235	1.55508	4.48879	4.50937	4.27956	2.40719	1.58659	3.4394	4.36505	4.5189</FloatingPoint>
				<FloatingPoint size="20">	0.595596	0.990881	0.117681	0.963006	0.366144	0.984897	0.338895	0.993017	0.772252	0.947455	0.164734	0.997742	0.592286	0.918969	0.985004	0.839917	0.913726	0.92585	0.652878	0.949418</FloatingPoint>
			</Individual>
			<Individual size="2">
				<FitnessMax value="10.6385"/>
				<FloatingPoint size="50">	3.42901	0.553053	3.5728	1.37424	2.454	3.58243	0.601818	3.45857	5.63108	5.17881	3.48301	1.21997	3.62785	5.35989	4.71694	3.35677	0.457065	3.65405	4.64281	4.31934	2.67827	0.568028	3.59121	1.48609	2.45721	3.58778	0.638487	3.35209	4.41909	4.6892	3.3017	0.7115	3.52177	5.62298	4.62944	3.32745	1.46917	4.39466	4.17387	4.2346	2.57929	1.55552	4.49183	4.5097	4.30615	2.40525	1.58752	3.43671	4.36665	4.39457</FloatingPoint>
				<FloatingPoint size="20">	0.929017	0.990881	0.303095	0.956105	0.364378	0.984897	0.391647	0.993017	0.421338	0.961009	0.164035	0.997742	0.575018	0.918107	0.984993	0.839921	0.913709	0.925845	0.652177	0.949196</FloatingPoint>
			</Individual>
			<Individual size="2">
				<FitnessMax value="10.6385"/>
				<FloatingPoint size="50">	3.39842	0.584953	3.58962	1.39027	2.45688	3.71011	0.598062	3.45864	5.6317	5.16741	3.55206	1.19803	3.61652	5.35818	4.70834	3.37212	0.604661	3.68602	4.63113	4.33419	2.68312	0.515375	3.57668	1.48622	2.46339	3.5295	0.636528	3.33251	4.5412	4.66878	3.30239	0.402615	3.52526	5.62323	4.62866	3.44046	1.4482	4.44959	4.19052	4.25192	2.57867	1.54921	4.49424	4.50948	4.2769	2.40428	1.56122	3.35957	4.36531	4.34387</FloatingPoint>
				<FloatingPoint size="20">	0.874306	0.990881	0.303602	0.956013	0.363404	0.984897	0.189549	0.993017	0.81121	0.961212	0.196548	0.997742	0.577201	0.91897	0.984993	0.839923	0.91371	0.925845	0.652148	0.948931</FloatingPoint>
			</Individual>
			<Individual size="2">
				<FitnessMax value="9.68606"/>
				<FloatingPoint size="50">	3.39842	0.584953	3.58962	1.39027	2.45688	3.71011	0.598062	3.45864	5.6317	5.16741	3.55206	1.19803	3.61652	5.35818	4.70834	3.37212	0.604661	3.68602	2.63849	4.33419	2.68312	0.515375	3.57668	1.48622	2.46339	3.5295	0.636528	3.33251	4.5412	4.66878	3.30239	0.402615	3.52526	5.62323	4.62866	3.44046	1.4482	4.44959	4.19052	4.25192	2.57867	1.54921	4.49424	4.50948	4.2769	2.40428	1.56122	3.35957	4.36531	4.34387</FloatingPoint>
				<FloatingPoint size="20">	0.374582	0.990881	0.321942	0.959676	0.431168	0.984897	0.382719	0.993017	0.513846	0.953192	0.157481	0.997742	0.303446	0.911294	0.984879	0.839917	0.913708	0.925839	0.653658	0.94301</FloatingPoint>
			</Individual>
			<Individual size="2">
				<FitnessMax value="10.6385"/>
				<FloatingPoint size="50">	3.42601	0.408447	3.57074	1.35514	2.45592	3.53444	0.599244	3.45859	5.77468	5.21466	3.53044	1.28844	3.61511	5.36179	4.71812	3.73044	0.464622	3.68408	4.64112	4.32441	2.70151	0.554108	3.59315	1.4862	2.44895	3.5608	0.628381	3.33003	4.47183	4.68323	3.30267	0.527034	3.52392	5.62279	4.24358	3.35517	1.46899	4.4639	4.17347	4.24008	2.57819	1.55402	4.49297	4.75667	4.2649	2.4048	1.59293	3.41016	4.36577	4.42787</FloatingPoint>
				<FloatingPoint size="20">	0.955413	0.990881	0.29241	0.955622	0.282865	0.984897	0.398211	0.993017	0.4235	0.962598	0.163823	0.997742	0.183294	0.917455	0.985816	0.839925	0.913706	0.925845	0.652067	0.949186</FloatingPoint>
			</Individual>
			<Individual size="2">
				<FitnessMax value="10.6385"/>
				<FloatingPoint size="50">	3.39842	0.584953	3.58962	1.39027	2.45688	3.71011	0.598062	3.45864	5.6317	5.16741	3.55206	1.19803	3.61652	5.35818	4.70834	3.37212	0.604661	3.68602	4.63113	4.33419	2.68312	0.515375	3.57668	1.48622	2.46339	3.5295	0.636528	3.33251	4.5412	4.66878	3.30239	0.402615	3.52526	5.62323	4.62866	3.44046	1.4482	4.44959	4.19052	4.25192	2.57867	1.54921	4.49424	4.50948	4.2769	2.40428	1.56122	3.35957	4.36531	4.34387</FloatingPoint>
				<FloatingPoint size="20">	0.374582	0.990881	0.268624	0.962309	0.430591	0.984897	0.34256	0.993017	0.335066	0.947228	0.175996	0.997742	0.426666	0.859413	0.984975	0.839798	0.913594	0.925832	0.654143	0.931191</FloatingPoint>
			</Individual>
			<Individual size="2">
				<FitnessMax value="10.6385"/>
				<FloatingPoint size="50">	3.41574	0.261916	3.57644	1.35788	2.45372	3.47088	0.602033	3.45851	5.63294	5.18852	3.52995	1.27678	3.62625	5.35966	4.73185	3.33432	0.263504	3.68618	4.63801	4.32919	2.68212	0.555932	3.59223	1.48635	2.44223	3.58263	0.624556	3.34492	4.41217	4.69774	3.30087	0.40736	3.52155	5.62271	4.63069	3.34433	1.47288	4.44965	4.16914	4.23628	2.57996	1.55525	4.49096	4.50959	4.26218	2.40464	1.5948	3.41201	4.36546	4.42808</FloatingPoint>
				<FloatingPoint size="20">	0.593058	0.990881	0.292769	0.955955	0.0957619	0.984897	0.39464	0.993017	0.422608	0.962185	0.16384	0.997742	0.286621	0.918465	0.985192	0.839924	0.913707	0.925845	0.652158	0.949053</FloatingPoint>
			</Individual>
			<Individual size="2">
				<FitnessMax value="10.6385"/>
				<FloatingPoint size="50">	3.41268	0.400702	3.55713	1.3444	2.45562	3.53303	0.601955	3.45879	5.55595	5.24205	3.54447	1.26617	3.956	5.3574	4.72245	3.33743	0.468172	3.65084	4.64523	4.32179	2.67926	0.55383	3.58905	1.4861	2.45224	3.57741	0.615906	3.35121	4.41771	4.68826	3.29741	0.59611	3.5226	5.6223	4.63138	3.329	1.4696	4.42722	4.17548	4.23729	2.57781	1.5546	4.48912	4.50955	4.30141	2.41223	1.6148	3.52059	4.36568	4.42643</FloatingPoint>
				<FloatingPoint size="20">	0.73263	0.990881	0.29241	0.955622	0.123228	0.984897	0.398211	0.993017	0.346761	0.962598	0.202943	0.997742	0.569379	0.917455	0.985816	0.839821	0.913304	0.925845	0.662292	0.949186</FloatingPoint>
			</Individual>
			<Individual size="2">
				<FitnessMax value="10.6385"/>
				<FloatingPoint size="50">	3.42841	0.549687	3.57313	1.37315	2.4541	3.56896	0.601847	3.45852	5.63117	5.17828	3.48545	1.24459	3.63104	5.35987	4.71792	3.35514	0.463376	3.65437	4.64531	4.32069	2.6789	0.557163	3.59142	1.48605	2.45486	3.58589	0.63869	3.35441	4.41909	4.68833	3.30472	0.696737	3.52185	5.62304	4.6295	3.3284	1.46896	4.39236	4.17427	4.23477	2.57944	1.55546	4.49182	4.50966	4.30615	2.40531	1.58562	3.43457	4.36659	4.41539</FloatingPoint>
				<FloatingPoint size="20">	0.929017	0.990881	0.303095	0.956105	0.364378	0.984897	0.391647	0.993017	0.421338	0.961009	0.164035	0.997742	0.575018	0.918107	0.984993	0.839921	0.913709	0.925845	0.652177	0.949196</FloatingPoint>
			</Individual>
			<Individual size="2">
				<FitnessMax value="9.72816"/>
				<FloatingPoint size="50">	3.16268	0.427309	3.57786	1.34663	2.45549	3.40315	3.70239	3.45745	5.65204	5.1865	3.57778	1.72329	3.66931	5.35709	4.73103	3.32878	0.472185	3.65623	4.64306	4.4004	2.69366	0.593462	3.58897	1.48638	2.44533	3.59989	0.623642	3.35698	4.42264	4.67781	3.30157	0.335929	3.52207	5.6228	4.63047	3.29735	1.46782	4.29415	4.17309	4.23566	2.58019	1.55557	4.4913	4.50975	4.32029	2.40543	1.56898	3.38132	4.3657	4.41202</FloatingPoint>
				<FloatingPoint size="20">	0.73263	0.990881	0.29629	0.962318	0.234293	0.984897	0.341887	0.993017	0.659563	0.948	0.163518	0.997742	0.360367	0.858734	0.984815	0.839938	0.928532	0.925828	0.391744	0.94082</FloatingPoint>
			</Individual>
			<Individual size="2">
				<FitnessMax value="10.6385"/>
				<FloatingPoint size="50">	3.42841	0.250629	3.57313	1.37315	2.4541	3.56896	0.601847	3.45852	5.63117	5.17828	3.48545	1.24459	3.63104	5.35987	4.71792	3.35514	0.463376	3.65437	4.64531	4.32069	2.6789	0.557163	3.59142	1.48605	2.45486	3.58589	0.63869	3.35441	4.41909	4.68833	3.30472	0.696737	3.52185	5.62304	4.6295	3.3284	1.46896	4.39236	4.17427	4.23477	2.57944	1.55546	4.49182	4.50966	4.30615	2.40531	1.58562	3.43457	4.36659	4.41539</FloatingPoint>
				<FloatingPoint size="20">	0.596629	0.990881	0.376877	0.956013	0.363404	0.984897	0.39237	0.993017	0.482826	0.961212	0.163859	0.997742	0.577201	0.901423	0.984993	0.839923	0.91371	0.925845	0.652148	0.948931</FloatingPoint>
			</Individual>
			<Individual size="2">
				<FitnessMax value="10.6382"/>
				<FloatingPoint size="50">	3.42993	0.31618	3.575	1.35613	2.4548	3.48638	0.600441	3.45857	5.65329	5.1945	3.53038	1.27868	3.62315	5.35982	4.72216	3.62104	0.276275	3.68592	4.64099	4.3267	2.69963	0.555636	3.59307	1.48631	2.44249	3.57069	0.627463	3.33126	4.4185	4.68897	3.30186	0.485303	3.52337	5.62273	4.24873	3.34715	1.4711	4.45596	4.16932	4.23889	2.57938	1.55515	4.49267	4.6067	4.26487	2.40466	1.59315	3.41026	4.36547	4.42789</FloatingPoint>
				<FloatingPoint size="20">	0.955413	0.990881	0.29241	0.955622	0.196234	0.984897	0.398211	0.993017	0.472063	0.962598	0.850345	0.997742	0.190006	0.917455	0.985816	0.839925	0.913706	0.925845	0.652067	0.949186</FloatingPoint>
			</Individual>
			<Individual size="2">
				<FitnessMax value="10.6385"/>
				<FloatingPoint size="50">	3.42998	0.426006	3.57288	1.34843	2.45529	3.42026	0.602055	3.45778	5.61331	5.19175	3.57362	1.26496	3.6598	5.35759	4.73028	3.31903	0.310008	3.65111	4.63429	4.36012	2.68597	0.587623	3.59006	1.48638	2.44616	3.59408	0.616922	3.35581	4.41379	4.68611	3.30162	0.42926	3.52267	5.62203	4.6321	3.36724	1.47751	4.44655	4.18056	4.25026	2.58031	1.55337	4.48816	4.50891	4.27196	2.41028	1.56388	3.37479	4.36538	4.62202</FloatingPoint>
				<FloatingPoint size="20">	0.316758	0.990881	0.268624	0.987767	0.550676	0.984897	0.34256	0.993017	0.436026	0.947228	0.175996	0.997742	0.330961	0.859413	0.984975	0.839798	0.913594	0.925832	0.654143	0.948641</FloatingPoint>
			</Individual>
			<Individual size="2">
				<FitnessMax value="10.6385"/>
				<FloatingPoint size="50">	3.42841	0.549687	3.57313	1.37315	2.4541	3.56896	0.601847	3.45852	5.63117	5.17828	3.48545	1.24459	3.63104	5.35987	4.71792	3.34835	0.532143	3.68562	4.68224	4.32355	2.72625	0.54167	3.59827	1.48656	2.46248	3.61007	0.648883	3.33986	4.41002	4.76666	3.31457	0.296116	3.5254	5.62361	4.62618	3.3894	1.47971	4.4804	4.18324	4.24888	2.63506	1.55464	4.49054	4.50958	4.27277	2.40681	1.56987	3.39881	4.36556	4.51722</FloatingPoint>
				<FloatingPoint size="20">	0.391207	0.990881	0.466468	0.957732	0.390595	0.984897	0.384586	0.993017	0.45571	0.957499	0.163312	0.997742	0.52295	0.896275	0.984975	0.839913	0.913668	0.925839	0.65231	0.949086</FloatingPoint>
			</Individual>
			<Individual size="2">
				<FitnessMax value="9.56765"/>
				<FloatingPoint size="50">	3.4149	0.586339	3.58026	1.358	2.45887	3.14023	0.603546	3.45773	5.63002	5.1925	3.47765	1.21913	3.71543	5.36207	4.76832	3.29378	0.60679	3.68288	4.70147	4.28861	2.6913	0.783128	3.6049	1.48749	2.34398	3.52283	4.70421	3.44504	4.41083	4.63754	3.3886	0.413709	3.53145	5.62475	4.62313	3.42416	1.48671	4.44349	4.19136	4.26759	2.58359	1.55396	4.4892	4.5087	4.27372	2.40906	1.54498	3.35622	4.36512	4.86266</FloatingPoint>
				<FloatingPoint size="20">	0.391207	0.990882	0.543234	0.968329	0.874825	0.984897	0.644868	0.993017	0.786383	0.941567	0.00798274	0.997744	0.555197	0.919025	0.981882	0.840136	0.914605	0.926023	0.743921	0.880494</FloatingPoint>
			</Individual>
			<Individual size="2">
				<FitnessMax value="10.1695"/>
				<FloatingPoint size="50">	3.41404	0.396323	3.57679	1.35726	2.45693	3.59224	0.60279	3.45804	5.633	5.19914	3.50676	1.75754	3.68287	5.36403	4.72426	3.33535	0.600566	4.78953	4.69938	4.33788	2.68721	0.639077	3.59423	1.48633	2.40877	3.56772	0.644366	3.40518	4.41567	4.70402	3.33447	0.402655	3.52515	5.62352	4.63608	3.33123	1.47289	4.39383	4.18106	4.25292	2.5806	1.55468	4.49132	4.50927	4.29362	2.40774	1.36457	3.37298	4.36538	4.58717</FloatingPoint>
				<FloatingPoint size="20">	0.595596	0.990881	0.345049	0.962309	0.445932	0.984897	0.377989	0.993017	0.671568	0.947329	0.162768	0.997742	0.288668	0.859413	0.984975	0.839884	0.913699	0.925832	0.653593	0.933358</FloatingPoint>
			</Individual>
			<Individual size="2">
				<FitnessMax value="10.894"/>
				<FloatingPoint size="50">	3.18148	0.585679	3.58042	1.35708	2.45011	3.47998	0.60309	3.4585	5.62956	5.1926	3.47709	1.23788	3.68313	5.36584	4.77499	3.34459	0.59948	3.68637	4.70191	4.32487	2.6731	0.548958	3.60459	1.48563	2.46799	3.58439	0.675002	3.32447	4.4111	4.71451	3.32906	0.408822	3.52335	5.62132	4.63518	3.42263	1.48453	4.44314	4.18504	4.26756	2.58187	1.54763	4.48422	4.50917	4.28329	2.40906	1.68694	3.79401	4.36534	4.46178</FloatingPoint>
				<FloatingPoint size="20">	0.316815	0.990882	0.763371	0.976857	0.873633	0.984897	0.509477	0.993017	0.14873	0.941542	0.350408	0.997741	0.602522	0.919053	0.981924	0.83999	0.914605	0.92584	0.744081	0.880494</FloatingPoint>
			</Individual>
			<Individual size="2">
				<FitnessMax value="1.12733"/>
				<FloatingPoint size="50">	3.42998	0.503383	3.5803	1.35682	2.45224	3.47655	0.603261	3.45851	5.62832	5.19206	3.47746	1.23637	3.65885	5.36757	4.71847	3.3584	0.606774	3.68522	4.70197	4.32095	2.68999	0.534007	3.6048	1.48668	2.46799	3.58874	0.675048	3.32912	4.40876	4.63857	3.33971	0.25977	3.52671	5.62351	4.62272	3.42665	1.48649	4.4431	4.18556	4.26757	2.58459	1.55449	4.48658	4.50906	4.28117	2.40906	1.55736	3.35587	4.36527	4.58054</FloatingPoint>
				<FloatingPoint size="20">	0.731963	0.990882	0.402001	0.956128	0.874116	0.984897	0.551406	0.993017	0.19817	0.941578	0.272597	0.997743	0.82209	0.913324	0.981861	0.199414	0.914605	0.926062	0.743913	0.880494</FloatingPoint>
			</Individual>
			<Individual size="2">
				<FitnessMax value="10.6385"/>
				<FloatingPoint size="50">	3.42385	0.522652	3.58039	1.36679	2.45728	3.47753	0.602402	3.45852	5.6282	5.1946	3.47851	1.23721	3.63222	5.36705	4.73954	3.36552	0.481561	3.6721	4.69864	4.32324	2.68257	0.574461	3.59369	1.48584	2.44362	3.58177	0.66547	3.36448	4.41167	4.7279	3.33091	0.411375	3.523	5.62281	4.64135	3.38278	1.47796	4.41052	4.18334	4.26544	2.58173	1.55509	4.4868	4.50946	4.28528	2.40929	1.3501	3.36037	4.36546	4.32692</FloatingPoint>
				<FloatingPoint size="20">	0.595596	0.97668	0.280521	0.962841	0.418116	0.984897	0.362831	0.993017	0.757804	0.960036	0.167059	0.997742	0.549575	0.864779	0.984977	0.839821	0.913696	0.925841	0.65357	0.939659</FloatingPoint>
			</Individual>
			<Individual size="2">
				<FitnessMax value="10.6385"/>
				<FloatingPoint size="50">	3.39775	0.569775	3.59032	1.34564	2.45578	3.61749	0.602129	3.45486	5.63843	5.18095	3.59588	1.22297	3.61864	5.35657	4.73519	3.35278	0.602713	3.64115	4.68101	4.30702	2.684	0.516313	3.60125	1.48623	2.36421	3.56934	0.625782	3.36616	4.44933	4.66934	3.31088	0.341347	3.5228	5.63596	4.62325	3.2974	1.49527	4.11617	4.18339	4.26115	2.57758	1.54957	4.49225	4.5092	4.31342	2.40274	1.53533	3.40698	4.36571	4.42068</FloatingPoint>
				<FloatingPoint size="20">	0.38042	0.990881	0.268624	0.962309	0.430591	0.984897	0.34256	0.993017	0.255092	0.947228	0.192991	0.997742	0.426666	0.859413	0.984975	0.839798	0.913594	0.925832	0.654143	0.931191</FloatingPoint>
			</Individual>
			<Individual size="2">
				<FitnessMax value="10.6385"/>
				<FloatingPoint size="50">	3.41612	0.59104	3.576	1.31525	2.4593	3.51007	0.602038	3.45856	5.63324	5.19272	3.47321	1.22078	3.63402	5.35791	4.73069	3.32639	0.607052	3.68502	4.63435	4.29463	2.68193	0.556114	3.59484	1.48759	2.28519	3.56913	0.675419	3.34994	4.41303	4.64074	3.41372	0.398208	3.52167	5.62477	4.61115	3.32824	1.49567	4.35649	4.19277	4.25842	2.57179	1.55462	4.48377	4.50892	4.2772	2.31617	1.55846	3.36734	4.36528	4.57914</FloatingPoint>
				<FloatingPoint size="20">	0.316758	0.990881	0.345049	0.962309	0.454124	0.984897	0.377989	0.993017	0.369168	0.947329	0.0991843	0.997742	0.32734	0.860531	0.98497	0.8398	0.913626	0.92583	0.669406	0.948896</FloatingPoint>
			</Individual>
			<Individual size="2">
				<FitnessMax value="10.6385"/>
				<FloatingPoint size="50">	3.42946	0.435737	3.29391	1.35291	2.44936	3.52861	0.602275	3.45875	5.58318	5.21587	3.48059	1.2552	3.94936	5.36659	4.7081	3.36978	0.507731	3.65968	4.65728	4.34596	2.68735	0.522988	3.58978	1.48585	2.46326	3.58075	0.672811	3.33839	4.4158	4.64931	3.2991	0.538334	3.52078	5.62261	4.63132	3.36802	1.47538	4.43203	4.18062	4.26139	2.58424	1.5621	4.48802	4.5093	4.29369	2.41019	1.59052	3.3259	4.36545	4.3574</FloatingPoint>
				<FloatingPoint size="20">	0.59554	0.990881	0.28941	0.963007	0.366243	0.984897	0.338926	0.993017	0.825311	0.947455	0.164718	0.997742	0.335757	0.91898	0.985004	0.839917	0.913726	0.92585	0.652874	0.949418</FloatingPoint>
			</Individual>
			<Individual size="2">
				<FitnessMax value="10.6385"/>
				<FloatingPoint size="50">	3.42913	0.569775	3.61632	1.34564	2.45578	3.34369	0.602129	3.45486	5.63843	5.18095	3.59588	1.20512	3.67807	5.35657	4.73519	3.35278	0.602713	3.64115	4.65382	4.5145	2.69307	0.602928	3.58766	1.48639	2.45717	3.60213	0.625782	3.36616	4.44933	4.67667	3.3043	0.341347	3.5228	5.62264	4.63116	3.2974	1.46794	4.281	4.25931	4.24044	2.57758	1.55477	4.49225	4.50971	4.31342	2.40679	1.53533	3.40698	4.36571	4.42068</FloatingPoint>
				<FloatingPoint size="20">	0.38042	0.990881	0.268624	0.962309	0.430591	0.984897	0.34256	0.993017	0.255092	0.947228	0.192991	0.997742	0.426666	0.859413	0.984975	0.839798	0.913594	0.925832	0.654143	0.931191</FloatingPoint>
			</Individual>
			<Individual size="2">
				<FitnessMax value="9.07691"/>
				<FloatingPoint size="50">	3.43066	0.585783	3.58042	1.35796	2.45622	3.48176	0.603137	3.45852	5.62794	5.19205	3.47728	1.23715	3.60599	5.36776	4.70782	3.38595	0.606777	3.68642	4.70169	4.308	2.69103	0.495482	3.60474	1.48584	2.468	3.56832	0.675033	3.32437	4.41117	4.73765	3.31495	0.414955	3.523	5.62286	4.6414	3.38219	1.4856	4.44331	4.18371	4.26756	2.58223	1.55516	4.48488	4.50914	4.28528	2.40906	1.55004	3.35576	4.3654	4.3269</FloatingPoint>
				<FloatingPoint size="20">	0.751436	0.990882	0.439502	0.965257	0.65009	0.984897	0.630058	0.993017	0.253459	0.94874	0.223465	0.997743	0.515603	0.906108	0.983437	0.840022	0.91412	0.92593	0.699004	0.401532</FloatingPoint>
			</Individual>
			<Individual size="2">
				<FitnessMax value="9.33125"/>
				<FloatingPoint size="50">	3.42601	0.408439	3.57074	1.35515	2.45592	3.53445	0.599244	3.45859	5.77469	5.21466	3.53044	1.28845	3.61511	5.36179	4.71812	3.73046	0.464614	3.68408	4.64112	4.3244	2.70151	0.554108	3.59315	1.48599	2.44895	3.5608	0.628381	3.33003	4.47183	4.68323	3.15367	0.527041	3.52392	5.62279	4.24356	3.35517	1.46899	4.46391	4.17347	4.24008	2.57819	1.55402	4.49297	4.75668	4.26489	2.4048	1.59293	3.41016	4.36577	4.42787</FloatingPoint>
				<FloatingPoint size="20">	0.518438	0.501373	0.271167	0.962328	0.498426	0.984897	0.34951	0.993017	0.607737	0.947338	0.163071	0.997742	0.323033	0.880407	0.984969	0.839822	0.913702	0.92583	0.653112	0.943137</FloatingPoint>
			</Individual>
			<Individual size="2">
				<FitnessMax value="9.68606"/>
				<FloatingPoint size="50">	3.37091	0.591201	3.57644	1.33192	2.45237	3.45437	0.602645	3.49024	5.64096	5.18887	3.52362	1.46835	3.65972	5.36276	4.75723	3.3348	0.537742	3.67126	4.55236	4.34901	2.68788	0.576062	3.57914	1.48608	2.40349	3.55255	0.646841	0.485329	4.41972	4.64715	3.3194	0.413236	3.52335	5.62328	4.62705	3.34583	1.48528	4.4694	4.18346	4.24375	2.58092	1.55029	4.48654	4.51689	4.31667	2.26875	1.58586	3.60874	4.36524	4.4419</FloatingPoint>
				<FloatingPoint size="20">	0.593058	0.990881	0.293225	0.960261	0.42186	0.984897	0.361633	0.993017	0.512	0.950613	0.176754	0.997742	0.431762	0.910926	0.984982	0.839885	0.913636	0.925837	0.652234	0.932681</FloatingPoint>
			</Individual>
			<Individual size="2">
				<FitnessMax value="10.6385"/>
				<FloatingPoint size="50">	3.42925	0.503847	3.57849	1.34472	2.45524	3.51991	0.602013	3.45837	5.52222	5.33938	3.53646	1.21582	3.6472	5.35746	4.73545	3.43487	0.493211	3.64706	4.68094	4.40896	2.68612	0.75908	3.59236	1.48637	2.44705	3.49385	0.61423	3.33744	4.41681	4.68746	3.30119	0.392104	3.52305	5.62248	4.63208	3.33358	1.47716	4.35929	4.17772	4.24225	2.57665	1.55459	4.48827	4.50938	4.29172	2.28286	1.57884	3.48083	4.36548	4.51095</FloatingPoint>
				<FloatingPoint size="20">	0.595596	0.990881	0.117681	0.963006	0.366144	0.984897	0.338895	0.993017	0.772252	0.947455	0.164734	0.997742	0.592286	0.918969	0.985004	0.839917	0.913726	0.92585	0.652878	0.949418</FloatingPoint>
			</Individual>
			<Individual size="2">
				<FitnessMax value="10.6382"/>
				<FloatingPoint size="50">	3.43004	0.505142	3.58433	1.4061	2.45628	3.29786	0.565209	3.45836	5.65355	5.23304	3.53002	1.27096	3.718	5.35985	4.74414	3.35064	0.3835	3.68719	4.67869	4.32062	2.69101	0.615031	3.591	1.48632	2.44775	3.56232	0.63323	3.34999	4.41985	4.68629	3.30276	0.481388	3.52332	5.62274	4.49613	3.36093	1.47112	4.33745	4.17698	4.23934	2.5763	1.55573	4.49162	4.53413	4.26694	2.53124	1.586	3.41224	4.36559	4.41362</FloatingPoint>
				<FloatingPoint size="20">	0.955413	0.990881	0.29241	0.955622	0.196234	0.984897	0.398211	0.993017	0.472063	0.962598	0.850345	0.997742	0.694917	0.917455	0.985816	0.839925	0.913706	0.925845	0.652067	0.949186</FloatingPoint>
			</Individual>
			<Individual size="2">
				<FitnessMax value="10.6385"/>
				<FloatingPoint size="50">	3.42601	0.408447	3.57074	1.35514	2.45592	3.53444	0.599244	3.45859	5.77468	5.21466	3.53044	1.28844	3.61511	5.36179	4.71812	3.73044	0.464622	3.68408	4.64112	4.32441	2.70151	0.554108	3.59315	1.4862	2.44895	3.5608	0.628381	3.33003	4.47183	4.68323	3.15368	0.527034	3.52392	5.62279	4.24358	3.35517	1.46899	4.4639	4.17347	4.24008	2.57819	1.55402	4.49297	4.75667	4.2649	2.4048	1.59293	3.41016	4.36577	4.42787</FloatingPoint>
				<FloatingPoint size="20">	0.518438	0.990881	0.271167	0.962328	0.498426	0.984897	0.34951	0.993017	0.607737	0.947338	0.163071	0.997742	0.323033	0.880407	0.984969	0.839822	0.913702	0.92583	0.653112	0.943137</FloatingPoint>
			</Individual>
			<Individual size="2">
				<FitnessMax value="10.6385"/>
				<FloatingPoint size="50">	3.41195	0.312815	3.5735	1.36396	2.45761	3.89499	0.603137	3.45851	5.63314	5.20899	3.47741	1.7595	3.66844	5.36776	4.71028	3.34938	0.606777	3.68642	4.70169	4.32689	2.6824	0.495482	3.59282	1.48584	2.41157	3.58874	0.645819	3.40773	4.41216	4.73765	3.30146	0.414955	3.52671	5.6229	4.6414	3.31435	1.47237	4.4431	4.17952	4.26756	2.57877	1.55528	4.49075	4.50955	4.28117	2.40906	1.18291	3.35576	4.3654	4.3269</FloatingPoint>
				<FloatingPoint size="20">	0.884716	0.990881	0.542569	0.962117	0.433126	0.984897	0.465844	0.993017	0.395491	0.950872	0.164523	0.997742	0.291192	0.914028	0.98492	0.839919	0.91371	0.925833	0.652765	0.949416</FloatingPoint>
			</Individual>
			<Individual size="2">
				<FitnessMax value="10.6385"/>
				<FloatingPoint size="50">	3.42998	0.426006	3.57288	1.34843	2.45529	3.42026	0.602055	3.45778	5.61331	5.19175	3.57362	1.26496	3.6598	5.35759	4.73028	3.31903	0.310008	3.65111	4.63429	4.36012	2.68597	0.587623	3.59006	1.48638	2.44616	3.59408	0.616922	3.35581	4.41379	4.68611	3.30162	0.42926	3.52267	5.62203	4.6321	3.36724	1.47751	4.44655	4.18056	4.25026	2.58031	1.55337	4.48816	4.50891	4.27196	2.41028	1.56388	3.37479	4.36538	4.62202</FloatingPoint>
				<FloatingPoint size="20">	0.316758	0.990881	0.268624	0.987767	0.550676	0.984897	0.34256	0.993017	0.436026	0.947228	0.175996	0.997742	0.350833	0.859413	0.984975	0.839798	0.913594	0.925832	0.654143	0.948641</FloatingPoint>
			</Individual>
			<Individual size="2">
				<FitnessMax value="9.01581"/>
				<FloatingPoint size="50">	3.4149	0.586339	3.58026	1.358	2.45887	3.14023	0.603546	3.45773	5.63002	5.1925	3.47765	1.21913	3.71543	5.36207	4.76832	3.29378	0.60679	3.68288	4.70147	4.28861	2.6913	3.79405	3.6049	1.48749	2.34398	3.52283	0.674984	3.44504	4.41083	4.63754	3.3886	0.413709	3.53145	5.62475	4.62313	3.42416	1.48671	4.44349	4.19136	4.26759	2.58359	1.55396	4.4892	4.5087	4.27372	2.40906	1.54498	3.35622	4.36512	4.86266</FloatingPoint>
				<FloatingPoint size="20">	0.73263	0.990882	0.405448	0.966717	0.523351	0.984897	0.462035	0.993017	0.7801	0.944897	0.137488	0.997743	0.494306	0.901219	0.984845	0.839988	0.914066	0.925892	0.726086	0.917901</FloatingPoint>
			</Individual>
			<Individual size="2">
				<FitnessMax value="10.6385"/>
				<FloatingPoint size="50">	3.41612	0.479831	3.58007	1.35056	2.45625	3.28948	0.602444	3.45757	5.63286	5.18928	3.53612	1.75558	3.6973	5.3603	4.73825	3.32132	0.594355	3.66108	4.69708	4.34886	2.69202	0.782673	3.59565	1.48683	2.40597	3.5467	0.642914	3.40263	4.41918	4.67039	3.36749	0.390356	3.5236	5.62413	4.63075	3.34811	1.4734	4.34455	4.18259	4.23828	2.58244	1.55408	4.49189	4.50898	4.30608	2.40642	1.54624	3.39021	4.36535	4.84744</FloatingPoint>
				<FloatingPoint size="20">	0.595596	0.990881	0.345049	0.962309	0.445932	0.984897	0.377989	0.993017	0.671568	0.947329	0.162768	0.997742	0.288668	0.859413	0.984975	0.839884	0.913699	0.925832	0.653593	0.933358</FloatingPoint>
			</Individual>
			<Individual size="2">
				<FitnessMax value="10.6385"/>
				<FloatingPoint size="50">	3.16268	0.427309	3.57849	1.34472	2.45549	3.51991	0.602036	3.45745	5.52222	5.33938	3.57778	1.72329	3.66931	5.35709	4.73545	3.32878	0.493211	3.65623	4.64306	4.4004	2.68612	0.593462	3.59236	1.48638	2.44705	3.49385	0.623642	3.33744	4.42264	4.67781	3.30157	0.335929	3.52305	5.62248	4.63047	3.29735	1.46782	4.29415	4.17309	4.23566	2.57665	1.55459	4.48953	4.50959	4.30498	2.28286	1.60614	3.48083	4.36569	4.51095</FloatingPoint>
				<FloatingPoint size="20">	0.595596	0.990881	0.117681	0.963006	0.366144	0.984897	0.338895	0.993017	0.772252	0.947455	0.164734	0.997742	0.592286	0.918969	0.985004	0.839917	0.913726	0.92585	0.652878	0.949418</FloatingPoint>
			</Individual>
			<Individual size="2">
				<FitnessMax value="6.59293"/>
				<FloatingPoint size="50">	3.43066	0.585783	3.58042	1.35796	2.45622	3.48176	0.603137	3.45852	5.62794	5.19205	3.47728	1.23715	3.60599	5.36776	4.70782	3.38595	0.606777	3.68642	4.70169	4.308	2.69103	0.495482	3.60474	1.48584	2.468	3.56832	0.675033	3.32437	4.41117	4.73765	3.31495	0.414955	3.523	5.62286	4.6414	3.38219	1.4856	4.44331	4.18371	4.26756	2.58223	1.55516	4.48488	4.50914	4.28528	2.40906	1.55004	3.35576	4.3654	4.3269</FloatingPoint>
				<FloatingPoint size="20">	0.902135	0.990882	0.510061	0.971421	0.871747	0.0613543	0.875249	0.993017	0.115731	0.941614	0.347541	0.997744	0.555197	0.919025	0.981882	0.840136	0.914605	0.926023	0.743921	0.880494</FloatingPoint>
			</Individual>
			<Individual size="2">
				<FitnessMax value="10.6385"/>
				<FloatingPoint size="50">	3.42841	0.549687	3.57313	1.37315	2.4541	3.56896	0.601847	3.45852	5.63117	5.17828	3.48545	1.24459	3.63104	5.35987	4.71792	3.35514	0.463376	3.65437	4.64531	4.32069	2.6789	0.557163	3.59142	1.48605	2.45486	3.58589	0.63869	3.35441	4.41909	4.68833	3.30472	0.696737	3.52185	5.62304	4.6295	3.3284	1.46896	4.39236	4.17427	4.23477	2.57944	1.55546	4.49182	4.50966	4.30615	2.40531	1.58562	3.43457	4.36659	4.41539</FloatingPoint>
				<FloatingPoint size="20">	0.813886	0.990881	0.53304	0.958748	0.364882	0.984897	0.364226	0.993017	0.574069	0.958201	0.164279	0.997742	0.577531	0.918734	0.984997	0.839919	0.913719	0.925846	0.652545	0.949252</FloatingPoint>
			</Individual>
			<Individual size="2">
				<FitnessMax value="10.5184"/>
				<FloatingPoint size="50">	3.42925	0.503847	3.57849	1.34472	2.45524	3.51991	0.602013	3.45837	5.52222	5.33938	3.53646	1.21582	3.6472	5.35746	4.73545	3.43487	0.493211	3.64706	4.68094	4.40896	2.68612	0.75908	3.59236	1.48637	2.44705	3.49385	0.61423	3.33744	4.41681	4.68746	3.30119	0.392104	3.52305	5.62248	4.63208	3.33358	1.47716	4.35929	4.17772	4.24225	2.57665	1.55459	4.48827	4.50938	4.29172	2.28286	1.57884	3.48083	4.36548	4.51095</FloatingPoint>
				<FloatingPoint size="20">	0.595596	0.990881	0.117681	0.963006	0.366144	0.984897	0.338895	0.993017	0.772252	0.947455	0.164734	0.936659	0.592286	0.918969	0.985004	0.839917	0.913726	0.925834	0.652447	0.941152</FloatingPoint>
			</Individual>
			<Individual size="2">
				<FitnessMax value="7.90671"/>
				<FloatingPoint size="50">	3.42601	0.408439	3.57074	1.35515	2.45592	3.53445	0.599244	3.45859	5.77469	5.21466	3.53044	1.28845	3.61511	5.36179	4.71812	3.73046	0.464614	3.68408	4.64112	4.3244	2.70151	0.554108	3.59315	1.48599	2.44895	3.5608	0.628381	3.33003	4.47183	4.68323	3.15367	0.527041	3.52392	5.62279	4.24356	3.35517	1.46899	4.46391	4.17347	4.24008	2.57819	1.55402	4.49297	4.75668	4.26489	2.4048	1.59293	3.41016	4.36577	4.42787</FloatingPoint>
				<FloatingPoint size="20">	0.731963	0.673596	0.175196	0.96294	0.482873	0.984897	0.348305	0.993017	0.609115	0.9474	0.164227	0.997742	0.427871	0.890966	0.984989	0.839866	0.91372	0.925849	0.652995	0.0866216</FloatingPoint>
			</Individual>
			<Individual size="2">
				<FitnessMax value="10.6385"/>
				<FloatingPoint size="50">	3.42601	0.408447	3.57074	1.35514	2.45592	3.53444	0.599244	3.45859	5.77468	5.21466	3.53044	1.28844	3.61511	5.36179	4.71812	3.73044	0.464622	3.68408	4.64112	4.32441	2.70151	0.554108	3.59315	1.4862	2.44895	3.5608	0.628381	3.33003	4.47183	4.68323	3.30267	0.527034	3.52392	5.62279	4.24358	3.35517	1.46899	4.4639	4.17347	4.24008	2.57819	1.55402	4.49297	4.75667	4.2649	2.4048	1.59293	3.41016	4.36577	4.42787</FloatingPoint>
				<FloatingPoint size="20">	0.0188699	0.990881	0.00688363	0.962285	0.498451	0.984897	0.245008	0.993017	0.507339	0.947371	0.171112	0.997742	0.401784	0.885256	0.984958	0.839813	0.913615	0.925831	0.653113	0.94421</FloatingPoint>
			</Individual>
			<Individual size="2">
				<FitnessMax value="10.5474"/>
				<FloatingPoint size="50">	3.42998	0.426006	3.57288	1.34843	2.45529	3.42026	0.602055	3.45778	5.61331	5.19175	3.57362	1.26496	3.6598	5.35759	4.73028	3.31903	0.310008	3.65111	4.63429	4.36012	2.68597	0.587623	3.59006	1.48638	2.44616	3.59408	0.616922	3.35581	4.41379	4.68611	3.30162	0.42926	3.52267	5.62203	4.6321	3.36724	1.47751	4.44655	4.18056	4.25026	2.58031	1.55337	4.48816	4.50891	4.27196	2.41028	1.56388	3.37479	4.36538	4.62202</FloatingPoint>
				<FloatingPoint size="20">	0.461391	0.990881	0.291952	0.986602	0.220514	0.984897	0.342929	0.993017	0.424736	0.99171	0.166646	0.997742	0.530342	0.859677	0.165863	0.839782	0.9137	0.92585	0.653203	0.948721</FloatingPoint>
			</Individual>
			<Individual size="2">
				<FitnessMax value="10.5244"/>
				<FloatingPoint size="50">	3.42601	0.408447	3.57074	1.35514	2.45592	3.53444	0.599244	3.45859	5.77468	5.21466	3.53044	1.28844	3.61511	5.36179	4.71812	3.73044	0.464622	3.68408	4.64112	4.32441	2.70151	0.554108	3.59315	1.4862	2.44895	3.5608	0.628381	3.33003	4.47183	4.68323	3.15368	0.527034	3.52392	5.62279	4.24358	3.35517	1.46899	4.4639	4.17347	4.24008	2.57819	1.55402	4.49297	4.75667	4.2649	2.4048	1.59293	3.41016	4.36577	4.42787</FloatingPoint>
				<FloatingPoint size="20">	0.375211	0.990882	0.280674	0.967154	0.537509	0.984897	0.432332	0.993017	0.292636	0.944059	0.304264	0.997741	0.803882	0.918316	0.984637	0.839839	0.913895	0.92584	0.693063	0.885934</FloatingPoint>
			</Individual>
		</Deme>
	</Population>
</ECF>
