<?xml version="1.0" encoding="ISO-8859-1"?>
<ECF milestone="Tue Jun 19 15:48:20 2018
">
	<Registry>
		<Entry key="1FloatingPoint.dimension">20</Entry>
		<Entry key="1FloatingPoint.lbound">0</Entry>
		<Entry key="1FloatingPoint.ubound">1</Entry>
		<Entry key="FloatingPoint.dimension">50</Entry>
		<Entry key="FloatingPoint.lbound">0</Entry>
		<Entry key="FloatingPoint.ubound">6.99</Entry>
		<Entry key="SteadyStateTournament.tsize">3</Entry>
		<Entry key="batch.logfile_">*</Entry>
		<Entry key="batch.remaining_">0</Entry>
		<Entry key="batch.repeats">1</Entry>
		<Entry key="batch.singlemilestone">1</Entry>
		<Entry key="batch.statsfile">stats/ohlc_bitfinex_iotusd_86400_10_100_0.9_0.7.csv</Entry>
		<Entry key="data.balance">16.3878</Entry>
		<Entry key="data.input">data/train/ohlc_bitfinex_iotusd_86400.csv</Entry>
		<Entry key="data.test">data/test/ohlc_bitfinex_iotusd_86400.csv</Entry>
		<Entry key="fuzzy.langvars">conf/ohlc_bitfinex_iotusd_86400.conf</Entry>
		<Entry key="fuzzy.numrules">10</Entry>
		<Entry key="fuzzy.threshold">0.7</Entry>
		<Entry key="log.frequency">10</Entry>
		<Entry key="log.level">3</Entry>
		<Entry key="milestone.elapsedtime_">233</Entry>
		<Entry key="milestone.filename">milestones/ohlc_bitfinex_iotusd_86400_10_100_0.9_0.7.txt</Entry>
		<Entry key="milestone.generation_">2999</Entry>
		<Entry key="mutation.indprob">0.9</Entry>
		<Entry key="operator.logfile">log/ohlc_bitfinex_iotusd_86400_10_100_0.9_0.7.csv</Entry>
		<Entry key="population.size">100</Entry>
		<Entry key="term.eval">300000</Entry>
		<Entry key="term.maxtime">1800</Entry>
	</Registry>
	<Population size="1">
		<HallOfFame size="1">
			<Individual size="2" gen="2659">
				<FitnessMax value="3.84566"/>
				<FloatingPoint size="50">	2.21851	1.59929	2.73947	4.7224	4.5831	3.56563	0.58383	2.42977	3.32914	3.43975	2.5684	0.552812	2.51891	3.69138	3.78879	2.58097	1.33506	2.72164	4.73237	4.4905	2.6629	1.6715	2.52141	1.50719	2.3525	3.13456	0.691438	0.452483	3.76148	3.51217	2.43183	0.764847	2.79377	2.65273	2.77629	2.30882	0.543543	2.54472	1.8089	2.59654	3.06697	3.5642	3.07588	3.70089	2.68296	2.74047	0.437708	2.76123	2.53932	3.39151</FloatingPoint>
				<FloatingPoint size="20">	0.978343	0.824106	0.675248	0.917895	0.544691	0.962835	0.799632	0.826403	0.985932	0.924868	0.949752	0.377505	0.706447	0.953413	0.535151	0.951835	0.468184	0.460282	0.273522	0.86268</FloatingPoint>
			</Individual>
		</HallOfFame>
		<Deme size="100">
			<HallOfFame size="1">
				<Individual size="2" gen="2659">
					<FitnessMax value="3.84566"/>
					<FloatingPoint size="50">	2.21851	1.59929	2.73947	4.7224	4.5831	3.56563	0.58383	2.42977	3.32914	3.43975	2.5684	0.552812	2.51891	3.69138	3.78879	2.58097	1.33506	2.72164	4.73237	4.4905	2.6629	1.6715	2.52141	1.50719	2.3525	3.13456	0.691438	0.452483	3.76148	3.51217	2.43183	0.764847	2.79377	2.65273	2.77629	2.30882	0.543543	2.54472	1.8089	2.59654	3.06697	3.5642	3.07588	3.70089	2.68296	2.74047	0.437708	2.76123	2.53932	3.39151</FloatingPoint>
					<FloatingPoint size="20">	0.978343	0.824106	0.675248	0.917895	0.544691	0.962835	0.799632	0.826403	0.985932	0.924868	0.949752	0.377505	0.706447	0.953413	0.535151	0.951835	0.468184	0.460282	0.273522	0.86268</FloatingPoint>
				</Individual>
			</HallOfFame>
			<Individual size="2">
				<FitnessMax value="3.54104"/>
				<FloatingPoint size="50">	2.21711	1.46932	2.73004	4.72241	3.90011	3.61824	0.525014	2.43483	3.33092	3.44525	2.5973	0.744711	2.56028	3.65082	3.57228	2.58065	1.34488	2.70817	4.69294	4.50058	2.66603	1.67638	2.51081	1.50046	2.48017	3.18625	0.691971	0.44631	6.22418	3.5127	2.50611	0.72716	2.7936	2.64473	2.76405	2.31941	0.538806	2.57753	1.82012	2.61655	3.99013	5.29511	3.18549	4.2694	3.53954	2.76184	0.470016	2.75792	2.59292	3.39329</FloatingPoint>
				<FloatingPoint size="20">	0.98268	0.375394	0.132215	0.95583	0.604619	0.980552	0.961084	0.384312	0.981615	0.891966	0.956804	0.580318	0.574083	0.926388	0.103946	0.878715	0.244785	0.438741	0.734993	0.866144</FloatingPoint>
			</Individual>
			<Individual size="2">
				<FitnessMax value="3.64871"/>
				<FloatingPoint size="50">	2.21727	1.47747	2.71316	4.72241	3.6875	3.62042	0.524275	2.44135	3.33044	3.48435	2.59246	0.551138	2.56966	3.64994	3.77922	2.58059	1.35659	2.70762	4.6597	4.50067	2.66581	1.67775	2.51074	1.49966	2.47931	3.23873	0.691975	0.446042	3.42401	3.51266	2.47878	0.581565	2.77498	2.61767	2.76521	2.33337	0.553902	2.57999	1.81604	2.62638	5.28532	3.27729	3.81433	3.80867	3.95845	2.76278	0.471882	2.75819	2.6316	3.49593</FloatingPoint>
				<FloatingPoint size="20">	0.984208	0.734531	0.177952	0.956093	0.611314	0.980583	0.961075	0.250958	0.981615	0.89266	0.951769	0.0233803	0.571793	0.926544	0.149978	0.880032	0.438712	0.519922	0.72885	0.865529</FloatingPoint>
			</Individual>
			<Individual size="2">
				<FitnessMax value="3.64917"/>
				<FloatingPoint size="50">	2.21722	1.47723	2.71555	4.72241	3.70682	3.61642	0.540624	2.79918	3.33036	3.47089	2.58502	0.774207	2.5022	3.38696	3.77898	2.5806	1.35626	2.70769	4.66014	4.49861	2.68816	1.67762	2.51071	1.49935	2.48727	3.23816	0.691881	0.446095	3.43938	3.51268	2.50274	0.28965	2.77588	2.61637	2.7652	2.35833	0.537965	2.57938	1.82369	2.62498	1.38418	2.79476	3.20464	3.95439	3.51538	2.76112	0.463263	2.75793	2.72332	3.3749</FloatingPoint>
				<FloatingPoint size="20">	0.983023	0.475326	0.175267	0.955736	0.608418	0.980507	0.960933	0.546786	0.981614	0.892274	0.969115	0.626897	0.572816	0.92665	0.0941094	0.877179	0.616303	0.216351	0.732671	0.866517</FloatingPoint>
			</Individual>
			<Individual size="2">
				<FitnessMax value="3.16727"/>
				<FloatingPoint size="50">	2.21765	1.47584	2.71947	4.72241	3.69017	3.61853	0.534562	2.44323	3.33037	3.47905	2.58962	0.550545	2.55893	3.6489	3.77966	2.5806	1.35652	2.70759	4.6599	4.49511	2.66572	1.67775	2.51066	1.49997	2.47166	3.23738	0.691976	0.446004	3.44174	3.51266	2.48892	0.727356	2.77416	2.6185	2.76522	2.32353	0.537887	2.57992	1.82374	2.6291	4.03427	3.08938	3.47089	3.15143	3.84261	2.7628	0.472037	2.76025	2.6355	1.62036</FloatingPoint>
				<FloatingPoint size="20">	0.982621	0.262978	0.178122	0.955922	0.611362	0.98053	0.961069	0.817252	0.981614	0.89342	0.941155	0.299403	0.571978	0.926545	0.165981	0.880229	0.404416	0.4838	0.729794	0.883834</FloatingPoint>
			</Individual>
			<Individual size="2">
				<FitnessMax value="3.64871"/>
				<FloatingPoint size="50">	2.21711	1.47779	2.71987	4.72241	3.69369	3.63203	0.524682	2.43274	3.37247	3.47168	2.59052	0.688021	2.57134	3.64881	3.77921	2.5806	1.67145	2.7076	4.65968	4.49696	2.6661	1.67776	2.51061	1.50036	2.46408	3.23981	0.691975	0.446028	3.41418	3.51265	2.50114	0.745451	2.77499	2.61847	2.76518	2.4113	0.187813	2.58029	1.8237	2.62463	3.93003	3.27744	3.60314	3.68133	3.59771	2.76282	0.473655	2.75804	2.66575	3.44401</FloatingPoint>
				<FloatingPoint size="20">	0.984563	0.0921305	0.177927	0.956143	0.612268	0.980585	0.961087	0.251091	0.981615	0.891393	0.921228	0.328455	0.576132	0.926564	0.154623	0.883679	0.444525	0.441943	0.728531	0.866474</FloatingPoint>
			</Individual>
			<Individual size="2">
				<FitnessMax value="3.64871"/>
				<FloatingPoint size="50">	2.21707	1.47485	2.72888	4.72241	3.69202	3.61776	0.536554	2.44888	3.33037	3.47478	2.58204	0.550515	2.55802	3.64898	3.77977	2.5806	1.35683	2.70759	4.65997	4.49093	2.66582	1.67775	2.51058	1.50001	2.46385	3.24034	0.691975	0.445986	3.41457	3.51265	2.5011	0.745692	2.77436	2.61903	2.76522	2.35086	0.537907	2.57973	1.82373	2.62498	3.93459	2.89139	3.19534	2.91379	3.72357	2.76209	0.472134	2.7608	2.63864	3.82245</FloatingPoint>
				<FloatingPoint size="20">	0.982621	0.262978	0.178122	0.955922	0.611362	0.98053	0.961069	0.817252	0.981614	0.89342	0.941155	0.299403	0.571978	0.926545	0.165981	0.880229	0.404416	0.4838	0.729794	0.883834</FloatingPoint>
			</Individual>
			<Individual size="2">
				<FitnessMax value="3.64917"/>
				<FloatingPoint size="50">	2.21722	1.47657	2.71051	4.72241	3.71697	3.61631	0.536652	2.93705	3.33037	3.47934	2.57594	0.551052	2.54171	3.65564	3.77881	2.5806	1.3555	2.7076	4.66014	4.4987	2.66553	1.67775	2.51073	1.49949	2.49382	3.23818	0.691975	0.446098	3.4182	3.5127	2.50283	0.307092	2.55603	2.6148	2.7652	2.31691	0.538002	2.57953	1.8237	2.62586	0.112739	2.79263	3.20453	1.7414	3.90304	2.76144	0.462953	2.75793	2.7274	3.3745</FloatingPoint>
				<FloatingPoint size="20">	0.983221	0.475326	0.175267	0.955736	0.608418	0.980507	0.960933	0.546786	0.981614	0.892274	0.969115	0.626897	0.572816	0.92665	0.0941094	0.877179	0.616303	0.548821	0.732671	0.866517</FloatingPoint>
			</Individual>
			<Individual size="2">
				<FitnessMax value="3.43337"/>
				<FloatingPoint size="50">	2.21765	1.47945	2.72658	4.72241	3.77843	3.6178	0.311035	2.43419	3.33097	3.45433	2.58734	0.550908	2.54442	3.67531	3.78496	2.5809	1.35429	2.71978	4.72787	4.49906	2.66427	1.67411	2.51835	1.50031	2.46103	3.21869	0.691297	0.445103	3.5433	3.51264	2.48336	0.603422	2.77447	2.62867	2.76481	2.32047	0.509109	2.67062	1.82349	2.61625	4.00123	2.89871	3.99728	3.79431	2.86174	2.76171	0.461273	2.75785	2.64617	3.37996</FloatingPoint>
				<FloatingPoint size="20">	0.98268	0.500305	0.153369	0.955747	0.605901	0.980498	0.961086	0.420802	0.981615	0.892626	0.950832	0.579087	0.574193	0.926542	0.107751	0.87828	0.726998	0.629645	0.734329	0.565718</FloatingPoint>
			</Individual>
			<Individual size="2">
				<FitnessMax value="3.64946"/>
				<FloatingPoint size="50">	2.21722	1.47651	2.71961	4.72241	3.69375	3.61953	0.527728	2.43792	3.33034	3.47893	2.59675	0.550778	2.56799	3.6519	3.77892	2.5806	1.35647	2.70756	4.66062	4.50036	2.66543	1.6777	2.56694	1.49943	2.48188	3.23001	0.691995	0.446026	3.45277	3.51269	2.50362	0.745792	2.76997	2.61908	2.76527	2.30757	0.538013	2.58076	1.82409	2.62414	5.00526	3.84327	4.47512	6.5314	5.24321	2.76281	0.467668	2.75797	2.61001	3.37699</FloatingPoint>
				<FloatingPoint size="20">	0.982884	0.954027	0.17799	0.955927	0.608732	0.980528	0.961025	0.24319	0.981614	0.891286	0.959146	0.612574	0.572337	0.926531	0.0960059	0.876415	0.60886	0.519393	0.730843	0.868047</FloatingPoint>
			</Individual>
			<Individual size="2">
				<FitnessMax value="3.64917"/>
				<FloatingPoint size="50">	2.21722	1.47657	2.71051	4.72241	3.71697	3.61631	0.536652	2.93705	3.33037	3.47934	2.57594	0.551052	2.54171	3.65564	3.77881	2.5806	1.3555	2.7076	4.66014	4.4987	2.66553	1.67775	2.51073	1.49949	2.49382	3.23818	0.691975	0.446098	3.4182	3.5127	2.50283	0.307092	2.55603	2.6148	2.7652	2.31691	0.538002	2.57953	1.8237	2.62586	3.42879	2.79263	3.20453	1.7414	3.90304	2.76144	0.462953	2.75793	2.7274	3.3745</FloatingPoint>
				<FloatingPoint size="20">	0.983221	0.475326	0.175267	0.955736	0.608418	0.980507	0.960933	0.546786	0.981614	0.892274	0.969115	0.626897	0.572816	0.92665	0.0941094	0.877179	0.616303	0.548821	0.732671	0.866517</FloatingPoint>
			</Individual>
			<Individual size="2">
				<FitnessMax value="3.64871"/>
				<FloatingPoint size="50">	2.21722	1.47657	2.81069	4.72241	3.68096	3.61983	0.524593	2.43748	3.33034	3.48672	2.59262	0.55079	2.56958	3.64386	3.779	2.58059	1.35626	2.70757	4.65978	4.49988	2.66535	1.67775	2.51077	1.49881	2.48699	3.2345	0.691978	0.446056	3.4303	3.51266	2.50211	0.689955	2.77882	2.61785	2.76519	2.38152	0.537938	2.74267	1.82377	2.62573	4.34549	1.87046	5.37893	3.71379	3.98153	2.76299	0.463499	2.75822	2.73521	3.37631</FloatingPoint>
				<FloatingPoint size="20">	0.982966	0.356551	0.165655	0.955775	0.61155	0.980548	0.961017	0.256318	0.981615	0.892463	0.955473	0.476298	0.573489	0.926439	0.111245	0.868229	0.505749	0.494674	0.73778	0.86595</FloatingPoint>
			</Individual>
			<Individual size="2">
				<FitnessMax value="3.54104"/>
				<FloatingPoint size="50">	2.21711	1.47762	2.72264	4.72241	3.69387	3.61784	0.537851	2.4474	3.33037	3.44842	2.58585	0.63255	2.50124	3.65191	3.77977	2.5806	1.35685	2.70771	4.6601	4.49318	2.70692	1.67772	2.51058	1.4993	2.47449	3.2385	0.691895	0.446022	2.72202	3.51265	2.50227	0.683406	2.77554	2.61865	2.76521	2.38015	0.537896	2.57941	1.8237	2.62493	4.15999	2.93123	3.1969	3.02344	3.63439	2.76136	0.466095	2.7602	2.70778	3.75712</FloatingPoint>
				<FloatingPoint size="20">	0.983048	0.208309	0.17797	0.956096	0.611974	0.980572	0.961074	0.250968	0.981615	0.891904	0.933685	0.309028	0.573734	0.926549	0.159614	0.882019	0.861477	0.447887	0.7297	0.8656</FloatingPoint>
			</Individual>
			<Individual size="2">
				<FitnessMax value="3.64946"/>
				<FloatingPoint size="50">	2.21722	1.47595	2.71687	4.72241	3.68745	3.61946	0.527547	2.44131	3.33035	3.48395	2.59212	0.550559	2.5638	3.64815	3.77943	2.58059	1.35636	2.70759	4.65989	4.4955	2.66539	1.67775	2.51072	1.49931	2.48179	3.23319	0.691976	0.446018	3.45846	3.51267	2.4886	0.700069	2.77372	2.61834	2.76521	2.31337	0.537842	2.58001	1.82374	2.63424	4.67813	3.607	5.46803	3.72853	4.39601	2.76298	0.469406	2.75963	2.63208	3.51765</FloatingPoint>
				<FloatingPoint size="20">	0.982884	0.966007	0.17799	0.955927	0.608732	0.980528	0.961025	0.24319	0.981614	0.891286	0.959146	0.612574	0.572337	0.926531	0.0960059	0.876415	0.60886	0.519393	0.730843	0.868047</FloatingPoint>
			</Individual>
			<Individual size="2">
				<FitnessMax value="3.64871"/>
				<FloatingPoint size="50">	2.21795	1.47658	2.71212	4.72241	3.68402	3.61941	0.530025	2.61624	3.33035	3.47697	2.59034	0.556501	2.53157	3.55352	3.779	2.58059	1.35626	2.70762	4.65983	4.49971	2.66685	1.67774	2.51077	1.4989	2.47467	3.2338	0.691974	0.446033	3.43661	3.51267	2.50265	0.6958	2.77422	2.61812	2.76519	2.32752	0.537902	2.58127	1.82373	2.62487	3.22892	3.70423	4.16099	3.8711	4.07552	2.76286	0.464556	2.75798	2.68067	3.37563</FloatingPoint>
				<FloatingPoint size="20">	0.978343	0.268469	0.178103	0.955921	0.611636	0.980551	0.961077	0.246284	0.981614	0.945124	0.94523	0.184597	0.573323	0.926534	0.11832	0.876723	0.419359	0.477436	0.73156	0.927083</FloatingPoint>
			</Individual>
			<Individual size="2">
				<FitnessMax value="3.64917"/>
				<FloatingPoint size="50">	2.21707	1.47644	2.71403	4.72241	3.68715	3.62035	0.521743	2.43992	3.33035	3.47331	2.57899	0.550558	2.5674	3.64538	3.8258	2.5806	1.35651	2.70757	4.65981	4.48724	2.66566	1.67775	2.51072	1.49954	2.48104	3.23919	0.691975	0.44581	3.42909	3.51266	2.5022	0.742016	2.77374	2.6181	2.7652	2.35444	0.537824	2.57997	1.82372	2.62471	4.25939	3.79002	5.66962	3.90411	4.64924	2.76283	0.465534	2.75836	2.64487	3.38476</FloatingPoint>
				<FloatingPoint size="20">	0.983221	0.475326	0.175267	0.955736	0.608418	0.980507	0.960933	0.239841	0.981614	0.892274	0.969115	0.611985	0.572816	0.92665	0.0941094	0.877179	0.616303	0.548821	0.732671	0.866517</FloatingPoint>
			</Individual>
			<Individual size="2">
				<FitnessMax value="3.64873"/>
				<FloatingPoint size="50">	2.21736	1.47653	2.72605	4.72241	3.68877	3.6192	0.530204	2.44234	3.33074	3.47328	2.59009	0.550435	2.56405	3.64958	3.77941	2.5806	1.35681	2.70759	4.65979	4.49597	2.49254	1.67775	2.51063	1.49984	2.47123	3.23959	0.691975	0.421077	3.41473	3.51266	2.61451	0.640152	2.77439	2.61763	2.76522	2.32995	0.537883	2.57986	1.82373	2.625	4.68342	2.96	3.49269	3.60214	3.84024	2.76241	0.472209	2.75967	2.63452	3.59773</FloatingPoint>
				<FloatingPoint size="20">	0.983023	0.214702	0.268033	0.956093	0.608418	0.980507	0.960933	0.544142	0.981615	0.892274	0.969115	0.626897	0.572816	0.926294	0.0941094	0.877179	0.616303	0.519922	0.732671	0.865529</FloatingPoint>
			</Individual>
			<Individual size="2">
				<FitnessMax value="3.64871"/>
				<FloatingPoint size="50">	2.21722	1.47657	2.81069	4.72241	3.68096	3.61983	0.524593	2.43748	3.33034	3.48672	2.59262	0.55079	2.56958	3.64386	3.779	2.58059	1.35626	2.70757	4.65978	4.49988	2.66535	1.67775	2.51077	1.49881	2.48699	3.2345	0.691978	0.446056	3.4303	3.51266	2.50211	0.689955	2.77882	2.61785	2.76519	2.38152	0.537938	2.74267	1.82377	2.62573	4.34549	2.89433	5.37893	3.71379	3.98153	2.76299	0.463499	2.75822	2.73521	3.37631</FloatingPoint>
				<FloatingPoint size="20">	0.98268	0.312165	0.11928	0.955759	0.60701	0.980495	0.961055	0.431324	0.981615	0.892491	0.938873	0.605488	0.574169	0.92649	0.0985899	0.878205	0.37217	0.74402	0.734255	0.865893</FloatingPoint>
			</Individual>
			<Individual size="2">
				<FitnessMax value="3.64936"/>
				<FloatingPoint size="50">	2.21745	1.47377	2.72794	4.72241	3.69384	3.62101	0.518348	2.45993	3.33037	3.4707	2.57583	0.550338	2.56684	3.6467	3.88789	2.5806	1.35687	2.70759	4.65998	4.48487	2.66592	1.67775	2.51057	1.50027	2.46428	3.24037	0.691975	0.445802	3.4144	3.51265	2.5011	0.745349	2.77421	2.61795	2.7652	2.37908	0.537835	2.57996	1.82371	2.62475	4.43392	3.25576	3.98926	3.9489	4.08354	2.7628	0.469638	2.7584	2.67243	3.40519</FloatingPoint>
				<FloatingPoint size="20">	0.983048	0.207599	0.0349454	0.955784	0.604574	0.980573	0.961118	0.431274	0.981615	0.891289	0.960552	0.681356	0.575341	0.926272	0.094567	0.877966	0.615368	0.552832	0.736125	0.86737</FloatingPoint>
			</Individual>
			<Individual size="2">
				<FitnessMax value="3.64871"/>
				<FloatingPoint size="50">	2.21711	1.47821	2.72322	4.72241	3.69382	3.62149	0.522481	2.42979	3.33034	3.46817	2.59803	0.975656	2.57317	3.64883	3.77906	2.5806	1.35684	2.70761	4.65981	4.50095	2.66605	1.67775	2.51064	1.50024	2.46393	3.23945	0.691975	0.446071	3.41397	3.51265	2.50114	0.745454	2.77471	2.61761	2.76518	2.41715	0.537794	2.57992	1.26302	2.62481	3.70801	3.01661	3.17804	3.97559	3.54905	2.76283	0.47389	2.75791	2.66771	3.38525</FloatingPoint>
				<FloatingPoint size="20">	0.983022	0.319888	0.178107	0.955846	0.61167	0.980567	0.961077	0.241788	0.981614	0.892543	0.95622	0.422504	0.573303	0.92641	0.117941	0.859083	0.419414	0.476625	0.73785	0.865793</FloatingPoint>
			</Individual>
			<Individual size="2">
				<FitnessMax value="3.64946"/>
				<FloatingPoint size="50">	2.21722	1.47657	2.71051	4.72241	3.68096	3.61983	0.524593	2.43748	3.33034	3.48672	2.59262	0.55079	2.56958	3.64386	3.779	2.58059	1.35626	2.70757	4.65978	4.49988	2.66535	1.67775	2.51077	1.49881	2.48699	3.22849	0.691976	0.446027	3.46404	3.51268	2.50388	0.741052	2.77365	2.61821	2.76519	2.30787	0.537824	2.58004	1.82373	2.62467	4.73734	3.81761	5.77229	3.85863	5.24654	2.76288	0.464809	2.75797	2.60951	3.3769</FloatingPoint>
				<FloatingPoint size="20">	0.982884	0.954027	0.17799	0.955927	0.608732	0.980528	0.961025	0.24319	0.981614	0.891286	0.959146	0.612574	0.572337	0.926531	0.0960059	0.876415	0.60886	0.519393	0.730843	0.868047</FloatingPoint>
			</Individual>
			<Individual size="2">
				<FitnessMax value="3.64917"/>
				<FloatingPoint size="50">	2.21722	1.47657	2.71051	4.72241	3.71697	3.61631	0.536652	2.93705	3.33037	3.47934	2.57594	0.551052	2.54171	3.65564	3.77881	2.5806	1.3555	2.7076	4.66014	4.4987	2.66553	1.67775	2.51073	1.49949	2.49382	3.23818	0.691975	0.446098	3.4182	3.5127	2.50283	0.307092	2.55603	2.6148	2.7652	2.31691	0.538002	2.57953	1.8237	2.62586	0.112739	2.79263	3.20453	1.7414	3.90304	2.76144	0.462953	2.75793	2.7274	3.3745</FloatingPoint>
				<FloatingPoint size="20">	0.983023	0.475326	0.175267	0.955736	0.608418	0.980507	0.960933	0.546786	0.981614	0.892274	0.969115	0.626897	0.572816	0.92665	0.0941094	0.877179	0.616303	0.216351	0.732671	0.866517</FloatingPoint>
			</Individual>
			<Individual size="2">
				<FitnessMax value="3.43776"/>
				<FloatingPoint size="50">	2.21711	1.47821	2.72322	4.72241	3.69382	3.62149	0.522481	2.42979	3.33034	3.46817	2.59803	0.975656	2.57317	4.59105	3.77906	2.5806	1.35684	2.70761	4.65981	4.50095	2.66605	1.67775	2.51064	1.50024	2.46393	3.23945	0.691975	0.446071	3.41397	3.51265	2.50114	0.745454	2.77471	2.61761	2.76518	2.41715	0.537794	2.57992	1.26302	2.62481	3.70801	3.01661	3.17804	3.97559	3.54905	2.76283	0.47389	2.75791	2.66771	3.38525</FloatingPoint>
				<FloatingPoint size="20">	0.978343	0.268469	0.178103	0.955921	0.606301	0.980568	0.961108	0.386029	0.320808	0.904456	0.956804	0.614147	0.574848	0.926337	0.100377	0.877662	0.2732	0.534392	0.734086	0.88114</FloatingPoint>
			</Individual>
			<Individual size="2">
				<FitnessMax value="3.64917"/>
				<FloatingPoint size="50">	2.21717	1.47642	2.71186	4.72241	3.68791	3.62005	0.523583	2.44401	3.33035	3.48061	2.58494	0.5513	2.56906	3.64509	3.80096	2.58059	1.35652	2.70762	4.65988	4.49277	2.66552	1.67775	2.51074	1.49954	2.4869	3.2386	0.691977	0.446028	3.43729	3.51266	2.48248	0.722167	2.77559	2.61808	2.76521	2.35187	0.548813	2.57997	1.79569	2.6258	4.37327	3.35607	4.34563	3.83027	4.58971	2.76284	0.465888	2.75823	2.66861	3.38711</FloatingPoint>
				<FloatingPoint size="20">	0.983221	0.475326	0.175267	0.955736	0.608418	0.980507	0.960933	0.546786	0.981614	0.892274	0.969115	0.626897	0.572816	0.92665	0.0941094	0.877179	0.616303	0.548821	0.732671	0.866517</FloatingPoint>
			</Individual>
			<Individual size="2">
				<FitnessMax value="3.64917"/>
				<FloatingPoint size="50">	2.21718	1.47707	2.70406	4.72241	3.68243	3.62055	0.52383	2.43621	3.33057	3.48619	2.59273	0.550714	2.56951	3.64893	3.77901	2.5806	1.35675	2.70757	4.6596	4.50058	2.66533	1.67775	2.51081	1.49966	2.48413	3.2401	0.691961	0.446055	3.42987	3.51268	2.46486	0.497818	2.77352	2.61645	2.76519	2.34118	0.198786	2.734	1.82377	2.62505	4.03693	3.09509	4.0357	4.29389	3.95353	2.76271	0.464318	2.75822	2.77373	3.37618</FloatingPoint>
				<FloatingPoint size="20">	0.983221	0.475326	0.175267	0.955736	0.608418	0.980507	0.960933	0.546786	0.981614	0.892274	0.969115	0.611985	0.572816	0.92665	0.0941094	0.877179	0.616303	0.548821	0.732671	0.866517</FloatingPoint>
			</Individual>
			<Individual size="2">
				<FitnessMax value="3.64946"/>
				<FloatingPoint size="50">	2.21711	1.46932	2.73004	4.72241	3.90011	3.61824	0.525014	2.43483	3.33092	3.44525	2.5973	0.744711	2.56028	3.65082	3.57228	2.58065	1.34488	2.70817	4.69294	4.50058	2.66603	1.67638	2.51081	1.50046	2.48017	3.18625	0.691971	0.44631	3.6222	3.5127	2.50611	0.72716	2.7936	2.64473	2.76405	2.31941	0.538806	2.57753	1.82012	2.61655	3.99013	5.29511	3.18549	4.2694	3.53954	2.76184	0.470016	2.75792	2.59292	3.39329</FloatingPoint>
				<FloatingPoint size="20">	0.982884	0.954027	0.17799	0.955927	0.608732	0.980528	0.961025	0.24319	0.981614	0.891286	0.959146	0.612574	0.572337	0.926531	0.0960059	0.876415	0.60886	0.519393	0.730843	0.868047</FloatingPoint>
			</Individual>
			<Individual size="2">
				<FitnessMax value="3.6282"/>
				<FloatingPoint size="50">	2.21795	1.47658	2.71212	4.72241	3.68402	3.61941	0.530025	2.61624	3.33035	3.47697	2.59034	0.556501	2.53157	3.55352	3.779	2.58059	1.35626	2.70762	4.65983	4.49971	2.66685	1.67774	2.51077	1.4989	2.47467	3.2338	0.691974	0.446033	3.43661	3.51267	2.50265	0.6958	2.77422	2.61812	2.76519	2.32752	0.537902	2.58127	1.82373	2.62487	3.22892	3.70423	4.16099	3.8711	4.07552	2.76286	0.464556	2.75798	2.68067	3.37563</FloatingPoint>
				<FloatingPoint size="20">	0.983221	0.619629	0.173702	0.955865	0.611602	0.980541	0.961075	0.242183	0.981614	0.892823	0.955491	0.46343	0.572369	0.926404	0.125443	0.879172	0.473639	0.402812	0.123271	0.865654</FloatingPoint>
			</Individual>
			<Individual size="2">
				<FitnessMax value="3.64917"/>
				<FloatingPoint size="50">	2.21765	1.47763	2.75141	4.72241	3.68502	3.62017	0.52401	2.43731	3.33045	3.47746	2.59282	0.550786	2.56992	3.64945	3.77905	2.58059	1.35678	2.70759	4.65961	4.50036	2.66536	1.67775	2.51076	1.49919	2.47939	3.23525	0.691975	0.446053	3.42886	3.51266	2.53016	0.595311	2.77802	2.61696	2.7652	2.3605	0.537928	2.68043	1.82376	2.62504	5.42972	2.98064	3.8044	4.10877	3.96986	2.76299	0.471774	2.75838	2.71662	3.37613</FloatingPoint>
				<FloatingPoint size="20">	0.983167	0.425074	0.178252	0.955738	0.605092	0.9805	0.961108	0.413121	0.981616	0.892725	0.959562	0.737085	0.572816	0.92665	0.0941094	0.877179	0.616303	0.548821	0.732671	0.866517</FloatingPoint>
			</Individual>
			<Individual size="2">
				<FitnessMax value="3.6413"/>
				<FloatingPoint size="50">	2.21745	1.47377	2.72794	4.72241	3.69384	3.62101	0.518348	2.45993	3.33037	3.4707	2.57583	0.550338	2.56684	3.6467	3.88789	2.5806	1.35687	2.70759	4.65998	4.48487	2.66592	1.67775	2.51057	1.50027	2.46428	3.24037	0.691975	0.445802	3.4144	3.51265	2.5011	0.745349	2.77421	2.61795	2.7652	2.37908	0.537835	2.57996	1.82371	2.62475	4.43392	3.25576	3.98926	3.9489	4.08354	2.7628	0.469638	2.7584	2.67243	3.40519</FloatingPoint>
				<FloatingPoint size="20">	0.983198	0.207599	0.0349454	0.955784	0.142352	0.980573	0.961118	0.431274	0.981616	0.891289	0.960552	0.681356	0.575341	0.926272	0.094567	0.877966	0.615368	0.552832	0.736125	0.86737</FloatingPoint>
			</Individual>
			<Individual size="2">
				<FitnessMax value="3.84566"/>
				<FloatingPoint size="50">	2.21848	1.59771	2.73928	4.7224	4.58307	3.61459	0.136982	2.42978	3.32842	3.43979	2.56827	0.553224	2.51022	3.69122	3.78899	2.58097	1.33514	2.72168	4.73237	4.49066	2.66334	1.6718	2.52351	1.50719	2.35248	3.14899	0.689945	0.430906	3.76113	3.51253	2.48543	0.76274	2.75313	2.65273	2.77616	2.30902	0.54355	2.54487	1.81426	2.59654	2.96819	2.32175	3.97286	3.23423	2.19537	2.75588	0.448121	2.75765	2.53944	3.39208</FloatingPoint>
				<FloatingPoint size="20">	0.981193	0.822942	0.675079	0.921763	0.544055	0.966268	0.799632	0.815882	0.985932	0.9159	0.948516	0.309403	0.706447	0.948769	0.538415	0.952316	0.428701	0.527229	0.272705	0.862811</FloatingPoint>
			</Individual>
			<Individual size="2">
				<FitnessMax value="3.64936"/>
				<FloatingPoint size="50">	2.21745	1.47377	2.72794	4.72241	3.69384	3.62101	0.518348	2.45993	3.33037	3.4707	2.57583	0.550338	2.56684	3.6467	3.88789	2.5806	1.35687	2.70759	4.65998	4.48487	2.66592	1.67775	2.51057	1.50027	2.46428	3.24037	0.691975	0.445802	3.4144	3.51265	2.5011	0.745349	2.77421	2.61795	2.7652	2.37908	0.537835	2.57996	1.82371	2.62475	4.43392	3.25576	3.98926	3.9489	4.08354	2.7628	0.469638	2.7584	2.67243	3.40519</FloatingPoint>
				<FloatingPoint size="20">	0.983048	0.207599	0.0349454	0.955784	0.604574	0.980573	0.961118	0.431274	0.981616	0.891289	0.960552	0.681356	0.575341	0.926272	0.094567	0.877966	0.615368	0.552832	0.736125	0.86737</FloatingPoint>
			</Individual>
			<Individual size="2">
				<FitnessMax value="3.64871"/>
				<FloatingPoint size="50">	2.21765	1.47792	2.72051	4.72241	3.69372	3.63174	0.524332	2.43103	3.34524	3.47007	2.59744	0.863354	2.57156	3.64882	3.77918	2.5806	1.68259	2.7076	4.65974	4.49725	2.66609	1.67775	2.51063	1.50034	2.46393	3.23958	0.691975	0.44603	3.41411	3.51265	2.50114	0.745453	2.77472	2.61783	2.76518	2.41288	0.270804	2.58012	1.8237	2.62473	3.46787	3.17698	3.38991	6.02153	3.59221	2.76282	0.473775	2.75803	2.66617	3.44217</FloatingPoint>
				<FloatingPoint size="20">	0.983858	0.24547	0.178091	0.956021	0.611571	0.980546	0.961071	0.250944	0.981614	0.892628	0.938488	0.304033	0.57348	0.926545	0.148214	0.881572	0.419248	0.485982	0.729534	0.944189</FloatingPoint>
			</Individual>
			<Individual size="2">
				<FitnessMax value="3.64917"/>
				<FloatingPoint size="50">	2.21795	1.47658	2.71212	4.72241	3.68402	3.61941	0.530025	2.61624	3.33035	3.47697	2.59034	0.556501	2.53157	3.55352	3.779	2.58059	1.35626	2.70762	4.65983	4.49971	2.66685	1.67774	2.51077	1.4989	2.48699	3.2338	0.691974	0.446033	3.43661	3.51267	2.50265	0.6958	2.77422	2.61812	2.76519	2.32752	0.537902	2.58127	1.82373	2.62487	3.22892	3.70423	4.16099	3.8711	4.07552	2.76286	0.464556	2.75798	2.68067	3.37563</FloatingPoint>
				<FloatingPoint size="20">	0.983023	0.475326	0.175267	0.955736	0.608418	0.980507	0.960933	0.546786	0.981614	0.892274	0.969115	0.626897	0.572816	0.92665	0.0941094	0.877179	0.450127	0.216351	0.732671	0.866517</FloatingPoint>
			</Individual>
			<Individual size="2">
				<FitnessMax value="3.64871"/>
				<FloatingPoint size="50">	2.21765	1.47821	2.72322	4.72241	3.68551	3.62063	0.523855	2.4358	3.33111	3.47179	2.59815	0.550355	2.57007	3.65019	3.77905	2.5806	1.35679	2.70759	4.65961	4.50101	2.66588	1.67775	2.51068	1.49966	2.47861	3.23884	0.691975	0.446044	3.41489	3.51268	2.72792	0.534612	2.77442	2.61624	2.76521	2.30905	0.537858	2.57999	1.82374	2.62503	5.43224	3.02862	3.79004	4.29049	3.95692	2.76272	0.472283	2.75853	2.6304	3.373</FloatingPoint>
				<FloatingPoint size="20">	0.983048	0.674692	0.178076	0.956091	0.611458	0.980564	0.961071	0.250954	0.981614	0.89263	0.947421	0.0945	0.57318	0.926544	0.148507	0.880417	0.438211	0.488385	0.728974	0.925097</FloatingPoint>
			</Individual>
			<Individual size="2">
				<FitnessMax value="3.01377"/>
				<FloatingPoint size="50">	2.21729	1.47527	2.71688	4.72241	3.69628	3.61956	0.536779	2.44229	3.33035	3.47954	2.58941	0.548977	2.34071	3.6557	3.77881	2.5806	1.35652	2.70779	4.66014	4.49868	2.72799	1.67761	2.51136	1.49948	2.48165	3.23819	0.691915	0.446098	3.45762	3.51267	2.50284	0.303888	2.77259	2.61477	2.7652	2.31617	0.538033	2.57896	1.82332	2.62421	3.42126	3.51297	3.20474	3.82841	3.90621	2.76158	0.462977	2.75793	2.72908	2.00781</FloatingPoint>
				<FloatingPoint size="20">	0.982884	0.954027	0.17799	0.955927	0.608732	0.980528	0.961025	0.24319	0.981614	0.891286	0.959146	0.612574	0.572337	0.926531	0.0960059	0.876415	0.60886	0.519393	0.730843	0.868047</FloatingPoint>
			</Individual>
			<Individual size="2">
				<FitnessMax value="3.54599"/>
				<FloatingPoint size="50">	2.21735	1.4752	2.72059	4.72241	3.72962	3.61902	0.526744	2.44872	3.33037	3.47969	2.58948	0.562346	2.55996	3.64864	3.77956	2.5806	1.35656	2.70764	4.65994	4.49418	2.66548	1.67775	2.51069	1.50007	2.47896	3.23881	0.691976	0.445976	3.44323	3.51266	2.24243	0.695512	2.77647	2.61849	2.76523	2.34851	0.555061	2.57998	1.72186	2.63816	4.37131	3.42259	3.55052	3.76016	4.11616	2.76293	0.471142	2.7612	2.63618	3.69801</FloatingPoint>
				<FloatingPoint size="20">	0.983048	0.207599	0.0349454	0.955784	0.604574	0.980573	0.961118	0.431274	0.10686	0.891289	0.960552	0.681356	0.575341	0.926272	0.094567	0.877966	0.225879	0.552832	0.734903	0.866265</FloatingPoint>
			</Individual>
			<Individual size="2">
				<FitnessMax value="3.64871"/>
				<FloatingPoint size="50">	2.21711	1.46932	2.73004	4.72241	3.90011	3.61824	0.525014	2.43483	3.33092	3.44525	2.5973	0.744711	2.56028	3.65082	3.57228	2.58065	1.34488	2.70817	4.69294	4.50058	2.66603	1.67638	2.51081	1.14565	2.48017	3.18625	0.691971	0.44631	3.6222	3.5127	2.50611	0.72716	2.7936	2.64473	2.76405	2.31941	0.538806	2.57753	1.82012	2.61655	3.99013	5.29511	3.18549	4.2694	3.53954	2.76184	0.470016	2.75792	2.59292	3.39329</FloatingPoint>
				<FloatingPoint size="20">	0.983221	0.619629	0.173702	0.955865	0.611602	0.980507	0.961055	0.2508	0.981614	0.893837	0.917778	0.366303	0.570883	0.926526	0.141936	0.879507	0.394484	0.360755	0.730558	0.865315</FloatingPoint>
			</Individual>
			<Individual size="2">
				<FitnessMax value="3.52548"/>
				<FloatingPoint size="50">	2.21722	1.47657	2.71051	4.72241	3.68096	3.61983	0.524593	2.43748	3.33034	3.48672	2.59262	0.55079	2.56958	3.64386	3.779	2.58059	1.35626	2.70757	4.65978	4.49988	2.66592	1.67775	2.51057	1.50027	2.46428	3.24037	0.691975	0.445802	3.4144	3.51265	2.5011	0.745349	2.77421	2.61795	2.7652	2.37908	0.537835	2.57996	1.82371	2.62475	4.43392	3.25576	3.98926	3.9489	4.08354	2.7628	0.469638	2.7584	2.67243	3.40519</FloatingPoint>
				<FloatingPoint size="20">	0.982884	0.954027	0.17799	0.955927	0.608732	0.980528	0.961025	0.24319	0.981614	0.891286	0.959146	0.612574	0.572337	0.926531	0.329648	0.876415	0.60886	0.943072	0.730843	0.868047</FloatingPoint>
			</Individual>
			<Individual size="2">
				<FitnessMax value="3.64871"/>
				<FloatingPoint size="50">	2.21765	1.47821	2.72322	4.72241	3.68551	3.62063	0.523855	2.4358	3.33111	3.47179	2.59815	0.550355	2.57007	3.65019	3.77905	2.5806	1.35679	2.70759	4.65961	4.50101	2.66588	1.67775	2.51068	1.49966	2.47861	3.23884	0.691975	0.446044	3.41489	3.51268	2.72792	0.534612	2.77442	2.61624	2.76521	2.30905	0.537858	2.57999	1.82374	2.62503	5.43224	3.02862	3.79004	4.29049	3.95692	2.76272	0.472283	2.75853	2.6304	3.373</FloatingPoint>
				<FloatingPoint size="20">	0.984208	0.734531	0.177952	0.956093	0.611314	0.980583	0.961075	0.250958	0.981615	0.89266	0.951769	0.0233803	0.571793	0.926544	0.149978	0.880032	0.438712	0.519922	0.72885	0.865529</FloatingPoint>
			</Individual>
			<Individual size="2">
				<FitnessMax value="3.64871"/>
				<FloatingPoint size="50">	2.21711	1.47821	2.72322	4.72241	3.69382	3.62149	0.522481	2.42979	3.33034	3.46817	2.59803	0.881181	2.57317	3.64883	3.77906	2.5806	1.89579	2.70761	4.65981	4.50095	2.66605	1.67775	2.51064	1.50024	2.46393	3.23945	0.691975	0.446071	3.41397	3.51265	2.50114	0.745454	2.77471	2.61761	2.76518	2.41715	0.537794	2.57992	1.8237	2.62481	3.41583	3.01661	3.17804	4.16835	3.54905	2.76283	0.47389	2.75791	2.66771	3.38525</FloatingPoint>
				<FloatingPoint size="20">	0.983858	0.24547	0.178091	0.956021	0.611571	0.980546	0.961071	0.250944	0.981614	0.892628	0.938488	0.304033	0.57348	0.926545	0.148214	0.881572	0.419248	0.485982	0.729534	0.865888</FloatingPoint>
			</Individual>
			<Individual size="2">
				<FitnessMax value="3.64917"/>
				<FloatingPoint size="50">	2.21722	1.47657	2.71051	4.72241	3.68096	3.61983	0.524593	2.43748	3.33034	3.48672	2.59262	0.55079	2.56958	3.64386	3.779	2.58059	1.35626	2.70757	4.65978	4.49988	2.66535	1.67775	2.51077	1.49881	2.48699	3.22849	0.691976	0.446027	3.46404	3.51268	2.50388	0.741052	2.77365	2.61821	2.76519	2.30787	0.537824	2.58004	1.82373	2.62467	4.73734	3.81761	5.77229	3.85863	5.24654	2.76288	0.464809	2.75797	2.60951	3.3769</FloatingPoint>
				<FloatingPoint size="20">	0.983221	0.475326	0.175267	0.955736	0.608418	0.980507	0.960933	0.239841	0.981614	0.892274	0.969115	0.611985	0.572816	0.92665	0.0941094	0.877179	0.616303	0.548821	0.732671	0.866517</FloatingPoint>
			</Individual>
			<Individual size="2">
				<FitnessMax value="3.54227"/>
				<FloatingPoint size="50">	2.21711	1.46932	2.73004	4.72241	3.90011	3.61824	0.525014	2.43483	3.33092	3.44525	2.5973	0.744711	2.56028	3.65082	3.57228	2.58065	1.34488	2.70817	4.69294	4.50058	2.66603	1.67638	2.51081	1.50046	2.48017	3.18625	0.691971	0.44631	3.6222	6.37601	2.50611	0.72716	2.7936	2.64473	2.76405	2.31941	0.538806	2.57753	1.82012	2.61655	3.99013	5.29511	3.18549	4.2694	3.53954	2.76184	0.470016	2.75792	2.59292	3.39329</FloatingPoint>
				<FloatingPoint size="20">	0.982951	0.594955	0.176423	0.813894	0.60961	0.98055	0.961084	0.244276	0.981614	0.892549	0.959272	0.609536	0.57379	0.926395	0.101231	0.856466	0.640169	0.5258	0.737332	0.868863</FloatingPoint>
			</Individual>
			<Individual size="2">
				<FitnessMax value="3.84566"/>
				<FloatingPoint size="50">	2.21795	1.42694	2.73919	4.72241	4.58306	3.61076	0.58444	2.42978	3.33305	3.43975	2.56796	0.55283	2.53072	3.69123	3.78924	2.58097	1.33558	2.72178	4.73237	4.4906	2.6636	1.67371	2.52103	1.50719	2.57368	3.14813	0.690796	0.449772	3.7598	3.5128	2.51467	0.756493	2.82126	2.65274	2.7595	2.30779	0.543547	2.54472	1.81137	2.59654	3.06434	2.27249	3.17688	3.2386	2.09937	2.75359	0.47771	2.75887	2.53969	3.39444</FloatingPoint>
				<FloatingPoint size="20">	0.978343	0.825479	0.675186	0.95327	0.543986	0.968979	0.933492	0.822474	0.985184	0.915859	0.942816	0.695958	0.706447	0.953421	0.535724	0.950242	0.756357	0.697282	0.273184	0.864583</FloatingPoint>
			</Individual>
			<Individual size="2">
				<FitnessMax value="3.64917"/>
				<FloatingPoint size="50">	2.21722	1.47657	2.71051	4.72241	3.68096	3.61983	0.524593	2.43748	3.33034	3.48672	2.59262	0.55079	2.56958	3.64386	3.779	2.58059	1.35626	2.70757	4.65978	4.49988	2.66535	1.67775	2.51077	1.49881	2.48699	3.2345	0.691978	0.446056	3.4303	3.51266	2.50211	0.689955	2.77882	2.61785	2.76519	2.38152	0.537825	2.57996	1.82371	2.62476	4.42261	3.27781	4.0258	3.93745	4.10259	2.76284	0.469367	2.75793	2.67619	3.38253</FloatingPoint>
				<FloatingPoint size="20">	0.983221	0.475326	0.175267	0.955736	0.608418	0.980507	0.960933	0.546786	0.981614	0.892274	0.969115	0.611985	0.572816	0.92665	0.0941094	0.877179	0.616303	0.548821	0.732671	0.866517</FloatingPoint>
			</Individual>
			<Individual size="2">
				<FitnessMax value="3.24636"/>
				<FloatingPoint size="50">	2.2176	1.47821	2.72322	4.72241	3.67916	3.62085	0.522023	2.43603	3.3311	3.46772	2.59801	5.55647	2.57237	3.65386	3.77906	2.5806	1.41423	2.7076	4.65886	4.50105	2.66586	1.67775	2.51067	1.50005	2.48033	3.23908	0.691975	0.446043	3.41493	3.51265	2.67362	0.513298	2.77459	2.6159	2.7652	2.50871	0.537781	2.57998	1.8237	2.62505	6.69574	3.02735	3.8001	4.22669	3.94291	2.7628	0.473878	2.75828	2.66883	3.3854</FloatingPoint>
				<FloatingPoint size="20">	0.983858	0.24547	0.178091	0.956021	0.611571	0.980546	0.961071	0.250944	0.981614	0.892628	0.938488	0.304033	0.57348	0.926545	0.148214	0.881572	0.419248	0.485982	0.729534	0.865888</FloatingPoint>
			</Individual>
			<Individual size="2">
				<FitnessMax value="3.54168"/>
				<FloatingPoint size="50">	2.21724	1.47604	2.73719	4.72241	3.69086	3.64125	0.525033	2.44634	3.33035	3.48651	2.56733	0.553051	2.56958	3.69107	3.7794	2.58059	1.33745	2.70764	4.73237	4.49059	2.66548	1.67173	2.52144	1.49953	2.3525	3.23838	0.691978	0.472843	3.76107	3.51239	2.48147	0.753452	2.66064	2.61803	2.76521	2.35101	0.543546	2.54468	1.81115	2.59654	6.28813	3.58738	3.45253	3.79694	4.10429	2.76286	0.460254	2.7582	2.53952	3.56275</FloatingPoint>
				<FloatingPoint size="20">	0.983048	0.207599	0.0349454	0.955784	0.604574	0.980573	0.961118	0.431274	0.981616	0.891289	0.302099	0.681356	0.575341	0.926272	0.094567	0.877966	0.225879	0.552832	0.734903	0.866265</FloatingPoint>
			</Individual>
			<Individual size="2">
				<FitnessMax value="3.37213"/>
				<FloatingPoint size="50">	2.21795	1.42694	2.73919	4.72241	4.58306	3.61076	0.58444	2.42978	3.33305	3.43975	2.56796	0.55283	2.53072	3.69123	3.78924	2.58097	1.33558	2.72178	4.73237	4.4906	2.6636	1.80668	2.52103	1.50719	2.57368	3.14813	0.690796	0.449772	3.7598	3.5128	2.51467	0.756493	2.82126	2.65274	2.7595	2.30779	0.543547	2.54472	1.81137	2.59654	3.06434	2.27249	3.17688	3.2386	2.09937	2.75359	0.47771	2.75887	2.53969	3.39444</FloatingPoint>
				<FloatingPoint size="20">	0.982696	0.716299	0.331791	0.954628	0.576131	0.975281	0.954988	0.346796	0.98194	0.908996	0.956198	0.817613	0.607374	0.930542	0.385836	0.888016	0.644342	0.616067	0.589478	0.865562</FloatingPoint>
			</Individual>
			<Individual size="2">
				<FitnessMax value="3.64871"/>
				<FloatingPoint size="50">	2.21711	1.47821	2.72322	4.72241	3.69382	3.62149	0.522481	2.42979	3.33034	3.46817	2.59803	0.975656	2.57317	3.64883	3.77906	2.5806	1.35684	2.70761	4.65981	4.50095	2.66605	1.67775	2.51064	1.50024	2.46393	3.23945	0.691975	0.446071	3.41397	3.51265	2.50114	0.745454	2.77471	2.61761	2.76518	2.41715	0.537794	2.57992	1.26302	2.62481	3.70801	3.01661	3.17804	3.97559	3.54905	2.76283	0.47389	2.75791	2.66771	3.38525</FloatingPoint>
				<FloatingPoint size="20">	0.978343	0.268469	0.178103	0.955921	0.611636	0.980551	0.961077	0.246284	0.981614	0.945124	0.94523	0.406563	0.573323	0.926534	0.11832	0.876723	0.419359	0.477436	0.73156	0.927083</FloatingPoint>
			</Individual>
			<Individual size="2">
				<FitnessMax value="3.64815"/>
				<FloatingPoint size="50">	2.2174	1.47748	2.72894	4.72241	3.69135	3.61752	0.533355	2.43747	3.33037	3.47472	2.58736	0.550616	2.55926	3.64964	3.77899	2.5806	1.35629	2.7076	4.65984	4.50038	2.66584	1.67775	2.51068	1.49986	2.46824	3.23886	0.691975	0.446053	3.41548	3.51269	2.50176	0.704497	2.77381	2.61671	2.7652	2.3421	0.537864	2.5801	1.82375	2.62504	4.60439	3.18528	6.62925	4.16034	3.8487	2.76254	0.468468	2.75882	2.80931	3.37502</FloatingPoint>
				<FloatingPoint size="20">	0.983215	0.308488	0.173954	0.955709	0.600298	0.980868	0.961071	0.238946	0.981614	0.893836	0.962987	0.851761	0.573669	0.926682	0.100756	0.881251	0.212707	0.341522	0.743523	0.866102</FloatingPoint>
			</Individual>
			<Individual size="2">
				<FitnessMax value="3.64917"/>
				<FloatingPoint size="50">	2.21724	1.47604	2.71166	4.72241	3.69086	3.61926	0.525033	2.44634	3.33035	3.48651	2.59155	0.555235	2.56958	3.64421	3.7794	2.58059	1.35654	2.70764	4.65989	4.4989	2.66548	1.67775	2.51075	1.49953	2.48908	3.23838	0.691978	0.446039	3.43922	3.51266	2.4589	0.694567	2.77713	2.61803	2.76521	2.35101	0.554734	2.57997	1.75118	2.62668	4.38197	3.2854	3.81476	3.79694	4.10429	2.76286	0.470965	2.7581	2.67024	3.56275</FloatingPoint>
				<FloatingPoint size="20">	0.983221	0.475326	0.175267	0.955736	0.608418	0.980507	0.960933	0.546786	0.981614	0.892274	0.969115	0.626897	0.572816	0.92665	0.0941094	0.877179	0.616303	0.548821	0.732671	0.866517</FloatingPoint>
			</Individual>
			<Individual size="2">
				<FitnessMax value="3.64917"/>
				<FloatingPoint size="50">	2.21717	1.47666	2.71308	4.72241	3.69461	3.61795	0.53115	2.65467	3.33035	3.47518	2.58533	0.627622	2.53057	3.48986	3.779	2.58059	1.35626	2.70768	4.65999	4.49916	2.66687	1.67769	2.51072	1.49891	2.48699	3.2348	0.691973	0.446057	3.4313	3.51267	2.50217	0.688707	2.7776	2.61728	2.7652	2.36098	0.53794	2.58545	1.82375	2.62557	2.2965	2.87007	3.48802	3.88921	3.58853	2.76285	0.463478	2.75809	2.73316	3.3756</FloatingPoint>
				<FloatingPoint size="20">	0.983023	0.475326	0.175267	0.955736	0.608418	0.980507	0.960933	0.546786	0.981614	0.892274	0.969115	0.626897	0.572816	0.92665	0.0941094	0.877179	0.616303	0.216351	0.732671	0.866517</FloatingPoint>
			</Individual>
			<Individual size="2">
				<FitnessMax value="2.64352"/>
				<FloatingPoint size="50">	2.21722	1.47798	2.71865	4.72241	3.69956	3.62045	0.534875	2.73084	3.33034	3.47032	2.58963	0.782861	2.51587	3.51075	3.77899	2.5806	1.88574	2.70761	4.66006	4.49996	2.67446	1.67771	2.51069	1.49984	2.48545	3.23936	0.691936	0.446078	3.42487	3.51267	2.50181	0.445094	2.77514	2.61739	2.7652	2.40627	0.5379	6.12392	1.8237	2.62493	2.33387	3.01324	3.19919	4.09563	3.53079	2.76272	0.463815	2.75792	2.72047	3.38331</FloatingPoint>
				<FloatingPoint size="20">	0.983023	0.475326	0.175267	0.955736	0.608418	0.980507	0.960933	0.546786	0.981614	0.892274	0.969115	0.626897	0.572816	0.92665	0.0941094	0.877179	0.616303	0.216351	0.732671	0.866517</FloatingPoint>
			</Individual>
			<Individual size="2">
				<FitnessMax value="3.64946"/>
				<FloatingPoint size="50">	2.21722	1.47651	2.71961	4.72241	3.69375	3.61953	0.527728	2.43792	3.33034	3.47893	2.59675	0.550778	2.56799	3.6519	3.77892	2.5806	1.35647	2.70756	4.66062	4.50036	2.66543	1.6777	2.56694	1.49943	2.48188	3.23001	0.691995	0.446026	3.45277	3.51269	2.50362	0.745792	2.76997	2.61908	2.76527	2.30757	0.538013	2.58076	1.82409	2.62414	5.00526	3.84327	4.47512	6.5314	5.24321	2.76281	0.467668	2.75797	2.61001	3.37699</FloatingPoint>
				<FloatingPoint size="20">	0.982884	0.954027	0.17799	0.955927	0.608732	0.980528	0.961025	0.24319	0.981614	0.891286	0.959146	0.612574	0.572337	0.926531	0.0960059	0.876415	0.586703	0.519393	0.730843	0.868047</FloatingPoint>
			</Individual>
			<Individual size="2">
				<FitnessMax value="3.64871"/>
				<FloatingPoint size="50">	2.21732	1.4782	2.72159	4.72241	3.69383	3.62091	0.524697	2.44221	3.33035	3.45808	2.59906	0.742243	2.56944	3.64865	3.77929	2.5806	1.35685	2.7076	4.65969	4.50097	2.66606	1.67775	2.51064	1.50038	2.46401	3.26595	0.691978	0.44607	3.41406	3.51265	2.50123	0.702101	2.77662	2.61798	2.76519	2.34888	0.537829	2.57992	1.8237	2.6246	4.27921	3.05812	3.19089	3.76441	3.58359	2.76277	0.471194	2.75792	2.63928	3.38456</FloatingPoint>
				<FloatingPoint size="20">	0.983198	0.348898	0.175444	0.955776	0.603969	0.980743	0.961066	0.243055	0.981614	0.893837	0.960356	0.653623	0.572703	0.926628	0.115029	0.880647	0.275712	0.473332	0.739029	0.865829</FloatingPoint>
			</Individual>
			<Individual size="2">
				<FitnessMax value="3.64871"/>
				<FloatingPoint size="50">	2.2174	1.47748	2.72894	4.72241	3.69135	3.61752	0.533355	2.43747	3.33037	3.47472	2.58736	0.550616	2.55926	3.64964	3.77899	2.5806	1.35629	2.7076	4.65984	4.50038	2.66584	1.67775	2.51068	1.49986	2.46824	3.23886	0.691975	0.446053	3.41548	3.51269	2.50176	0.704497	2.77381	2.61671	2.7652	2.3421	0.537864	2.5801	1.82375	2.62504	4.60439	3.18528	3.40102	4.16034	5.55516	2.76254	0.468468	2.75882	2.80931	3.37502</FloatingPoint>
				<FloatingPoint size="20">	0.983247	0.436646	0.178252	0.955901	0.611522	0.980564	0.961055	0.2508	0.981614	0.892569	0.955485	0.268894	0.569893	0.926398	0.141936	0.879484	0.425504	0.542775	0.730996	0.865315</FloatingPoint>
			</Individual>
			<Individual size="2">
				<FitnessMax value="3.64871"/>
				<FloatingPoint size="50">	2.21718	1.47707	2.70406	4.72241	3.68243	3.62055	0.52383	2.43621	3.33057	3.48619	2.59273	0.550714	2.56951	3.64893	3.77901	2.5806	1.35675	2.70757	4.6596	4.50058	2.66533	1.67775	2.51081	1.49966	2.48413	3.2401	0.691961	0.446055	3.42987	3.51268	2.46486	0.497818	2.77352	2.61645	2.76519	2.34118	0.198786	2.734	1.82377	2.62505	4.03693	6.87099	4.0357	4.29389	3.95353	2.76271	0.464318	2.75822	2.77373	3.37618</FloatingPoint>
				<FloatingPoint size="20">	0.983743	0.497202	0.174762	0.955752	0.609044	0.98052	0.960993	0.287308	0.981614	0.892545	0.967134	0.544261	0.572622	0.926405	0.106809	0.878204	0.616251	0.473939	0.7344	0.866101</FloatingPoint>
			</Individual>
			<Individual size="2">
				<FitnessMax value="3.64917"/>
				<FloatingPoint size="50">	2.21765	1.47821	2.72322	4.72241	3.68551	3.62063	0.523855	2.4358	3.33111	3.47179	2.59815	0.550355	2.57007	3.65019	3.77905	2.5806	1.35679	2.70759	4.65961	4.50101	2.31925	1.67775	2.51068	1.49966	2.47861	3.23884	0.691975	0.446044	3.41489	3.51268	2.72792	0.534612	2.77442	2.61624	2.76521	2.30905	0.537858	2.57999	1.82374	2.62503	5.43224	3.02862	3.79004	4.29049	3.95692	2.76272	0.472283	2.75853	2.6304	3.373</FloatingPoint>
				<FloatingPoint size="20">	0.983023	0.214702	0.177962	0.956093	0.608418	0.980507	0.960933	0.544142	0.981615	0.892274	0.969115	0.626897	0.572816	0.926294	0.0941094	0.877179	0.616303	0.519922	0.732671	0.865529</FloatingPoint>
			</Individual>
			<Individual size="2">
				<FitnessMax value="3.64917"/>
				<FloatingPoint size="50">	2.21722	1.47657	2.81069	4.72241	3.68096	3.61983	0.524593	2.43748	3.33034	3.48672	2.59262	0.55079	2.56958	3.64386	3.779	2.58059	1.35626	2.70757	4.65978	4.49988	2.66535	1.67775	2.51077	1.49881	2.48699	3.2345	0.691978	0.446056	3.4303	3.51266	2.50211	0.689955	2.77882	2.61785	2.76519	2.38152	0.537938	2.74267	1.82377	2.62573	4.34549	2.89433	5.37893	3.71379	3.98153	2.76299	0.463499	2.75822	2.73521	3.37631</FloatingPoint>
				<FloatingPoint size="20">	0.98295	0.393745	0.147273	0.955748	0.607714	0.980501	0.960994	0.335583	0.981615	0.892382	0.953994	0.608736	0.573492	0.92657	0.0963496	0.877692	0.536807	0.646421	0.733463	0.866205</FloatingPoint>
			</Individual>
			<Individual size="2">
				<FitnessMax value="3.64871"/>
				<FloatingPoint size="50">	2.21722	1.47657	2.71051	4.72241	3.71697	3.61631	0.536652	2.93705	3.33037	3.47934	2.57594	0.551052	2.98591	3.65564	3.77881	2.5806	1.3555	2.7076	4.66014	4.4987	2.66553	1.67775	2.51073	1.49949	2.49382	3.23818	0.691975	0.446098	3.4182	3.5127	2.50283	0.307092	2.55603	2.6148	2.7652	2.31691	0.538002	2.57953	1.8237	2.62586	0.112739	2.79263	3.20453	1.7414	3.90304	2.76144	0.462953	2.75793	2.7274	3.3745</FloatingPoint>
				<FloatingPoint size="20">	0.983221	0.619629	0.178252	0.955901	0.611602	0.980538	0.961055	0.2508	0.981614	0.892823	0.955491	0.0173159	0.572369	0.926404	0.107298	0.879172	0.473639	0.45492	0.734486	0.865315</FloatingPoint>
			</Individual>
			<Individual size="2">
				<FitnessMax value="3.64946"/>
				<FloatingPoint size="50">	2.21721	1.47802	2.72198	4.72241	3.69759	3.62001	0.540991	2.44247	3.33035	3.44535	2.5869	0.814329	2.41637	3.65453	3.77977	2.5806	1.35692	2.70777	4.66014	4.49854	2.72318	1.67755	2.51058	1.49916	2.47646	3.23812	0.691837	0.44607	3.44918	3.51265	2.5027	0.283779	2.78089	2.61688	2.7652	2.40818	0.537828	2.57919	1.82369	2.62468	4.38326	3.50087	3.20566	3.99378	3.50498	2.76099	0.465292	2.75793	2.70885	3.37686</FloatingPoint>
				<FloatingPoint size="20">	0.982884	0.954027	0.17799	0.955927	0.608732	0.980528	0.961025	0.24319	0.981614	0.891286	0.959146	0.612574	0.572337	0.926531	0.0960059	0.876415	0.60886	0.519393	0.730843	0.868047</FloatingPoint>
			</Individual>
			<Individual size="2">
				<FitnessMax value="3.14891"/>
				<FloatingPoint size="50">	2.21711	1.46932	2.73004	4.72241	3.90011	3.61824	0.525014	2.43483	3.33092	3.44525	2.5973	0.744711	2.56028	3.65082	3.57228	2.58065	1.34488	2.70817	4.69294	4.50058	2.66603	1.67638	2.51081	1.50046	6.05879	3.18625	0.691971	0.44631	3.6222	6.37601	2.50611	0.72716	2.7936	2.64473	2.76405	2.31941	0.538806	2.57753	1.82012	2.61655	3.99013	5.29511	3.18549	4.2694	3.53954	2.76184	0.470016	2.75792	2.59292	3.39329</FloatingPoint>
				<FloatingPoint size="20">	0.982935	0.611449	0.176488	0.823405	0.609988	0.980537	0.961085	0.244358	0.981614	0.892635	0.9592	0.60658	0.573863	0.926379	0.100306	0.854845	0.6646	0.529317	0.737218	0.869067</FloatingPoint>
			</Individual>
			<Individual size="2">
				<FitnessMax value="3.64917"/>
				<FloatingPoint size="50">	2.21717	1.47644	2.71403	4.72241	3.68715	3.61795	0.53115	2.65467	3.33035	3.47331	2.57899	0.550558	2.53057	3.48986	3.779	2.58059	1.35651	2.70757	4.01986	4.48724	2.66687	1.67775	2.51072	1.49891	2.48699	3.23919	0.691973	0.44581	3.42909	3.51266	2.50217	0.688707	2.7776	2.6181	2.7652	2.36098	0.53794	2.57997	1.82372	2.62557	2.2965	3.79002	5.66962	3.90411	4.64924	2.76285	0.465534	2.75809	2.64487	3.38476</FloatingPoint>
				<FloatingPoint size="20">	0.983221	0.475326	0.175267	0.955736	0.608418	0.980507	0.960933	0.239841	0.981614	0.892274	0.969115	0.611985	0.572816	0.92665	0.0941094	0.877179	0.616303	0.548821	0.732671	0.866517</FloatingPoint>
			</Individual>
			<Individual size="2">
				<FitnessMax value="3.64946"/>
				<FloatingPoint size="50">	2.21722	1.47651	2.71961	4.72241	3.69375	3.61953	0.527728	2.43792	3.33034	3.47893	2.59675	0.550778	2.56799	3.6519	3.77892	2.5806	1.35647	2.70756	4.66062	4.50036	2.66543	1.6777	2.51079	1.49943	2.48188	3.23001	0.691995	0.446026	3.45277	3.51269	2.50362	0.745781	2.76997	2.61908	2.76527	2.30757	0.538013	2.58076	1.82409	2.62414	5.00522	3.84329	4.47509	6.53134	5.24315	2.76281	0.467667	2.75797	2.61001	3.37699</FloatingPoint>
				<FloatingPoint size="20">	0.982884	0.954027	0.17799	0.955927	0.608732	0.980528	0.961025	0.24319	0.981614	0.891286	0.959146	0.612574	0.572337	0.926531	0.0960059	0.876415	0.60886	0.519393	0.730843	0.868047</FloatingPoint>
			</Individual>
			<Individual size="2">
				<FitnessMax value="3.64917"/>
				<FloatingPoint size="50">	2.21722	1.47651	2.71961	4.72241	3.69375	3.61953	0.527728	2.43792	3.33034	3.47893	2.59675	0.550778	2.56799	3.6519	3.77892	2.5806	1.35647	2.70756	4.66062	4.50036	2.66543	1.6777	2.56694	1.49943	2.48188	3.23001	0.691995	0.446026	3.45277	3.51269	2.50362	0.745792	2.76997	2.61908	2.76527	2.30757	0.538013	2.58076	1.82409	2.62414	5.00526	3.84327	4.47512	6.5314	5.24321	2.76281	0.467668	2.75797	2.61001	3.37699</FloatingPoint>
				<FloatingPoint size="20">	0.980268	0.552921	0.178044	0.955927	0.609755	0.98053	0.961053	0.243877	0.981614	0.906926	0.959125	0.372813	0.572391	0.926531	0.0992943	0.914622	0.444999	0.499239	0.731133	0.906224</FloatingPoint>
			</Individual>
			<Individual size="2">
				<FitnessMax value="3.64871"/>
				<FloatingPoint size="50">	2.21711	1.46932	2.73004	4.72241	3.90011	3.61824	0.525014	2.43483	3.33092	3.44525	2.5973	0.744711	2.56028	3.65082	3.57228	2.58065	1.34488	2.70817	4.69294	4.50058	2.66603	1.67638	2.51081	1.50046	2.48017	3.18625	0.691971	0.44631	3.6222	3.5127	2.50611	0.72716	2.7936	2.64473	2.76405	2.31941	0.538806	2.57753	1.82012	2.61655	3.99013	5.29511	3.18549	4.2694	3.53954	2.76184	0.470016	2.75792	2.59292	3.39329</FloatingPoint>
				<FloatingPoint size="20">	0.983221	0.619629	0.173702	0.955865	0.611602	0.980538	0.961075	0.242183	0.981614	0.892823	0.955491	0.46343	0.572369	0.926404	0.125443	0.879172	0.473639	0.402812	0.735562	0.865654</FloatingPoint>
			</Individual>
			<Individual size="2">
				<FitnessMax value="3.6315"/>
				<FloatingPoint size="50">	2.21722	1.47657	2.71051	4.72241	3.68096	3.61983	0.524593	2.43748	3.33034	3.48672	2.59262	0.55079	2.56958	3.64386	3.779	2.58059	1.35626	2.70757	4.65978	4.49988	2.66535	1.67775	2.51077	1.49881	2.48699	3.22849	0.691976	0.446027	3.46404	3.51268	2.50388	0.741052	2.77365	2.61821	2.76519	2.30787	0.537824	2.58004	1.82373	2.62467	4.73734	3.81761	5.77229	3.85863	5.24654	2.76288	0.464809	2.75797	2.60951	3.3769</FloatingPoint>
				<FloatingPoint size="20">	0.983194	0.4502	0.17676	0.955737	0.606755	0.980503	0.96102	0.326481	0.981615	0.892499	0.964338	0.539833	0.206484	0.926615	0.104274	0.877757	0.424003	0.54749	0.733527	0.866024</FloatingPoint>
			</Individual>
			<Individual size="2">
				<FitnessMax value="0.922695"/>
				<FloatingPoint size="50">	2.21717	1.47644	2.71403	4.72241	3.68715	3.61795	0.53115	2.65467	3.33035	3.47331	2.57899	0.550558	2.53057	3.48986	3.779	2.58059	1.35651	2.70757	4.01986	4.48724	2.66687	1.67775	2.51072	1.49891	2.48699	3.23919	0.691973	0.44581	3.42909	3.51266	2.50217	0.688707	2.7776	2.6181	2.7652	2.36098	0.53794	2.57997	1.82372	2.62557	2.2965	3.79002	5.66962	3.90411	4.64924	4.14955	0.465534	2.75809	2.64487	3.38476</FloatingPoint>
				<FloatingPoint size="20">	0.982311	0.307196	0.074897	0.955752	0.607173	0.980559	0.960976	0.211963	0.981615	0.891493	0.96153	0.624816	0.573484	0.92659	0.0942982	0.877446	0.615849	0.551492	0.733228	0.867234</FloatingPoint>
			</Individual>
			<Individual size="2">
				<FitnessMax value="3.64871"/>
				<FloatingPoint size="50">	2.21711	1.44271	2.73632	4.72241	3.9957	3.61658	0.552615	2.43036	3.33205	3.44036	2.57592	0.550647	2.54025	3.65203	3.18159	2.58068	1.34408	2.71707	4.72581	4.49933	2.66567	1.67429	2.51926	1.50051	2.49843	3.17413	0.691948	0.448431	3.65662	3.51273	2.51286	0.748385	2.81285	2.64646	2.76008	2.31178	0.541352	2.56262	1.8173	2.60326	3.94063	3.03218	3.1913	3.44419	3.01071	2.76173	0.46893	2.75816	2.57007	3.39405</FloatingPoint>
				<FloatingPoint size="20">	0.983167	0.425074	0.178252	0.955738	0.605092	0.9805	0.961108	0.413121	0.981616	0.892725	0.959562	0.559816	0.57421	0.926581	0.114438	0.878334	0.231702	0.546158	0.734384	0.865531</FloatingPoint>
			</Individual>
			<Individual size="2">
				<FitnessMax value="3.55923"/>
				<FloatingPoint size="50">	2.21724	1.47786	2.72878	4.72241	3.69468	3.61928	0.528843	2.44171	3.33036	3.4731	2.59723	0.550369	2.56713	3.64696	3.77906	2.5806	1.3562	2.70759	4.65979	4.50051	2.66619	1.67775	2.51063	1.49986	2.49299	3.23831	0.691975	0.446048	3.41366	3.5127	2.50235	0.324118	2.7727	2.61778	2.76524	2.30997	0.537721	2.58022	1.82376	2.62475	4.25464	3.19587	4.30144	4.48575	3.86249	2.76282	0.470671	2.75906	2.70409	3.37289</FloatingPoint>
				<FloatingPoint size="20">	0.983023	0.708109	0.306034	0.954729	0.578542	0.975754	0.956601	0.311117	0.981697	0.908481	0.957202	0.826738	0.599942	0.928825	0.374593	0.883348	0.63594	0.609976	0.613202	0.865635</FloatingPoint>
			</Individual>
			<Individual size="2">
				<FitnessMax value="3.64871"/>
				<FloatingPoint size="50">	2.21765	1.47821	2.72322	4.72241	3.69391	3.62149	0.522481	2.44248	3.33035	3.45733	2.59921	0.783031	2.57317	3.64881	3.7795	2.5806	1.35684	2.70761	4.65974	4.50095	2.66605	1.67775	2.51064	1.50037	2.46393	3.2374	0.691979	0.446071	3.41397	3.51265	2.50125	0.665231	2.78132	2.61768	2.76519	2.41715	0.537826	2.57992	1.8237	2.62481	4.27032	3.01661	3.1807	3.97559	3.54905	2.76283	0.471572	2.75791	2.70845	3.38525</FloatingPoint>
				<FloatingPoint size="20">	0.983198	0.348898	0.175444	0.955776	0.603969	0.980743	0.961066	0.243055	0.981614	0.893837	0.960356	0.653623	0.572703	0.926628	0.115029	0.880647	0.275712	0.473332	0.739029	0.865829</FloatingPoint>
			</Individual>
			<Individual size="2">
				<FitnessMax value="3.64871"/>
				<FloatingPoint size="50">	2.21707	1.47485	2.72888	4.72241	3.69202	3.61776	0.536554	2.44888	3.33037	3.47478	2.58204	0.550515	2.55802	3.64898	3.77977	2.5806	1.35683	2.70759	4.65997	4.49093	2.66582	1.67775	2.51058	1.50001	2.46385	3.24034	0.691975	0.396109	3.41457	3.51265	2.5011	0.745692	2.77436	2.61903	2.76522	2.35086	0.537907	2.57973	1.82373	2.62498	3.93459	2.89139	3.19534	2.91379	3.72357	2.76209	0.472134	2.7608	2.63864	3.82245</FloatingPoint>
				<FloatingPoint size="20">	0.983865	0.258602	0.17809	0.956022	0.611578	0.980546	0.961071	0.250945	0.981614	0.892615	0.938312	0.304281	0.573507	0.926545	0.14828	0.881593	0.419505	0.486837	0.729544	0.865894</FloatingPoint>
			</Individual>
			<Individual size="2">
				<FitnessMax value="3.64946"/>
				<FloatingPoint size="50">	2.21729	1.47529	2.71694	4.72241	3.69626	3.61958	0.536652	2.44229	3.33035	3.47934	2.5895	0.551052	2.34277	3.65564	3.77881	2.5806	1.35652	2.70779	4.66014	4.4987	2.72744	1.67762	2.51136	1.49949	2.4815	3.23818	0.691915	0.446098	3.45723	3.51266	2.50283	0.307092	2.77251	2.6148	2.7652	2.31707	0.538031	2.57897	1.82332	2.62422	3.42879	3.52711	3.20453	3.82971	3.90304	2.76144	0.462953	2.75793	2.7274	3.37657</FloatingPoint>
				<FloatingPoint size="20">	0.982884	0.954027	0.17799	0.955927	0.608732	0.980528	0.961025	0.24319	0.981614	0.891286	0.959146	0.612574	0.572337	0.926531	0.0960059	0.876415	0.60886	0.519393	0.730843	0.868047</FloatingPoint>
			</Individual>
			<Individual size="2">
				<FitnessMax value="3.84566"/>
				<FloatingPoint size="50">	2.21525	1.62709	2.73719	4.72242	4.58308	3.64125	0.584002	2.42978	3.32741	3.43975	2.56733	0.553051	2.71305	3.69107	3.78878	2.58097	1.33745	2.72169	4.73237	4.49059	2.66414	1.67173	2.52144	1.50718	2.3525	3.13487	0.691137	0.472843	3.76107	3.51239	2.48147	0.753452	2.66064	2.14824	2.77609	2.30084	0.543546	2.54468	1.81115	2.59654	2.4537	3.58738	3.45253	3.9626	2.56704	2.74642	0.460254	2.7582	2.53952	3.39258</FloatingPoint>
				<FloatingPoint size="20">	0.984437	0.821615	0.674886	0.926168	0.543495	0.95418	0.799632	0.806974	0.985932	0.905687	0.947108	0.377385	0.706447	0.942995	0.534926	0.952864	0.434598	0.498024	0.271775	0.862896</FloatingPoint>
			</Individual>
			<Individual size="2">
				<FitnessMax value="3.64776"/>
				<FloatingPoint size="50">	2.21722	1.47523	2.72833	4.72241	3.6935	3.61933	0.536417	2.44367	3.33037	3.47044	2.59597	0.575801	2.56943	3.64877	3.77963	2.5806	1.35684	2.7076	4.65996	4.49995	2.66593	1.67775	2.51059	1.50032	2.46401	3.25714	0.691977	0.445989	3.41425	3.51265	2.50112	0.743863	2.7752	2.61801	2.76522	2.34924	0.537869	2.57991	1.82371	2.62468	4.16505	2.92809	3.19242	3.48223	3.664	2.76213	0.471705	2.75859	2.63888	3.60116</FloatingPoint>
				<FloatingPoint size="20">	0.983198	0.348898	0.175444	0.955776	0.685086	0.980743	0.961066	0.243055	0.981614	0.893837	0.960356	0.653623	0.572703	0.926628	0.115029	0.880647	0.275712	0.473332	0.739029	0.865829</FloatingPoint>
			</Individual>
			<Individual size="2">
				<FitnessMax value="3.64871"/>
				<FloatingPoint size="50">	2.21765	1.47821	2.72322	4.72241	3.68551	3.62063	0.523855	2.4358	3.33111	3.47179	2.59815	0.550355	2.57007	3.65019	3.77905	2.5806	1.35679	2.70759	4.65961	4.50101	2.66588	1.67775	2.51068	1.49966	2.47861	3.23884	0.691975	0.446044	3.41489	3.51268	2.72792	0.534612	2.77442	2.61624	2.76521	2.30905	0.537858	2.57999	1.82374	2.62503	5.43224	3.02862	3.79004	4.29049	3.95692	2.76272	0.472283	2.75853	2.6304	3.373</FloatingPoint>
				<FloatingPoint size="20">	0.982877	0.214702	0.177962	0.956093	0.611314	0.980583	0.961075	0.544142	0.981615	0.891249	0.957043	0.0233803	0.571793	0.926294	0.149978	0.838659	0.438712	0.519922	0.72885	0.865529</FloatingPoint>
			</Individual>
			<Individual size="2">
				<FitnessMax value="3.34096"/>
				<FloatingPoint size="50">	2.21848	1.59771	2.73928	4.7224	4.58307	3.61459	0.136982	2.42978	3.32842	3.43979	2.56827	0.553224	2.51022	3.69122	3.78899	2.58097	1.33514	2.72168	4.65979	4.50051	2.66619	1.67775	2.51063	1.49986	2.49299	3.23831	0.691975	0.446048	3.41366	3.5127	2.50235	0.324118	2.7727	2.61778	2.76524	2.30997	0.537721	2.58022	1.82376	2.62475	4.25464	3.19587	4.30144	4.48575	3.86249	2.76282	0.470671	2.75906	2.70409	3.37289</FloatingPoint>
				<FloatingPoint size="20">	0.983023	0.708109	0.306034	0.954729	0.578542	0.975754	0.956601	0.311117	0.117886	0.908481	0.957202	0.826738	0.599942	0.928825	0.374593	0.883348	0.63594	0.609976	0.613202	0.865635</FloatingPoint>
			</Individual>
			<Individual size="2">
				<FitnessMax value="3.64871"/>
				<FloatingPoint size="50">	2.21711	1.29696	2.72322	4.72241	3.69382	3.62149	0.522481	2.42979	3.33034	3.46817	2.59803	0.881181	2.57317	3.64883	3.77906	2.5806	1.89579	2.70761	4.65981	4.50095	2.66605	1.67775	2.51064	1.50024	2.46393	3.23945	0.691975	0.446071	3.41397	3.51265	2.50114	0.745454	2.77471	2.61761	2.76518	2.41715	0.537794	2.57992	1.8237	2.62481	3.41583	3.01661	3.17804	4.16835	3.54905	2.76283	0.47389	2.75791	2.66771	3.38525</FloatingPoint>
				<FloatingPoint size="20">	0.983022	0.319888	0.178107	0.955846	0.61167	0.980567	0.961077	0.241788	0.981614	0.892543	0.95622	0.422504	0.573303	0.92641	0.117941	0.859083	0.419414	0.476625	0.73785	0.865793</FloatingPoint>
			</Individual>
			<Individual size="2">
				<FitnessMax value="3.42667"/>
				<FloatingPoint size="50">	2.21765	1.47792	2.72051	4.72241	3.69372	3.63174	0.524332	2.43103	3.34524	3.47007	2.59744	0.863354	2.57156	3.64882	3.77918	2.5806	1.68259	2.7076	4.65974	4.49725	2.66609	1.67775	2.51063	1.50034	2.46393	3.23958	0.691975	0.44603	3.41411	3.51265	2.50114	0.745453	2.77472	2.61783	2.76518	2.41288	0.270804	2.58012	1.8237	2.62473	3.46787	3.17698	3.38991	6.02153	3.59221	2.76282	0.473775	2.75803	2.66617	3.44217</FloatingPoint>
				<FloatingPoint size="20">	0.983022	0.599628	0.177997	0.955983	0.999198	0.980545	0.961062	0.1708	0.981614	0.892007	0.939874	0.539016	0.573204	0.926532	0.110077	0.88069	0.431387	0.500179	0.729848	0.891573</FloatingPoint>
			</Individual>
			<Individual size="2">
				<FitnessMax value="3.64936"/>
				<FloatingPoint size="50">	2.21758	1.47731	2.73949	4.72241	3.6894	3.62541	0.523261	2.43538	3.33262	3.47395	2.59331	0.606878	2.56875	3.64837	3.77943	2.5806	1.49975	2.70759	4.65979	4.49806	2.66571	1.67775	2.51068	1.49975	2.4717	3.23774	0.691975	0.445933	3.42151	3.51266	2.51564	0.670366	2.77616	2.61771	2.76524	2.37517	0.426535	2.63022	1.82376	2.62485	5.00392	3.00774	3.57876	4.22011	3.81374	2.76274	0.114427	2.76256	2.68171	3.57432</FloatingPoint>
				<FloatingPoint size="20">	0.983048	0.207599	0.0349454	0.955784	0.604574	0.980573	0.961118	0.177362	0.981616	0.891289	0.960552	0.681356	0.575341	0.926272	0.094567	0.877966	0.615368	0.552832	0.736125	0.86737</FloatingPoint>
			</Individual>
			<Individual size="2">
				<FitnessMax value="3.64871"/>
				<FloatingPoint size="50">	2.21756	1.4721	2.72521	4.72241	3.81238	3.63203	0.524561	2.45227	3.37247	3.47168	2.59052	0.688021	2.57134	3.64881	3.77972	2.5806	1.67145	2.70768	4.65973	4.49328	2.6661	1.67776	2.51061	1.50032	2.46408	3.23981	0.691978	0.446028	3.41418	3.51266	2.34013	0.676744	2.77865	2.61847	2.76518	2.4113	0.537817	2.58029	1.82376	2.62463	4.25174	3.27744	4.91312	3.68133	3.79768	2.76282	0.473655	2.75804	2.66813	3.45486</FloatingPoint>
				<FloatingPoint size="20">	0.982621	0.64413	0.178252	0.955901	0.610889	0.980507	0.961055	0.2508	0.981614	0.893837	0.917778	0.366303	0.570883	0.926526	0.141936	0.879507	0.394484	0.360755	0.730558	0.865315</FloatingPoint>
			</Individual>
			<Individual size="2">
				<FitnessMax value="3.64936"/>
				<FloatingPoint size="50">	2.21735	1.4752	2.72059	4.72241	3.72962	3.61902	0.526744	2.44872	3.33037	3.47969	2.58948	0.565548	2.55996	3.64864	3.77956	2.5806	1.35656	2.70764	4.65994	4.49418	2.66548	1.67775	2.51069	1.50007	2.47896	3.23881	0.691976	0.445976	3.44323	3.51266	2.24243	0.695512	2.77647	2.61849	2.76523	2.34851	0.555061	2.57998	1.72186	2.63816	4.37131	3.42259	3.55052	3.76016	4.11616	2.76293	0.471142	2.7612	2.63618	3.69801</FloatingPoint>
				<FloatingPoint size="20">	0.983048	0.207599	0.0349454	0.955784	0.604574	0.980573	0.961118	0.431274	0.981616	0.891289	0.960552	0.681356	0.575341	0.926272	0.094567	0.877966	0.225879	0.552832	0.734903	0.866265</FloatingPoint>
			</Individual>
			<Individual size="2">
				<FitnessMax value="3.64936"/>
				<FloatingPoint size="50">	2.21745	1.47377	2.72794	4.72241	3.69384	3.62101	0.518348	2.45993	3.33037	3.4707	2.57583	0.550338	2.56684	3.6467	3.77992	2.5806	1.35687	2.70759	4.65998	4.48487	2.66592	1.67775	2.51057	1.50027	2.46428	3.24037	0.691975	0.445802	3.4144	3.51265	2.5011	0.745349	2.77421	2.62021	2.76534	2.32528	0.538049	2.57995	1.82376	2.62459	4.68372	2.76865	3.18199	4.20181	3.66272	2.7618	0.475623	2.76885	2.58939	3.90596</FloatingPoint>
				<FloatingPoint size="20">	0.983048	0.207599	0.0349454	0.955784	0.604574	0.980573	0.961118	0.431274	0.981616	0.891289	0.960552	0.681356	0.575341	0.926272	0.094567	0.877966	0.615368	0.552832	0.736125	0.86737</FloatingPoint>
			</Individual>
			<Individual size="2">
				<FitnessMax value="3.64936"/>
				<FloatingPoint size="50">	2.21752	1.47699	2.72756	4.72241	3.69379	3.63066	0.522512	2.43345	3.33479	3.47043	2.59379	0.66297	2.56759	3.64729	3.7798	2.5806	1.64272	2.70759	4.65998	4.49577	2.66606	1.67775	2.51061	1.50031	2.46401	3.24023	0.691975	0.445813	3.41415	3.51265	2.50111	0.745422	2.77429	2.61847	2.76528	2.38985	0.315142	2.58001	1.82375	2.62466	4.57812	3.03485	3.35313	4.33145	3.65761	2.76248	0.475104	2.76674	2.6468	3.77251</FloatingPoint>
				<FloatingPoint size="20">	0.983048	0.207599	0.0349454	0.955784	0.604574	0.980573	0.961118	0.177362	0.981616	0.891289	0.960552	0.681356	0.575341	0.926272	0.094567	0.877966	0.615368	0.552832	0.736125	0.86737</FloatingPoint>
			</Individual>
			<Individual size="2">
				<FitnessMax value="3.45755"/>
				<FloatingPoint size="50">	2.21711	1.46932	2.73004	4.72241	3.90011	3.61824	0.525014	2.43483	3.33092	3.44525	2.5973	0.744711	2.56028	3.65082	3.57228	2.58065	1.34488	2.70817	4.69294	4.50058	2.66603	1.67638	2.51081	1.50046	2.48017	3.18625	0.691971	0.44631	3.6222	3.5127	2.50611	0.72716	2.7936	2.64473	2.76405	2.31941	0.538806	2.57753	1.82012	2.61655	3.99013	5.29511	3.18549	4.2694	3.53954	2.76184	0.470016	2.75792	2.59292	3.39329</FloatingPoint>
				<FloatingPoint size="20">	0.982884	0.954027	0.178252	0.955927	0.605092	0.980528	0.961025	0.413121	0.981616	0.892725	0.959146	0.612574	0.572337	0.926581	0.114438	0.876415	0.60886	0.519393	0.730843	0.865531</FloatingPoint>
			</Individual>
			<Individual size="2">
				<FitnessMax value="3.64871"/>
				<FloatingPoint size="50">	2.21717	1.47548	2.72328	4.72241	3.69235	3.61878	0.530253	2.44298	3.33037	3.4761	2.59349	0.550554	2.55886	3.65131	3.77901	2.5806	1.35663	2.70758	4.66029	4.49731	2.66545	1.67772	2.51065	1.49971	2.48002	3.23896	0.691978	0.425797	3.42641	3.51269	2.50119	0.745775	2.77294	2.61906	2.76525	2.32871	0.53793	2.57998	1.82374	2.62472	4.53781	3.68044	3.78045	5.25663	4.67499	2.76235	0.470478	2.76034	2.61865	3.43868</FloatingPoint>
				<FloatingPoint size="20">	0.983865	0.258602	0.158556	0.956022	0.611578	0.980546	0.961071	0.250945	0.981614	0.892615	0.938312	0.304281	0.573507	0.926545	0.14828	0.881593	0.419505	0.486837	0.729544	0.865894</FloatingPoint>
			</Individual>
			<Individual size="2">
				<FitnessMax value="3.64936"/>
				<FloatingPoint size="50">	2.21754	1.47585	2.72572	4.72241	3.69387	3.62123	0.520287	2.45174	3.33036	3.46442	2.5868	0.659536	2.56981	3.64769	3.77972	2.5806	1.35686	2.7076	4.65987	4.49242	2.66598	1.67775	2.5106	1.50031	2.46411	3.23898	0.691977	0.445928	3.4142	3.51265	2.50117	0.707751	2.77755	2.61902	2.76527	2.36839	0.662232	2.57994	1.82373	2.62469	4.48972	2.88501	3.18139	4.35676	3.60938	2.76228	0.473722	2.76371	2.64526	3.66161</FloatingPoint>
				<FloatingPoint size="20">	0.983048	0.207599	0.0349454	0.955784	0.604574	0.980573	0.961118	0.431274	0.981616	0.891289	0.960552	0.681356	0.575341	0.926272	0.094567	0.877966	0.225879	0.552832	0.734903	0.866265</FloatingPoint>
			</Individual>
			<Individual size="2">
				<FitnessMax value="3.52668"/>
				<FloatingPoint size="50">	2.21722	1.47657	2.71051	4.72241	3.68096	3.61983	0.524593	2.43748	3.33034	3.48672	2.59262	0.55079	2.56958	3.64386	3.779	2.58059	1.35626	2.70757	4.65978	4.49988	2.66535	1.67775	2.51077	1.49881	2.48699	3.22849	0.691976	0.446027	3.46404	3.51268	2.50388	0.741052	2.77365	2.61821	2.76519	2.30787	0.537824	2.58004	1.82373	2.62467	4.73734	3.81761	5.77229	3.85863	5.24654	2.76288	0.464809	2.75797	2.60951	3.3769</FloatingPoint>
				<FloatingPoint size="20">	0.983048	0.836928	0.175638	0.955868	0.608637	0.798453	0.961005	0.313941	0.981614	0.89217	0.96661	0.612158	0.572667	0.926537	0.095669	0.876655	0.610764	0.535325	0.73166	0.867782</FloatingPoint>
			</Individual>
			<Individual size="2">
				<FitnessMax value="3.45077"/>
				<FloatingPoint size="50">	2.21765	1.47675	2.71347	4.72241	3.70504	3.61683	0.535711	2.82438	3.33035	3.47633	2.59158	0.927473	2.56314	3.65561	3.77906	2.5806	1.35568	2.70761	4.65997	4.49895	2.66603	1.67775	2.51068	1.50006	2.49291	3.23826	0.691975	0.446076	3.4162	3.51268	2.50179	0.340233	2.70535	2.61654	2.76518	2.33367	0.537944	2.57954	1.7929	2.62483	2.79906	2.93896	3.2022	2.69855	3.77853	2.76269	0.473145	2.75793	2.71941	3.379</FloatingPoint>
				<FloatingPoint size="20">	0.978343	0.268469	0.178103	0.955921	0.611636	0.980551	0.597163	0.246284	0.981614	0.945124	0.94523	0.406563	0.573323	0.926534	0.11832	0.876723	0.419359	0.477436	0.73156	0.927083</FloatingPoint>
			</Individual>
			<Individual size="2">
				<FitnessMax value="2.85505"/>
				<FloatingPoint size="50">	2.21718	1.47707	2.70406	4.72241	3.68243	3.62055	0.52383	2.43621	3.33057	3.48619	6.43011	0.550714	2.56951	3.64893	3.77901	2.5806	1.35675	2.70757	4.70814	4.49392	2.66418	1.67506	2.51762	1.50468	2.54386	3.17875	0.691184	0.448535	3.64994	3.51276	2.49809	0.670359	2.80536	2.64065	2.76139	2.31891	0.428747	2.60775	1.8155	2.60603	3.3882	2.5464	3.46285	3.58999	2.71678	2.75663	0.473251	2.75865	2.61762	3.38836</FloatingPoint>
				<FloatingPoint size="20">	0.978343	0.825479	0.675186	0.95327	0.543986	0.968979	0.933492	0.822474	0.985184	0.915859	0.942816	0.695958	0.706447	0.953421	0.535724	0.950242	0.756357	0.697282	0.273184	0.864583</FloatingPoint>
			</Individual>
			<Individual size="2">
				<FitnessMax value="3.54106"/>
				<FloatingPoint size="50">	2.2174	1.47748	2.72894	4.72241	3.69135	3.61752	0.533355	2.43747	3.33037	3.47472	2.58736	0.550616	2.55926	3.64964	3.77899	2.5806	1.35629	2.7076	4.65984	4.50038	2.66584	1.67775	2.51068	1.49986	2.46824	3.23886	0.691975	0.446053	3.41548	2.49989	2.50176	0.704497	2.77381	2.61671	2.7652	2.3421	0.537864	2.5801	1.82375	2.62504	4.60439	3.18528	3.40102	4.16034	5.55516	2.76254	0.468468	2.75882	2.80931	3.37502</FloatingPoint>
				<FloatingPoint size="20">	0.983023	0.214702	0.268033	0.956093	0.608418	0.980507	0.960933	0.544142	0.981615	0.892274	0.969115	0.626897	0.572816	0.926294	0.0941094	0.877179	0.616303	0.519922	0.732671	0.865529</FloatingPoint>
			</Individual>
			<Individual size="2">
				<FitnessMax value="3.64871"/>
				<FloatingPoint size="50">	2.21765	1.47821	2.72322	4.72241	3.69391	3.62149	0.522481	2.44248	3.33035	3.45733	2.59921	0.783031	2.57317	3.64881	3.7795	2.5806	1.35684	2.70761	4.65974	4.50095	2.66605	1.67775	2.51064	1.50037	2.46393	3.2374	0.691979	0.446071	3.41397	3.51265	2.50125	0.665231	2.78132	2.61768	2.76519	2.41715	0.537826	2.57992	1.8237	2.62481	4.27032	3.01661	3.1807	4.532	3.54905	2.76283	0.471572	2.75791	2.70845	3.38525</FloatingPoint>
				<FloatingPoint size="20">	0.983221	0.619629	0.173702	0.955865	0.611602	0.980538	0.961075	0.242183	0.981614	0.892823	0.955491	0.46343	0.572369	0.926404	0.125443	0.879172	0.473639	0.402812	0.735562	0.865654</FloatingPoint>
			</Individual>
			<Individual size="2">
				<FitnessMax value="3.16727"/>
				<FloatingPoint size="50">	2.21711	1.47821	2.72322	4.72241	3.69382	3.62149	0.522481	2.42979	3.33034	3.46817	2.59803	0.975656	2.57317	3.64883	3.77906	2.5806	1.35684	2.70761	4.65981	4.50095	2.66605	1.67775	2.51064	1.50024	2.46393	3.23945	0.691975	0.446071	3.41397	3.51265	2.50114	0.745454	2.77471	2.61761	2.76518	2.41715	0.537794	2.57992	1.26302	2.62481	3.70801	3.01661	3.17804	3.97559	3.54905	2.76283	5.51334	2.75791	2.66771	3.38525</FloatingPoint>
				<FloatingPoint size="20">	0.983191	0.262612	0.177544	0.955952	0.578573	0.9806	0.961085	0.246072	0.981615	0.891938	0.928351	0.465373	0.574896	0.926506	0.12448	0.879488	0.39747	0.472807	0.732992	0.866237</FloatingPoint>
			</Individual>
			<Individual size="2">
				<FitnessMax value="3.64946"/>
				<FloatingPoint size="50">	2.21734	1.47587	2.71828	4.72241	3.70766	3.61933	0.505332	2.44116	3.33044	3.47587	2.5892	0.551032	2.37077	3.65837	3.77967	2.58064	1.35621	2.70945	4.66954	4.49875	2.71867	1.67713	2.51233	1.4996	2.47866	3.23548	0.69183	0.44596	3.46918	3.51266	2.50013	0.348228	2.77279	2.61672	2.76515	2.31754	0.534017	2.59169	1.82335	2.62311	3.50825	3.43987	3.31457	3.8248	3.75849	2.76148	0.46272	2.75792	2.71612	3.37704</FloatingPoint>
				<FloatingPoint size="20">	0.982884	0.954027	0.17799	0.955927	0.608732	0.980528	0.961025	0.24319	0.981614	0.891286	0.959146	0.612574	0.572337	0.926531	0.0960059	0.876415	0.60886	0.519393	0.730843	0.868047</FloatingPoint>
			</Individual>
			<Individual size="2">
				<FitnessMax value="3.64936"/>
				<FloatingPoint size="50">	2.21745	1.47377	2.72794	4.72241	3.69384	3.62101	0.518348	2.45993	3.33037	3.4707	2.57583	0.550338	2.56684	3.6467	3.77992	2.5806	1.35687	2.70759	4.65998	4.48487	2.66592	1.67775	2.51057	1.50027	2.46428	3.24037	0.691975	0.445802	3.4144	3.51265	2.5011	0.745349	2.77421	2.62021	2.76534	2.32528	0.538049	2.57995	1.82376	2.62459	4.68372	2.76865	3.18199	4.20181	3.66272	2.7618	0.475623	2.76885	2.58939	3.90596</FloatingPoint>
				<FloatingPoint size="20">	0.983048	0.207599	0.0349454	0.955784	0.604574	0.980573	0.961118	0.431274	0.981616	0.891289	0.960552	0.681356	0.575341	0.926272	0.094567	0.877966	0.225879	0.552832	0.734903	0.866265</FloatingPoint>
			</Individual>
			<Individual size="2">
				<FitnessMax value="2.84296"/>
				<FloatingPoint size="50">	2.21525	1.47582	2.7279	5.88193	3.68969	3.61911	0.527821	2.44722	3.33036	3.48281	2.58384	0.550555	2.56373	3.64838	3.77947	2.5806	1.35651	2.70759	4.65993	4.49385	5.46467	1.67775	2.51072	1.49974	2.4807	3.23874	0.691975	0.445984	3.44896	3.51267	2.4946	0.712143	2.77383	2.61854	2.76522	2.33611	0.537848	2.57998	1.82374	2.63072	4.64882	3.45182	4.42807	3.95712	4.34528	2.7628	0.470921	2.7607	2.65095	3.57305</FloatingPoint>
				<FloatingPoint size="20">	0.982884	0.966007	0.17799	0.955927	0.608732	0.980528	0.961025	0.24319	0.981614	0.891286	0.959146	0.612574	0.572337	0.926531	0.0960059	0.876415	0.60886	0.519393	0.730843	0.868047</FloatingPoint>
			</Individual>
			<Individual size="2">
				<FitnessMax value="3.27697"/>
				<FloatingPoint size="50">	2.21795	1.42694	2.73919	4.72241	4.58306	3.61076	0.58444	2.42978	3.33305	3.43975	2.56796	0.55283	2.53072	3.69123	3.77929	2.5806	1.35685	2.7076	4.65969	4.50097	2.66606	1.67775	2.51064	1.50038	2.46401	3.26595	0.691978	0.44607	3.41406	3.51265	2.50123	0.702101	2.77662	2.61798	2.76519	2.34888	0.537829	2.57992	1.8237	2.6246	4.27921	3.05812	3.19089	3.76441	3.58359	2.76277	0.471194	2.75792	2.63928	3.38456</FloatingPoint>
				<FloatingPoint size="20">	0.983198	0.348898	0.175444	0.955776	0.603969	0.980743	0.961066	0.243055	0.981614	0.893837	0.960356	0.910829	0.572703	0.926628	0.115029	0.880647	0.275712	0.473332	0.739029	0.865829</FloatingPoint>
			</Individual>
			<Individual size="2">
				<FitnessMax value="3.64871"/>
				<FloatingPoint size="50">	2.21699	1.47557	2.719	4.72241	3.71055	3.62796	0.536254	2.76605	3.36236	3.47814	2.5798	0.550902	2.55069	3.65265	3.77913	2.5806	1.356	2.7076	4.66009	4.49716	2.66565	1.67775	2.5107	1.49965	2.48219	3.23901	0.691975	0.446082	3.41669	3.51268	2.50204	0.509989	2.66395	2.61614	2.76519	2.44618	0.537651	2.58009	1.82372	2.62469	4.43343	2.92361	3.61921	4.6329	3.82777	2.76289	0.472531	2.75992	2.61863	3.42475</FloatingPoint>
				<FloatingPoint size="20">	0.983167	0.425074	0.178252	0.955901	0.610889	0.980507	0.961055	0.2508	0.981614	0.893837	0.955397	0.168616	0.570883	0.926526	0.141936	0.879507	0.394484	0.40352	0.730558	0.865315</FloatingPoint>
			</Individual>
			<Individual size="2">
				<FitnessMax value="3.24517"/>
				<FloatingPoint size="50">	2.21765	1.47763	2.75141	4.72241	3.68502	3.62017	0.52401	2.43731	3.33045	3.47746	2.59282	0.550786	2.56992	3.64945	3.77905	2.58059	1.35678	2.70759	4.65961	4.50036	2.66536	1.67775	2.51076	1.49919	2.47939	3.23525	0.691975	0.446053	3.42886	3.51266	2.53016	0.595311	2.77802	2.61696	2.7652	2.3605	0.537928	2.68043	1.82376	2.62504	5.42972	2.98064	3.8044	4.10877	3.96986	2.76299	0.471774	2.75838	2.71662	3.37613</FloatingPoint>
				<FloatingPoint size="20">	0.984019	0.758359	0.199313	0.180654	0.610154	0.979994	0.960974	0.251197	0.981614	0.89479	0.910455	0.140258	0.573118	0.92655	0.0711229	0.877039	0.583003	0.50194	0.729424	0.86552</FloatingPoint>
			</Individual>
			<Individual size="2">
				<FitnessMax value="3.64946"/>
				<FloatingPoint size="50">	2.21722	1.47657	2.71051	4.72241	3.68096	3.61983	0.524593	2.43748	3.33034	3.48672	2.59262	0.55079	2.56958	3.64386	3.779	2.58059	1.35626	2.70757	4.65978	4.49988	2.66535	1.67775	2.51077	1.49881	2.48699	3.22849	0.691976	0.446027	3.46404	3.51268	2.50388	0.741052	2.77365	2.61821	2.76519	2.30787	0.537824	2.58004	1.82373	2.62467	4.73734	3.81761	5.77229	3.85863	5.24654	2.76288	0.464809	2.75797	2.60951	3.3769</FloatingPoint>
				<FloatingPoint size="20">	0.982884	0.954027	0.17799	0.955927	0.608732	0.980528	0.961025	0.24319	0.981614	0.891286	0.959146	0.612574	0.572337	0.926531	0.0960059	0.876415	0.60886	0.943072	0.730843	0.868047</FloatingPoint>
			</Individual>
			<Individual size="2">
				<FitnessMax value="3.64917"/>
				<FloatingPoint size="50">	2.21722	1.47657	2.71051	4.72241	3.68096	3.61983	0.524593	2.43748	3.33034	3.48672	2.59262	0.55079	2.56958	3.64386	3.779	2.58059	1.35626	2.70757	4.65978	4.49988	2.66535	1.67775	2.51077	1.49881	2.48699	3.2345	0.691978	0.446056	3.4303	3.51266	2.50211	0.689955	2.77882	2.61785	2.76519	2.38152	0.537938	2.74267	1.82377	2.62573	4.34549	2.89433	5.37893	3.71379	3.98153	2.76299	0.463499	2.75822	2.73521	3.37631</FloatingPoint>
				<FloatingPoint size="20">	0.983221	0.475326	0.175267	0.955736	0.608418	0.980507	0.960933	0.546786	0.981614	0.892274	0.969115	0.611985	0.572816	0.92665	0.0941094	0.877179	0.616303	0.548821	0.732671	0.866517</FloatingPoint>
			</Individual>
			<Individual size="2">
				<FitnessMax value="3.42821"/>
				<FloatingPoint size="50">	2.21735	1.4752	2.72059	4.72241	3.72962	3.61902	0.526744	2.44872	3.33037	3.47969	2.58948	0.562346	2.55996	3.64864	3.77956	2.5806	1.35656	2.70764	4.65994	4.49418	2.66548	1.67775	2.51069	1.50007	2.47896	3.23881	0.691976	3.38648	3.44323	3.51266	2.24243	0.695512	2.77647	2.61849	2.76523	2.34851	0.555061	2.57998	1.72186	2.63816	4.37131	3.42259	3.55052	3.76016	4.11616	2.76293	0.471142	2.7612	2.63618	3.69801</FloatingPoint>
				<FloatingPoint size="20">	0.983048	0.708109	0.306034	0.955784	0.578542	0.975754	0.956601	0.431274	0.981697	0.891289	0.957202	0.826738	0.599942	0.928825	0.374593	0.883348	0.63594	0.609976	0.734903	0.865635</FloatingPoint>
			</Individual>
		</Deme>
	</Population>
</ECF>
