<?xml version="1.0" encoding="ISO-8859-1"?>
<ECF milestone="Mon Jun 18 16:43:41 2018
">
	<Registry>
		<Entry key="1FloatingPoint.dimension">20</Entry>
		<Entry key="1FloatingPoint.lbound">0</Entry>
		<Entry key="1FloatingPoint.ubound">1</Entry>
		<Entry key="FloatingPoint.dimension">50</Entry>
		<Entry key="FloatingPoint.lbound">0</Entry>
		<Entry key="FloatingPoint.ubound">6.99</Entry>
		<Entry key="SteadyStateTournament.tsize">3</Entry>
		<Entry key="batch.logfile_">*</Entry>
		<Entry key="batch.remaining_">0</Entry>
		<Entry key="batch.repeats">1</Entry>
		<Entry key="batch.singlemilestone">1</Entry>
		<Entry key="batch.statsfile">stats/ohlc_bitfinex_ltcusd_86400_10_100_0.9_0.7.csv</Entry>
		<Entry key="data.balance">1150.5</Entry>
		<Entry key="data.input">data/train/ohlc_bitfinex_ltcusd_86400.csv</Entry>
		<Entry key="data.test">data/test/ohlc_bitfinex_ltcusd_86400.csv</Entry>
		<Entry key="fuzzy.langvars">conf/ohlc_bitfinex_ltcusd_86400.conf</Entry>
		<Entry key="fuzzy.numrules">10</Entry>
		<Entry key="fuzzy.threshold">0.7</Entry>
		<Entry key="log.frequency">10</Entry>
		<Entry key="log.level">3</Entry>
		<Entry key="milestone.elapsedtime_">235</Entry>
		<Entry key="milestone.filename">milestones/ohlc_bitfinex_ltcusd_86400_10_100_0.9_0.7.txt</Entry>
		<Entry key="milestone.generation_">2999</Entry>
		<Entry key="mutation.indprob">0.9</Entry>
		<Entry key="operator.logfile">log/ohlc_bitfinex_ltcusd_86400_10_100_0.9_0.7.csv</Entry>
		<Entry key="population.size">100</Entry>
		<Entry key="term.eval">300000</Entry>
		<Entry key="term.maxtime">1800</Entry>
	</Registry>
	<Population size="1">
		<HallOfFame size="1">
			<Individual size="2" gen="2988">
				<FitnessMax value="12.9718"/>
				<FloatingPoint size="50">	1.53322	0.633558	2.78845	3.67921	3.60714	1.63657	0.693072	2.79397	1.6155	2.59271	1.71811	0.368637	2.74548	3.37271	3.57526	1.3789	0.554946	2.66076	4.52535	3.54417	1.4039	0.420017	2.64197	4.35672	3.6107	1.6129	0.768754	3.09782	1.45634	2.63931	1.33135	0.654717	3.41653	5.52016	4.29504	1.5489	0.401103	3.3763	4.49308	4.61121	1.42824	0.524397	2.7142	1.56453	2.54425	1.6736	0.441557	2.45274	5.30503	4.44346</FloatingPoint>
				<FloatingPoint size="20">	0.949007	0.933368	0.833441	0.972326	0.480722	0.990587	0.950373	0.94984	0.82559	0.919046	0.999505	0.914982	0.959945	0.987869	0.997145	0.962445	0.962017	0.908373	0.393898	0.958152</FloatingPoint>
			</Individual>
		</HallOfFame>
		<Deme size="100">
			<HallOfFame size="1">
				<Individual size="2" gen="2988">
					<FitnessMax value="12.9718"/>
					<FloatingPoint size="50">	1.53322	0.633558	2.78845	3.67921	3.60714	1.63657	0.693072	2.79397	1.6155	2.59271	1.71811	0.368637	2.74548	3.37271	3.57526	1.3789	0.554946	2.66076	4.52535	3.54417	1.4039	0.420017	2.64197	4.35672	3.6107	1.6129	0.768754	3.09782	1.45634	2.63931	1.33135	0.654717	3.41653	5.52016	4.29504	1.5489	0.401103	3.3763	4.49308	4.61121	1.42824	0.524397	2.7142	1.56453	2.54425	1.6736	0.441557	2.45274	5.30503	4.44346</FloatingPoint>
					<FloatingPoint size="20">	0.949007	0.933368	0.833441	0.972326	0.480722	0.990587	0.950373	0.94984	0.82559	0.919046	0.999505	0.914982	0.959945	0.987869	0.997145	0.962445	0.962017	0.908373	0.393898	0.958152</FloatingPoint>
				</Individual>
			</HallOfFame>
			<Individual size="2">
				<FitnessMax value="12.7762"/>
				<FloatingPoint size="50">	1.53361	0.635117	2.78193	3.67155	3.52994	1.62352	0.694721	2.6849	1.66708	2.45746	1.72163	0.319716	2.64493	3.37972	3.6725	1.47468	0.55472	2.6456	4.48257	3.44837	1.40854	0.420601	2.66115	4.35998	3.62049	1.61469	0.768991	3.13388	1.5957	2.687	1.32472	0.654029	3.66502	5.51309	4.31188	1.54137	0.3874	3.33031	4.47907	4.50751	1.43365	0.504674	2.72023	1.8254	2.47732	1.67494	0.435334	2.45271	5.23473	4.4437</FloatingPoint>
				<FloatingPoint size="20">	0.223855	0.928562	0.833441	0.972323	0.352076	0.990587	0.530661	0.949834	0.232696	0.910916	0.999505	0.914985	0.959998	0.987869	0.997047	0.786057	0.962009	0.908377	0.273796	0.933522</FloatingPoint>
			</Individual>
			<Individual size="2">
				<FitnessMax value="12.8443"/>
				<FloatingPoint size="50">	1.53323	0.633535	2.78844	3.67925	3.60693	1.63652	0.162696	2.79399	1.61583	2.59297	1.7181	0.368937	2.74551	3.3727	3.57454	1.37839	0.554949	2.54737	4.52514	3.54477	1.40377	0.420015	2.64194	4.35673	3.61064	1.61289	0.768752	3.09775	1.45527	2.63913	1.33143	0.654719	3.41593	5.51999	4.29442	1.54897	0.401111	3.37638	4.49304	4.61103	1.42819	0.524481	2.71416	1.56463	2.54424	1.67348	0.441573	2.45274	5.30538	4.44345</FloatingPoint>
				<FloatingPoint size="20">	0.953266	0.933102	0.833441	0.972325	0.388543	0.990587	0.831859	0.948973	0.315157	0.929499	0.999505	0.915001	0.959298	0.987869	0.294734	0.962446	0.962012	0.908447	0.516227	0.956978</FloatingPoint>
			</Individual>
			<Individual size="2">
				<FitnessMax value="12.9705"/>
				<FloatingPoint size="50">	1.53347	0.633695	2.78855	3.6717	3.5078	1.63027	0.681918	2.7895	1.59238	2.58684	1.71684	0.374977	2.86745	3.36447	3.57526	1.36538	0.555075	2.66191	4.52928	3.57089	1.40354	0.420005	2.64091	4.35744	3.6111	1.61264	0.34692	3.23525	1.57647	2.60076	1.33114	0.654527	3.5994	5.4825	4.38155	1.54493	0.396282	3.27311	4.48406	4.655	1.43489	0.0791874	2.7173	1.55707	2.54522	1.68462	0.412466	2.45272	5.27311	4.44144</FloatingPoint>
				<FloatingPoint size="20">	0.327275	0.933204	0.833441	0.972321	0.423462	0.990587	0.523352	0.920894	0.199989	0.918318	0.999505	0.914992	0.960136	0.987869	0.997114	0.962447	0.962012	0.908436	0.542223	0.969257</FloatingPoint>
			</Individual>
			<Individual size="2">
				<FitnessMax value="12.9705"/>
				<FloatingPoint size="50">	1.50901	0.638517	2.78992	3.67201	3.6793	1.65109	0.537903	2.79462	1.59574	2.60488	1.71891	0.362277	2.7269	3.38637	3.71045	1.38973	0.555168	2.65361	4.54866	3.5611	1.40062	0.419917	2.62275	4.35847	3.61173	1.61202	0.768647	3.09726	1.58872	2.67972	1.33177	0.653912	3.66535	5.52291	4.29543	1.54295	0.40395	3.36632	4.49117	4.59953	1.43732	0.535658	2.71504	1.55485	2.54597	1.65197	0.439776	2.66477	5.31167	4.45186</FloatingPoint>
				<FloatingPoint size="20">	0.0423092	0.933368	0.833441	0.972327	0.0955077	0.990587	0.719332	0.949867	0.199747	0.918532	0.999505	0.914983	0.959787	0.987868	0.99706	0.962448	0.962015	0.908371	0.417382	0.962363</FloatingPoint>
			</Individual>
			<Individual size="2">
				<FitnessMax value="12.9705"/>
				<FloatingPoint size="50">	1.53364	0.626955	2.78458	3.67155	3.50239	1.72632	0.696621	2.68083	1.66557	2.45814	1.71358	0.306758	2.93047	3.35971	3.70616	1.47215	0.554727	2.64548	4.51432	3.45607	1.42393	0.420395	2.66132	4.3553	3.62115	1.61554	0.768707	3.10876	1.55018	2.49756	1.33703	0.654779	3.68103	5.51334	4.29505	1.5384	0.387364	3.33856	4.4784	4.33747	1.43372	0.522114	2.72066	1.8043	2.54545	1.67318	0.441626	2.45271	5.26372	4.44251</FloatingPoint>
				<FloatingPoint size="20">	0.985419	0.929317	0.833441	0.972321	0.447872	0.990589	0.723718	0.948091	0.840894	0.909755	0.999505	0.915026	0.959878	0.987869	0.996998	0.962445	0.962006	0.908455	0.686144	0.967085</FloatingPoint>
			</Individual>
			<Individual size="2">
				<FitnessMax value="12.9705"/>
				<FloatingPoint size="50">	1.53223	0.635572	2.78859	3.67307	3.62191	1.69461	0.553115	2.79043	1.59775	2.5938	1.71861	0.374506	2.74587	3.38153	3.69909	1.39141	0.554969	2.66123	4.54088	3.55049	1.40377	0.419946	2.63949	4.35782	3.61109	1.61264	0.768553	3.32222	1.63032	2.68246	1.33319	0.6542	3.36269	5.52597	4.29451	1.55019	0.403529	3.37916	4.49457	4.63589	1.43502	0.529653	2.71727	1.55568	2.54561	1.67976	0.441945	2.46397	5.2919	4.44842</FloatingPoint>
				<FloatingPoint size="20">	0.495651	0.933368	0.833441	0.972325	0.290902	0.990587	0.251896	0.907541	0.199799	0.915395	0.999505	0.915005	0.95989	0.987869	0.997035	0.962447	0.962013	0.90846	0.45346	0.968555</FloatingPoint>
			</Individual>
			<Individual size="2">
				<FitnessMax value="12.9705"/>
				<FloatingPoint size="50">	1.58755	0.633271	2.78805	3.67172	3.63573	1.6309	0.691624	2.79031	1.59704	2.6008	1.71918	0.375039	2.7326	3.37362	3.65709	1.36107	0.555104	2.66177	4.5297	3.57978	1.40374	0.420005	2.64245	4.35769	3.61155	1.61238	0.768585	3.09757	1.63288	2.681	1.3303	0.65417	3.38229	5.52058	4.30578	1.55943	0.402369	3.36918	4.54472	4.5981	1.43586	0.528868	2.71614	1.55843	2.54552	1.68079	0.444838	2.42028	5.26469	4.44699</FloatingPoint>
				<FloatingPoint size="20">	0.985419	0.929317	0.833441	0.972321	0.447872	0.990589	0.723718	0.948091	0.840894	0.909755	0.999505	0.915026	0.959878	0.987869	0.996998	0.962445	0.962006	0.908455	0.686144	0.966575</FloatingPoint>
			</Individual>
			<Individual size="2">
				<FitnessMax value="12.9705"/>
				<FloatingPoint size="50">	1.58814	0.634011	2.78781	3.67193	3.63048	1.6374	0.682926	2.79054	1.61105	2.52354	1.71858	0.149944	2.78914	3.37404	3.68001	1.38662	0.554683	2.64695	4.49968	3.54104	1.40591	0.420081	2.66296	4.35702	3.6206	1.6145	0.76901	3.10104	1.49856	2.62697	1.33081	0.654231	3.50487	5.46471	4.31239	1.54116	0.396164	3.29365	4.47855	4.59305	1.43246	0.524734	2.72007	1.55062	2.54504	1.67571	0.416057	2.45273	5.23028	4.4449</FloatingPoint>
				<FloatingPoint size="20">	0.953266	0.927985	0.833441	0.972323	0.554594	0.990587	0.487879	0.949921	0.234854	0.917774	0.999505	0.914985	0.959969	0.987869	0.997016	0.962449	0.962009	0.908387	0.23447	0.945452</FloatingPoint>
			</Individual>
			<Individual size="2">
				<FitnessMax value="12.1612"/>
				<FloatingPoint size="50">	1.51851	0.637503	2.7889	3.67301	3.69033	1.62992	0.696029	2.80196	1.61398	2.53223	1.71949	0.354586	2.77838	3.37317	3.65206	1.49879	0.55513	2.64227	4.55421	3.57939	1.40261	0.419755	2.64145	4.35707	3.61204	1.6121	0.768939	3.61903	1.53587	2.56812	1.5468	0.654328	3.68309	5.49018	4.3875	1.55075	0.390863	3.3017	4.47903	4.26908	1.43757	0.529438	2.7198	1.54918	2.54563	1.69003	0.443805	2.53708	5.25211	4.44425</FloatingPoint>
				<FloatingPoint size="20">	0.93847	0.930501	0.833441	0.972323	0.469819	0.990588	0.723375	0.403017	0.244273	0.912599	0.999505	0.915019	0.959995	0.987869	0.997024	0.962446	0.962009	0.908435	0.510172	0.965225</FloatingPoint>
			</Individual>
			<Individual size="2">
				<FitnessMax value="12.9705"/>
				<FloatingPoint size="50">	1.5475	0.634368	2.78736	3.6716	3.59046	1.63168	0.70226	2.79031	1.59344	2.59993	1.71917	0.374006	2.73829	3.37382	3.6511	1.36213	0.555086	2.66368	4.52901	3.57784	1.40423	0.420009	2.64387	4.35764	3.61172	1.61225	0.768589	3.09788	1.6277	2.6774	1.33049	0.654175	3.19692	5.52358	4.30381	1.5545	0.403312	3.38256	4.49748	4.54683	1.43432	0.524865	2.71574	1.56012	2.54538	1.68018	0.448182	2.45274	5.27389	4.44364</FloatingPoint>
				<FloatingPoint size="20">	0.836543	0.932704	0.833441	0.972325	0.411055	0.990587	0.103631	0.949919	0.235701	0.918099	0.999505	0.915019	0.959973	0.987869	0.997052	0.962449	0.96201	0.908434	0.237973	0.965697</FloatingPoint>
			</Individual>
			<Individual size="2">
				<FitnessMax value="12.9705"/>
				<FloatingPoint size="50">	1.527	0.634368	2.78736	3.6716	3.59046	1.63168	0.70226	2.79031	1.59344	2.59993	1.71917	0.374006	2.73829	3.37382	3.6511	1.36213	0.555086	2.66368	4.52901	3.57784	1.40423	0.420177	2.64964	4.3324	3.62124	1.61232	0.768667	3.30132	1.62519	2.66544	1.33061	0.654221	3.223	5.52564	4.367	1.54351	0.399726	3.35404	4.496	4.66467	1.43387	0.526554	2.71678	1.55519	2.54565	1.68157	0.43377	2.45274	5.25573	4.44676</FloatingPoint>
				<FloatingPoint size="20">	0.953266	0.927985	0.833441	0.972323	0.404295	0.990587	0.723035	0.949921	0.234854	0.917774	0.999505	0.914985	0.959969	0.987869	0.997016	0.962449	0.962009	0.908387	0.23447	0.945452</FloatingPoint>
			</Individual>
			<Individual size="2">
				<FitnessMax value="12.9494"/>
				<FloatingPoint size="50">	1.53384	0.630483	2.78813	3.6789	3.6128	1.69319	0.694094	2.78167	1.62397	2.57209	1.71503	0.358528	2.74775	3.36992	3.64058	1.40942	0.554857	2.66728	4.50996	3.49067	1.40418	0.420082	2.65741	4.35837	3.61017	1.61003	0.768562	3.09754	1.45965	2.64958	1.33134	0.654409	3.45029	5.52707	4.29502	1.54905	0.413161	3.39078	4.5155	4.617	1.43496	0.54201	2.71309	1.56417	2.54581	1.67459	0.443369	2.45291	5.30653	4.44729</FloatingPoint>
				<FloatingPoint size="20">	0.947887	0.933368	0.833441	0.972327	0.0955077	0.990587	0.719332	0.949863	0.236244	0.918402	0.999505	0.914985	0.31319	0.987868	0.99707	0.962448	0.962015	0.908374	0.430635	0.962183</FloatingPoint>
			</Individual>
			<Individual size="2">
				<FitnessMax value="11.2479"/>
				<FloatingPoint size="50">	1.53384	0.637286	2.78933	3.67412	3.67207	1.63959	0.667999	2.7922	1.61161	2.59997	1.71812	0.371507	6.79895	3.38573	3.66268	1.38502	0.555122	2.65881	4.54719	3.57425	1.4008	0.419957	2.62281	4.35834	3.61107	1.61229	0.769154	3.09709	1.61021	2.66859	1.33124	0.654044	3.50865	5.5229	4.2953	1.54646	0.402808	3.36981	4.51902	4.60011	1.4369	0.533002	2.71401	1.55757	2.5457	1.66257	0.440648	2.50681	5.28235	4.44767</FloatingPoint>
				<FloatingPoint size="20">	0.495651	0.933343	0.833441	0.972324	0.136671	0.990587	0.554932	0.926417	0.185074	0.918349	0.999505	0.914991	0.960077	0.987869	0.997098	0.962448	0.962012	0.908381	0.484071	0.963844</FloatingPoint>
			</Individual>
			<Individual size="2">
				<FitnessMax value="12.8762"/>
				<FloatingPoint size="50">	1.53323	0.633535	2.78844	3.67925	3.60693	1.63652	0.692984	2.79399	1.61583	2.59297	1.71776	0.368937	2.74551	3.3727	3.57454	1.37839	0.554949	2.54737	4.52514	3.54477	1.40377	0.420015	2.64194	4.35673	3.61479	1.61289	0.768752	3.09775	1.45527	2.63913	1.33143	0.654719	3.41593	5.51999	4.29442	1.54897	0.401111	3.37638	4.49304	4.61103	1.42819	0.524481	2.71416	1.56463	2.54424	1.67348	0.441573	2.45274	5.30538	4.44345</FloatingPoint>
				<FloatingPoint size="20">	0.953266	0.927985	0.833441	0.972323	0.404295	0.990587	0.723035	0.949921	0.234854	0.917774	0.999505	0.914985	0.959969	0.987869	0.997016	0.962449	0.962009	0.908387	0.23447	0.911016</FloatingPoint>
			</Individual>
			<Individual size="2">
				<FitnessMax value="9.74261"/>
				<FloatingPoint size="50">	1.57166	0.63418	2.78903	3.67185	3.69076	1.629	0.679372	2.78978	1.56719	2.60102	1.71916	0.353121	2.72902	3.36713	3.67154	1.40363	0.554802	2.37002	4.50863	3.54789	1.40337	0.420192	2.64209	4.35775	3.61641	1.61276	0.464084	3.19673	1.63451	2.63451	1.33055	0.654303	3.37908	5.49559	4.3575	1.54914	0.398046	3.30464	4.48764	4.65558	1.43742	0.534463	2.71731	1.5557	2.54564	1.68531	0.422037	2.45273	5.25897	4.44497</FloatingPoint>
				<FloatingPoint size="20">	0.93847	0.930501	0.833441	0.972323	0.469819	0.254441	0.723375	0.949917	0.244273	0.912599	0.999505	0.915019	0.959996	0.987869	0.997024	0.962446	0.962009	0.908435	0.510172	0.965225</FloatingPoint>
			</Individual>
			<Individual size="2">
				<FitnessMax value="12.9705"/>
				<FloatingPoint size="50">	1.58755	0.633271	2.78805	3.67172	3.63573	1.6309	0.691624	2.79031	1.59704	2.6008	1.71918	0.375039	2.7326	3.37362	3.65709	1.36107	0.555104	2.66177	4.5297	3.57978	1.40374	0.420005	2.64245	4.35769	3.61155	1.61238	0.768585	3.09757	1.63288	2.681	1.3303	0.65417	3.34087	5.5244	4.29986	1.55477	0.402698	3.3823	4.54426	4.58733	1.43552	0.529208	2.71584	1.559	2.5455	1.6806	0.446535	2.41346	5.26718	4.44791</FloatingPoint>
				<FloatingPoint size="20">	0.93847	0.930501	0.833441	0.972323	0.469819	0.990588	0.723375	0.949917	0.244273	0.912599	0.999505	0.915019	0.959996	0.987869	0.997024	0.962446	0.962009	0.908435	0.510172	0.965225</FloatingPoint>
			</Individual>
			<Individual size="2">
				<FitnessMax value="12.9705"/>
				<FloatingPoint size="50">	1.58755	0.63459	2.78915	3.67176	3.53651	1.6295	0.125138	2.78947	1.5336	2.59909	1.71908	0.362304	2.81083	3.36435	3.69719	1.41662	0.555046	2.6467	4.48573	3.48057	1.41901	0.42035	2.66083	4.35597	3.61747	1.61271	0.471457	3.15378	1.60971	2.59744	1.33238	0.654451	3.63723	5.47946	4.37394	1.60823	0.399618	3.23125	4.49076	4.66237	1.43785	0.519873	2.71921	1.55376	2.54557	1.68233	0.428835	2.45272	5.24659	4.43585</FloatingPoint>
				<FloatingPoint size="20">	0.93847	0.930501	0.833441	0.972323	0.469819	0.990588	0.723375	0.949917	0.244273	0.912599	0.999505	0.915019	0.959996	0.987869	0.997024	0.962446	0.962009	0.908435	0.510172	0.965225</FloatingPoint>
			</Individual>
			<Individual size="2">
				<FitnessMax value="10.2345"/>
				<FloatingPoint size="50">	1.53323	0.633535	2.78844	3.67925	3.60693	1.63652	0.162696	2.79399	1.61583	2.59297	1.7181	0.368937	2.74551	3.3727	3.57454	1.37839	0.554949	2.54737	4.52514	3.54477	1.40377	0.420015	2.64194	4.35673	3.61064	1.61289	0.768752	3.09775	1.45527	2.63913	1.33143	0.654719	3.41593	5.51999	4.29442	1.54897	0.401111	3.37638	4.49304	4.61103	1.42819	0.524481	2.71416	1.56463	2.54424	1.67348	0.441573	2.45274	5.30538	4.44345</FloatingPoint>
				<FloatingPoint size="20">	0.953133	0.932948	0.833441	0.972325	0.389672	0.0921017	0.829804	0.949009	0.31203	0.929137	0.999505	0.915001	0.959324	0.987869	0.321875	0.962446	0.962012	0.908445	0.510717	0.956733</FloatingPoint>
			</Individual>
			<Individual size="2">
				<FitnessMax value="12.9705"/>
				<FloatingPoint size="50">	1.53361	0.635625	2.78761	3.67189	3.6242	1.63771	0.684955	2.78975	1.59002	2.52794	1.71906	0.286546	2.73404	3.37481	3.67281	1.40676	0.554668	2.66223	4.47941	3.53122	1.40734	0.420048	2.66109	4.35737	3.62036	1.61425	0.769105	3.14915	1.60181	2.6293	1.33077	0.654124	3.66401	5.49901	4.38286	1.542	0.396508	3.30216	4.49726	4.53383	1.43514	0.0225319	2.7173	1.55094	2.54535	1.67506	0.438063	2.45274	5.23019	4.44578</FloatingPoint>
				<FloatingPoint size="20">	0.953266	0.927985	0.833441	0.972323	0.404295	0.990587	0.487879	0.949921	0.234854	0.917774	0.999505	0.914985	0.959969	0.987869	0.997016	0.962449	0.962009	0.908387	0.23447	0.945452</FloatingPoint>
			</Individual>
			<Individual size="2">
				<FitnessMax value="12.9705"/>
				<FloatingPoint size="50">	1.53361	0.628167	2.7858	3.67168	3.52724	1.1915	0.681922	2.76162	1.62663	2.58076	1.71613	0.371841	2.8913	3.36494	3.69431	1.40387	0.554994	2.64691	4.49005	3.45713	1.42203	0.420227	2.66314	4.35582	3.614	1.61296	0.76877	3.10965	1.5567	2.6012	1.33232	0.654526	3.61412	5.4997	4.67639	1.5735	0.399215	3.33949	4.54094	4.41776	1.43817	0.518433	2.71723	1.61945	2.54568	1.68841	0.43777	2.45234	5.25946	4.42801</FloatingPoint>
				<FloatingPoint size="20">	0.948992	0.933368	0.833441	0.972325	0.476292	0.990587	0.106424	0.949852	0.199831	0.914566	0.999505	0.914994	0.959995	0.987869	0.997061	0.962447	0.96201	0.908438	0.533849	0.96109</FloatingPoint>
			</Individual>
			<Individual size="2">
				<FitnessMax value="12.9705"/>
				<FloatingPoint size="50">	1.53347	0.633695	2.78855	3.6717	3.5078	1.63027	0.681918	2.7895	1.59238	2.58684	1.71684	0.374977	2.86745	3.36447	3.57526	1.3789	0.554946	2.66076	4.52535	3.54417	1.4039	0.420017	2.64197	4.35672	3.6107	1.6129	0.768754	3.09782	1.45634	2.63931	1.33135	0.654717	3.41653	5.52016	4.29504	1.5489	0.401103	3.3763	4.49308	4.61121	1.42824	0.524397	2.7142	1.56453	2.54425	1.6736	0.441557	2.45274	5.30503	4.44346</FloatingPoint>
				<FloatingPoint size="20">	0.900445	0.930501	0.833441	0.972323	0.469819	0.990588	0.723375	0.949917	0.244273	0.912599	0.999505	0.915019	0.959996	0.987869	0.997024	0.962446	0.962009	0.908435	0.510172	0.965225</FloatingPoint>
			</Individual>
			<Individual size="2">
				<FitnessMax value="12.9705"/>
				<FloatingPoint size="50">	1.527	0.634368	2.78736	3.6716	3.59046	1.63168	0.70226	2.79031	1.59344	2.59993	1.71917	0.374006	2.73829	3.37382	3.6511	1.36213	0.555086	2.66368	4.52901	3.57784	1.40423	0.420009	2.64387	4.35764	3.61172	1.61225	0.768589	3.09788	1.6277	2.6774	1.33049	0.654175	3.19692	5.52358	4.30381	1.5545	0.403312	3.38256	4.49748	4.54683	1.43432	0.524865	2.71574	1.56012	2.54538	1.68018	0.448182	2.45274	5.27389	4.43353</FloatingPoint>
				<FloatingPoint size="20">	0.900445	0.930501	0.833441	0.972323	0.469819	0.990588	0.723375	0.949917	0.199831	0.914566	0.999505	0.914994	0.959995	0.987869	0.997061	0.962447	0.96201	0.908438	0.26608	0.96109</FloatingPoint>
			</Individual>
			<Individual size="2">
				<FitnessMax value="11.344"/>
				<FloatingPoint size="50">	1.53716	0.633483	2.7884	3.67867	3.61226	1.63708	0.734267	2.79429	1.62145	2.59225	1.71804	0.369096	2.74074	3.37332	3.56642	1.37616	0.554939	2.66178	4.52247	3.53956	1.4028	0.420041	2.6406	4.35678	3.61021	1.61291	0.790319	3.09376	1.44521	2.64235	1.33127	0.654737	3.40052	5.52311	4.28932	1.54459	0.401211	3.38682	4.49325	4.6075	1.42754	0.524069	2.71383	1.56531	2.54415	1.67297	0.44248	2.45274	5.30927	4.44401</FloatingPoint>
				<FloatingPoint size="20">	0.495651	0.308795	0.833441	0.972325	0.466791	0.990587	0.808614	0.949867	0.653827	0.919936	0.999505	0.914984	0.95996	0.987869	0.997051	0.962445	0.962017	0.908377	0.374362	0.951264</FloatingPoint>
			</Individual>
			<Individual size="2">
				<FitnessMax value="12.9494"/>
				<FloatingPoint size="50">	1.53384	0.630483	2.78813	3.6789	3.6128	1.69319	0.694094	2.78167	1.56411	2.57209	1.71503	0.358528	2.74775	3.36992	3.64058	1.40942	0.554857	2.66728	4.50996	3.49067	1.40418	0.420082	2.65741	4.35837	3.61017	1.61003	0.768562	3.09754	1.45965	2.64958	1.33134	0.654409	3.45029	5.52707	4.29502	1.54905	0.413161	3.39078	4.5155	4.617	1.43496	0.54201	2.71309	1.56417	2.54581	1.67459	0.443369	2.45291	5.30653	4.44729</FloatingPoint>
				<FloatingPoint size="20">	0.947887	0.933368	0.833441	0.972327	0.0955077	0.990587	0.719332	0.949863	0.236244	0.918402	0.999505	0.914985	0.040142	0.987868	0.99707	0.962448	0.962015	0.908374	0.430635	0.962183</FloatingPoint>
			</Individual>
			<Individual size="2">
				<FitnessMax value="12.9705"/>
				<FloatingPoint size="50">	1.53716	0.635025	2.78647	3.67194	3.58914	1.69285	0.544696	2.78923	1.59263	2.5768	1.71798	0.37224	2.86454	3.36527	3.62962	1.39625	0.554949	2.65664	4.53392	3.54499	1.40918	0.420002	2.64193	4.35704	3.61233	1.61298	0.76867	3.09765	1.51381	2.65741	1.33315	0.65469	3.4406	5.52262	4.29516	1.54637	0.4026	3.37103	4.49287	4.58505	1.4316	0.531646	2.71579	1.5565	2.54538	1.67203	0.441428	2.55566	5.30652	4.44521</FloatingPoint>
				<FloatingPoint size="20">	0.900445	0.930501	0.833441	0.972323	0.469819	0.990588	0.723375	0.949917	0.244273	0.912599	0.999505	0.915019	0.959996	0.987869	0.997024	0.962446	0.962009	0.908435	0.510172	0.965225</FloatingPoint>
			</Individual>
			<Individual size="2">
				<FitnessMax value="11.2479"/>
				<FloatingPoint size="50">	1.50714	0.649766	0.231055	3.67194	3.52929	1.63167	0.686215	2.78949	1.59351	2.58548	1.717	0.374135	2.87151	3.38686	3.71073	1.36595	0.55509	2.65597	4.53049	3.57216	1.40022	0.419898	2.61604	4.35852	3.6111	1.61317	0.320024	3.10238	1.58535	2.64818	1.33027	0.653798	3.71199	5.48818	4.35493	1.54759	0.400473	3.32829	4.49684	4.58969	1.43804	0.161938	2.72094	1.55461	2.54606	1.68869	0.418383	2.36865	5.27893	4.44214</FloatingPoint>
				<FloatingPoint size="20">	0.949804	0.91944	0.833441	0.972321	0.220678	0.986314	0.712902	0.949427	0.771392	0.915961	0.999505	0.915023	0.959813	0.987869	0.996997	0.962448	0.962012	0.908442	0.52213	0.967002</FloatingPoint>
			</Individual>
			<Individual size="2">
				<FitnessMax value="12.9705"/>
				<FloatingPoint size="50">	1.6614	0.631933	2.78889	3.67186	3.69094	1.62994	0.677983	2.79031	1.60143	2.60187	1.71919	0.376299	2.72566	3.37337	3.66439	1.35978	0.555126	2.09332	4.53055	3.58215	1.40315	0.420001	2.64071	4.35775	3.61134	1.61254	0.768579	3.09718	1.6392	2.68538	1.33006	0.654163	3.07755	5.5254	4.29504	1.55511	0.401951	3.38199	4.49523	4.63672	1.437	0.534503	2.71596	1.55764	2.54564	1.68111	0.444527	2.45274	5.25901	4.4494</FloatingPoint>
				<FloatingPoint size="20">	0.93847	0.930501	0.833441	0.972323	0.469819	0.990588	0.723375	0.949917	0.244273	0.912599	0.999505	0.915019	0.959996	0.987869	0.997024	0.962446	0.962009	0.908435	0.510172	0.965225</FloatingPoint>
			</Individual>
			<Individual size="2">
				<FitnessMax value="12.7691"/>
				<FloatingPoint size="50">	1.58755	0.633986	2.78877	3.67194	3.57769	1.63082	0.683593	2.78892	1.60039	2.5109	1.71682	0.392852	2.85819	3.36736	3.5891	1.41258	0.554841	2.64796	4.49604	3.52459	1.41071	0.420063	2.64358	4.35639	3.6107	1.61378	0.768902	3.13601	1.50259	2.63647	1.33149	0.654705	3.32053	5.51247	4.34555	1.5449	0.401353	3.35906	4.49421	4.51102	1.42988	0.715906	2.71592	1.55921	2.25697	1.67031	0.438917	2.45272	5.29295	4.44098</FloatingPoint>
				<FloatingPoint size="20">	0.432288	0.928869	0.833441	0.972323	0.456663	0.990588	0.723144	0.949918	0.237812	0.750327	0.999505	0.914989	0.95997	0.987869	0.997022	0.962448	0.962009	0.908425	0.294885	0.964521</FloatingPoint>
			</Individual>
			<Individual size="2">
				<FitnessMax value="11.3412"/>
				<FloatingPoint size="50">	1.53364	0.631813	2.78921	3.67161	3.67111	1.62955	0.677911	2.79028	1.52397	2.59937	1.71935	0.366924	2.72907	3.37434	2.76514	1.40555	0.555133	2.66197	4.53103	3.52683	1.40338	0.420177	2.64964	4.3324	3.61128	1.61232	0.15959	3.30132	1.62982	2.58363	1.33061	0.654442	3.68061	5.52564	4.41996	1.54318	0.399726	3.22729	4.496	4.66467	1.15395	0.526554	2.71867	1.55375	2.54565	1.68157	0.43377	2.45272	5.25573	4.44054</FloatingPoint>
				<FloatingPoint size="20">	0.949932	0.929907	0.833441	0.972324	0.400439	0.982175	0.773386	0.949858	0.224131	0.917822	0.999505	0.914986	0.959912	0.987869	0.997044	0.962447	0.962009	0.908386	0.474068	0.9457</FloatingPoint>
			</Individual>
			<Individual size="2">
				<FitnessMax value="12.9705"/>
				<FloatingPoint size="50">	1.53355	0.633413	2.7889	3.67195	3.67909	1.62997	0.678955	2.79032	1.59857	2.60182	1.71933	0.376687	2.72535	3.37418	3.66543	1.35791	0.555129	2.35901	4.5309	3.5828	1.40314	0.419996	2.64167	4.35779	3.61126	1.61249	0.768578	3.20682	1.63868	2.6854	1.33014	0.65416	3.08504	5.52583	4.29499	1.55525	0.40222	3.3833	4.49661	4.63674	1.436	0.532075	2.71587	1.55778	2.54562	1.68119	0.444527	2.45274	5.27282	4.44931</FloatingPoint>
				<FloatingPoint size="20">	0.0861423	0.930501	0.833441	0.972323	0.469819	0.990588	0.723375	0.949917	0.244273	0.912599	0.999505	0.915019	0.959996	0.987869	0.997024	0.962446	0.962009	0.908435	0.510172	0.965225</FloatingPoint>
			</Individual>
			<Individual size="2">
				<FitnessMax value="12.9705"/>
				<FloatingPoint size="50">	1.51851	0.637503	2.7889	3.67301	3.69033	1.62992	0.696029	2.80196	1.61398	2.53223	1.71949	0.354586	2.77838	3.37317	3.65206	1.49879	0.55513	2.64227	4.55421	3.57939	1.40261	0.419755	2.64145	4.35707	3.61204	1.6121	0.768939	3.61903	1.53587	2.56812	1.5468	0.654328	3.68309	5.49018	4.3875	1.55075	0.390863	3.3017	4.47898	4.26908	1.43757	0.529438	2.7198	1.54918	2.54563	1.69003	0.443805	2.53708	5.25211	4.44425</FloatingPoint>
				<FloatingPoint size="20">	0.93847	0.930501	0.833441	0.972323	0.469819	0.990588	0.723375	0.949917	0.244273	0.912599	0.999505	0.915019	0.959995	0.987869	0.997024	0.962446	0.962009	0.908435	0.510172	0.965225</FloatingPoint>
			</Individual>
			<Individual size="2">
				<FitnessMax value="12.8443"/>
				<FloatingPoint size="50">	1.6614	0.636723	2.78904	3.67187	3.69058	1.629	0.688776	2.79269	1.54179	2.56267	1.7192	0.341683	2.73355	3.37179	3.66353	1.45492	0.554698	2.64354	4.49675	3.54824	1.40291	0.419788	2.64198	4.35713	3.61979	1.61289	0.294962	3.33981	1.57123	2.56872	1.40622	0.654428	3.68139	5.48681	4.41667	1.5454	0.392065	3.2588	4.47958	4.46194	1.43781	0.533018	2.71975	1.55328	2.54564	1.68972	0.401418	2.53227	5.25668	4.44125</FloatingPoint>
				<FloatingPoint size="20">	0.932874	0.928977	0.833441	0.972322	0.378069	0.990589	0.723637	0.949917	0.267949	0.911928	0.999505	0.914994	0.959995	0.987869	0.0574429	0.962448	0.962013	0.908443	0.574084	0.954064</FloatingPoint>
			</Individual>
			<Individual size="2">
				<FitnessMax value="12.9705"/>
				<FloatingPoint size="50">	1.527	0.638925	2.79026	3.67134	3.69495	1.62893	0.707392	2.79304	1.56603	2.59635	1.72081	0.387232	2.72351	3.3867	3.70776	1.31548	0.555188	2.70591	4.5574	3.61742	1.40074	0.419873	2.65732	4.35844	3.60925	1.6084	0.76829	3.09723	1.56746	2.69162	1.33131	0.653806	3.66905	5.53058	4.29504	1.56266	0.420477	3.39391	4.52644	4.67537	1.43718	0.553275	2.71189	1.56412	2.54596	1.68948	0.446655	2.45274	5.3097	4.44746</FloatingPoint>
				<FloatingPoint size="20">	0.947887	0.933368	0.833441	0.972327	0.0955077	0.990587	0.719332	0.949867	0.199747	0.918532	0.999505	0.914983	0.959787	0.987868	0.99706	0.962448	0.962015	0.908371	0.417382	0.962363</FloatingPoint>
			</Individual>
			<Individual size="2">
				<FitnessMax value="12.9705"/>
				<FloatingPoint size="50">	1.58755	0.636236	2.78914	3.67918	3.67601	1.63444	0.631104	2.79963	1.60472	2.56691	1.71882	0.361857	2.75982	3.37997	3.63823	1.41972	0.55508	2.65214	4.52637	3.56156	1.40165	0.419916	2.63022	4.35704	3.61129	1.61257	0.768848	3.13738	1.57049	2.62604	1.37699	0.65512	3.5821	5.52055	4.32805	1.54413	0.397873	3.34937	4.48946	4.51542	1.43482	0.534257	2.71634	1.55504	2.5451	1.66095	0.442251	2.63511	5.29011	4.44624</FloatingPoint>
				<FloatingPoint size="20">	0.900445	0.928977	0.833441	0.972322	0.469819	0.990588	0.141273	0.949917	0.213025	0.916634	0.999505	0.915	0.959917	0.987869	0.997088	0.962445	0.96201	0.908435	0.532788	0.959409</FloatingPoint>
			</Individual>
			<Individual size="2">
				<FitnessMax value="12.9705"/>
				<FloatingPoint size="50">	1.527	0.634368	2.78736	3.6716	3.59046	1.63168	0.70226	2.79031	1.59344	2.59993	1.71917	0.374006	2.73829	3.37382	3.6511	1.36213	0.555086	2.66368	4.52901	3.57784	1.40423	0.420177	2.64964	4.3324	3.62124	1.61232	0.768667	3.30132	1.62519	2.66544	1.33061	0.654221	3.223	5.52564	4.367	1.54351	0.399726	3.35404	4.496	4.66467	1.43387	0.526554	2.71678	1.55519	2.54565	1.68157	0.43377	2.45274	5.25573	4.44676</FloatingPoint>
				<FloatingPoint size="20">	0.949804	0.92912	0.833441	0.972324	0.417753	0.990587	0.778664	0.949884	0.234244	0.920129	0.999505	0.914986	0.959974	0.987869	0.997017	0.962448	0.962009	0.908394	0.373662	0.950635</FloatingPoint>
			</Individual>
			<Individual size="2">
				<FitnessMax value="12.9705"/>
				<FloatingPoint size="50">	1.52586	0.635531	2.78867	3.67611	3.64873	1.63324	0.69455	2.79796	1.61474	2.56247	1.7188	0.361611	2.76193	3.37294	3.61366	1.43885	0.555038	2.65151	4.53978	3.56178	1.40325	0.419886	2.64171	4.3569	3.61137	1.6125	0.768846	3.35842	1.4961	2.60372	1.43907	0.656147	3.54981	5.50517	4.34127	1.54982	0.395983	3.339	4.48603	4.44015	1.4329	0.526917	2.717	1.55685	2.54494	1.68182	0.442681	2.49491	5.27857	4.44386</FloatingPoint>
				<FloatingPoint size="20">	0.948992	0.933368	0.833441	0.972325	0.476292	0.990587	0.908816	0.949852	0.199831	0.914566	0.999505	0.914994	0.959995	0.987869	0.997124	0.962448	0.962013	0.908443	0.574084	0.954064</FloatingPoint>
			</Individual>
			<Individual size="2">
				<FitnessMax value="12.9705"/>
				<FloatingPoint size="50">	1.53347	0.633695	2.78855	3.6717	3.5078	1.63027	0.681918	2.7895	1.59238	2.58684	1.71684	0.374977	2.86745	3.36447	3.57526	1.3789	0.554946	2.66076	4.52535	3.54417	1.4039	0.420017	2.64197	4.35672	3.6107	1.6129	0.768754	3.09782	1.45634	2.63931	1.33135	0.654717	3.41653	5.52016	4.29504	1.5489	0.401103	3.3763	4.49308	4.61121	1.42824	0.524397	2.7142	1.56453	2.54425	1.6736	0.441557	2.45274	5.30503	4.44346</FloatingPoint>
				<FloatingPoint size="20">	0.900445	0.930501	0.833441	0.972323	0.469819	0.990588	0.220019	0.949917	0.213025	0.916634	0.999505	0.915	0.960095	0.987869	0.997088	0.962447	0.962011	0.908436	0.532788	0.96807</FloatingPoint>
			</Individual>
			<Individual size="2">
				<FitnessMax value="12.9705"/>
				<FloatingPoint size="50">	1.52774	0.634269	2.78534	3.6731	3.59489	1.64496	0.686261	2.78775	1.65868	2.47701	1.71419	0.337441	2.8648	3.36161	3.69518	1.4271	0.554677	2.63808	4.47963	3.49156	1.41743	0.420241	2.66008	4.3557	3.61815	1.61469	0.76907	3.10994	1.59087	2.58405	1.33322	0.654797	3.66273	5.50525	4.38786	1.53941	0.393219	3.34332	4.47999	4.3956	1.43854	0.508153	2.7174	1.54831	2.32641	1.6503	0.434842	2.46425	5.20722	4.42525</FloatingPoint>
				<FloatingPoint size="20">	0.996386	0.928434	0.833441	0.972321	0.403866	0.986243	0.695835	0.94775	0.951953	0.907863	0.999505	0.915027	0.959867	0.987869	0.996978	0.962447	0.962005	0.908467	0.723892	0.967163</FloatingPoint>
			</Individual>
			<Individual size="2">
				<FitnessMax value="12.9705"/>
				<FloatingPoint size="50">	1.53347	0.633695	2.78855	3.6717	3.5078	1.63027	0.681918	2.7895	1.59238	2.58684	1.71684	0.374977	2.86745	3.36447	3.57526	1.3789	0.554946	2.66076	4.52535	3.54417	1.4039	0.420017	2.64197	4.35672	3.6107	1.6129	0.768754	3.09782	1.45634	2.63931	1.33135	0.654717	3.41653	5.52016	4.29504	1.5489	0.401103	3.3763	4.49308	4.61121	1.42824	0.524397	2.7142	1.56453	2.54425	1.6736	0.441557	2.45274	5.30503	4.44346</FloatingPoint>
				<FloatingPoint size="20">	0.936883	0.930501	0.833441	0.972323	0.469819	0.990588	0.723375	0.949938	0.597924	0.912599	0.999505	0.915019	0.95985	0.987869	0.997043	0.962421	0.962009	0.908421	0.510169	0.965225</FloatingPoint>
			</Individual>
			<Individual size="2">
				<FitnessMax value="12.9705"/>
				<FloatingPoint size="50">	1.58755	0.633986	2.78877	3.67194	3.57769	1.63082	0.683593	2.78892	1.60039	2.5109	1.71682	0.392852	2.85819	3.36736	3.5891	1.41258	0.554841	2.64796	4.49604	3.52459	1.41071	0.420063	2.64358	4.35639	3.6107	1.61378	0.768902	3.13601	1.50259	2.63647	1.33149	0.654705	3.32053	5.51247	4.34555	1.5449	0.401353	3.35906	4.49421	4.51102	1.42988	0.715906	2.71592	1.55921	2.25697	1.67031	0.438917	2.45272	5.29295	4.44098</FloatingPoint>
				<FloatingPoint size="20">	0.953266	0.927985	0.833441	0.972323	0.404295	0.990587	0.723035	0.949921	0.234854	0.917774	0.999505	0.914985	0.959969	0.987869	0.997016	0.962449	0.962009	0.908387	0.23447	0.945452</FloatingPoint>
			</Individual>
			<Individual size="2">
				<FitnessMax value="12.9705"/>
				<FloatingPoint size="50">	1.527	0.634368	2.78486	3.67204	3.59046	1.64609	0.68652	2.78652	1.66514	2.46066	1.71365	0.333443	2.88028	3.36	3.70769	1.43331	0.554637	2.64525	4.47437	3.48336	1.41948	0.420274	2.66351	4.35552	3.6188	1.61494	0.769107	3.11158	1.60165	2.58071	1.33344	0.65481	3.68178	5.50316	4.40035	1.53865	0.392001	3.33907	4.47842	4.36645	1.43943	0.505509	2.71785	1.54665	2.29714	1.64791	0.433968	2.45271	5.19771	4.42237</FloatingPoint>
				<FloatingPoint size="20">	0.996386	0.928434	0.833441	0.972321	0.403866	0.986243	0.695835	0.94775	0.951953	0.907863	0.999505	0.915027	0.959867	0.987869	0.996978	0.962447	0.962005	0.908467	0.723892	0.967163</FloatingPoint>
			</Individual>
			<Individual size="2">
				<FitnessMax value="12.9705"/>
				<FloatingPoint size="50">	1.53213	0.634822	2.78918	3.67351	3.61969	1.63106	0.703936	2.79053	1.59706	2.60161	1.71941	0.377845	2.72445	3.37515	3.67009	1.35362	0.555132	2.66546	4.53421	3.58718	1.40276	0.419983	2.64273	4.35785	3.61102	1.61199	0.768544	3.33113	1.63042	2.68666	1.3302	0.654114	3.1502	5.52623	4.29429	1.55616	0.404377	3.38377	4.49931	4.6423	1.43384	0.526631	2.71539	1.56141	2.54554	1.68135	0.444562	2.45274	5.27688	4.4475</FloatingPoint>
				<FloatingPoint size="20">	0.948966	0.932848	0.833441	0.972325	0.385061	0.970817	0.8018	0.949855	0.216196	0.91797	0.999505	0.914991	0.959905	0.987869	0.997091	0.962446	0.962015	0.908385	0.553454	0.953756</FloatingPoint>
			</Individual>
			<Individual size="2">
				<FitnessMax value="12.9705"/>
				<FloatingPoint size="50">	1.53347	0.633695	2.78855	3.6717	3.5078	1.63027	0.681918	2.7895	1.59238	2.58684	1.71684	0.374977	2.86745	3.36447	3.7037	1.40698	0.555092	2.64666	4.48219	3.47886	1.422	0.420343	2.66258	4.35596	3.61317	1.61267	0.769018	3.10252	1.60172	2.59835	1.33535	0.654494	3.6215	5.51824	4.29504	1.69688	0.400156	3.27034	4.51507	4.52063	1.43864	0.514292	2.7195	1.55377	2.54554	1.67792	0.434839	2.45273	5.24402	4.42836</FloatingPoint>
				<FloatingPoint size="20">	0.93847	0.930501	0.833441	0.972323	0.469819	0.990588	0.723375	0.949917	0.244273	0.912599	0.999505	0.915019	0.959996	0.987869	0.997024	0.962446	0.962009	0.908435	0.510172	0.965225</FloatingPoint>
			</Individual>
			<Individual size="2">
				<FitnessMax value="12.9705"/>
				<FloatingPoint size="50">	1.53364	0.634905	2.78921	3.67154	3.67111	1.63039	0.694626	2.79034	1.52397	2.59937	1.71925	0.366924	2.72963	3.37434	3.67179	1.40555	0.555054	2.66197	4.49038	3.52683	1.41113	0.420177	2.64964	4.3324	3.62124	1.61232	0.768667	3.30132	1.62519	2.66544	1.33061	0.654221	3.223	5.52564	4.367	1.54351	0.399726	3.35404	4.496	4.66467	1.15395	0.526554	2.71678	1.55519	2.54565	1.68157	0.43377	2.45274	5.25573	4.44676</FloatingPoint>
				<FloatingPoint size="20">	0.949932	0.929907	0.833441	0.972324	0.400439	0.982175	0.773386	0.949858	0.224131	0.917822	0.999505	0.914986	0.959912	0.987869	0.997044	0.962447	0.962009	0.908386	0.474068	0.9457</FloatingPoint>
			</Individual>
			<Individual size="2">
				<FitnessMax value="9.91049"/>
				<FloatingPoint size="50">	1.56051	0.634965	2.78885	3.67544	3.5919	1.63235	0.656511	2.79457	1.59855	2.57687	1.719	0.368448	2.74621	3.37679	3.64766	1.55469	0.555092	2.65696	4.52804	3.57067	1.4027	0.419961	2.63633	4.35737	3.61142	1.61248	0.768744	3.11838	1.5831	2.65652	1.35085	0.654574	3.62356	5.51682	4.31996	1.54275	0.392637	3.33984	4.48426	4.51146	1.43423	0.519465	2.71828	1.69022	2.51121	1.66794	3.39172	2.54391	5.26242	4.44497</FloatingPoint>
				<FloatingPoint size="20">	0.900445	0.928977	0.833441	0.972322	0.469819	0.990588	0.141273	0.949917	0.213025	0.916634	0.999505	0.915	0.959917	0.987869	0.997088	0.962445	0.96201	0.908435	0.532788	0.959409</FloatingPoint>
			</Individual>
			<Individual size="2">
				<FitnessMax value="12.9705"/>
				<FloatingPoint size="50">	1.53476	0.636246	2.78867	3.67611	3.66001	1.63651	0.67111	2.79796	1.60227	2.60806	1.7188	0.361611	2.76193	3.37508	3.61366	1.43885	0.555038	2.64155	4.50931	3.56178	1.39959	0.419961	2.64171	4.3569	3.61137	1.6125	0.768846	3.09775	1.59496	2.56295	1.43907	0.654671	3.54981	5.52218	4.29504	1.54982	0.395983	3.37283	4.48603	4.61587	1.43764	0.526917	2.717	1.55685	2.54538	1.68182	0.442681	2.69929	5.2365	4.44386</FloatingPoint>
				<FloatingPoint size="20">	0.932874	0.928977	0.833441	0.972322	0.969014	0.990589	0.723637	0.949917	0.267949	0.911928	0.999505	0.915021	0.959917	0.987869	0.997036	0.962445	0.96201	0.908435	0.521307	0.959409</FloatingPoint>
			</Individual>
			<Individual size="2">
				<FitnessMax value="12.9705"/>
				<FloatingPoint size="50">	1.53476	0.636246	2.78867	3.67611	3.66001	1.63651	0.67111	2.79796	1.60227	2.60806	1.7188	0.361611	2.76193	3.37508	3.61366	1.43885	0.555038	2.64155	4.50931	3.56178	1.39959	0.419961	2.64171	4.3569	3.61137	1.6125	0.768846	3.09775	1.59496	2.56295	1.43907	0.654671	3.54981	5.72173	4.29504	1.54982	0.395983	3.37283	4.48603	4.61587	1.43764	0.526917	2.717	1.55685	2.54538	1.68182	0.442681	2.69929	5.2365	4.44386</FloatingPoint>
				<FloatingPoint size="20">	0.930922	0.928981	0.833441	0.972322	0.967866	0.990589	0.723377	0.949917	0.26788	0.911933	0.999505	0.915021	0.959918	0.987869	0.997036	0.962445	0.96201	0.908435	0.521288	0.959426</FloatingPoint>
			</Individual>
			<Individual size="2">
				<FitnessMax value="12.9705"/>
				<FloatingPoint size="50">	1.48193	0.636426	2.78918	3.67184	3.69058	1.62806	0.680761	2.78925	1.53294	2.60018	1.71914	0.329943	2.73237	3.36089	3.67869	1.44747	0.554478	2.64671	4.4867	3.51364	1.40358	0.420383	2.64347	4.35774	3.62149	1.61298	0.15959	3.29628	1.62982	2.58363	1.33105	0.654442	3.68061	5.46578	4.41996	1.54318	0.394141	3.22729	4.48005	4.67445	1.43784	0.534424	2.71867	1.55375	2.54565	1.68952	0.399548	2.45272	5.25893	4.44054</FloatingPoint>
				<FloatingPoint size="20">	0.630489	0.931453	0.833441	0.972322	0.453493	0.990588	0.652931	0.939696	0.228677	0.914613	0.999505	0.91501	0.960045	0.987869	0.997056	0.962446	0.96201	0.908436	0.52146	0.966645</FloatingPoint>
			</Individual>
			<Individual size="2">
				<FitnessMax value="12.9705"/>
				<FloatingPoint size="50">	1.58755	0.633271	2.78805	3.67172	3.63573	1.6309	0.691624	2.79031	1.59704	2.6008	1.71918	0.375039	2.7326	3.37362	3.65709	1.68967	0.555104	2.66177	4.5297	3.57978	1.40374	0.420005	2.64245	4.35769	3.61155	1.61238	0.768639	3.09938	1.58267	2.57584	1.33381	0.654478	3.3851	5.52394	4.29773	1.54913	0.402453	3.37382	4.49099	4.55506	1.43702	0.526894	2.71555	1.48372	2.53687	1.67101	0.438165	2.49834	5.23326	4.44792</FloatingPoint>
				<FloatingPoint size="20">	0.985419	0.929317	0.833441	0.972321	0.447872	0.990589	0.723718	0.948091	0.840894	0.910176	0.999505	0.915026	0.959878	0.987869	0.996998	0.962445	0.962006	0.908455	0.686144	0.967085</FloatingPoint>
			</Individual>
			<Individual size="2">
				<FitnessMax value="12.9718"/>
				<FloatingPoint size="50">	1.53716	0.633483	2.7884	3.67867	3.61226	1.63708	0.734267	2.79429	1.62145	2.59225	1.71804	0.369096	2.74074	3.37332	3.56642	1.37616	0.554939	2.66178	4.52247	3.53956	1.4028	0.420041	2.6406	4.35678	3.61021	1.61291	0.790319	3.09376	1.44521	2.64235	1.33127	0.654737	3.40052	5.52311	4.28932	1.54459	0.401211	3.38682	4.49325	4.6075	1.42754	0.524069	2.71383	1.56531	2.54415	1.67297	0.44248	2.45274	5.30927	4.44401</FloatingPoint>
				<FloatingPoint size="20">	0.949007	0.933368	0.833441	0.972326	0.480722	0.990587	0.950373	0.94984	0.82559	0.919046	0.999505	0.914982	0.959945	0.987869	0.997145	0.962445	0.962017	0.908373	0.393898	0.958152</FloatingPoint>
			</Individual>
			<Individual size="2">
				<FitnessMax value="7.39821"/>
				<FloatingPoint size="50">	1.6614	0.631933	2.78889	3.67186	3.69094	1.62994	0.678656	2.79031	1.60143	2.60187	1.71919	0.376299	2.72566	3.37337	3.66439	1.35978	0.555126	2.65944	4.53055	3.54732	1.4114	0.419941	2.63602	4.35782	3.61274	1.61321	0.768571	3.09752	1.57608	2.66237	1.33362	0.654205	3.66561	5.5229	4.29521	1.54292	0.403384	3.35738	4.49022	4.52762	1.43719	0.535695	2.72001	1.55248	2.54589	1.66874	0.437312	2.60361	5.31165	4.4486</FloatingPoint>
				<FloatingPoint size="20">	0.93847	0.930501	0.833441	0.972323	0.469819	0.990588	0.723375	0.949917	0.244273	0.912599	0.999505	0.915019	0.959996	0.450535	0.997024	0.962446	0.962009	0.908435	0.510172	0.965225</FloatingPoint>
			</Individual>
			<Individual size="2">
				<FitnessMax value="12.5396"/>
				<FloatingPoint size="50">	1.67034	0.637464	2.78891	3.67177	3.50858	1.65098	0.651019	2.79318	1.59345	2.59935	1.71881	0.366366	2.73132	3.37844	3.59744	1.38863	0.554963	2.65939	4.5328	3.55784	1.40295	0.419983	2.62512	4.35726	3.61081	1.6125	0.768707	3.09761	1.57646	2.66352	1.33167	0.654523	3.51126	5.52025	4.29543	4.59752	0.401175	3.37412	4.49136	4.60355	1.43255	0.525031	2.71476	1.55976	2.54544	1.66993	0.440497	2.61645	5.30927	4.44955</FloatingPoint>
				<FloatingPoint size="20">	0.0423092	0.933368	0.833441	0.972327	0.0955077	0.990587	0.719332	0.949867	0.199747	0.918532	0.999505	0.914983	0.959787	0.987868	0.99706	0.962448	0.962015	0.908371	0.417382	0.962363</FloatingPoint>
			</Individual>
			<Individual size="2">
				<FitnessMax value="12.9705"/>
				<FloatingPoint size="50">	1.6614	0.631933	2.78889	3.67186	3.69094	1.62994	0.678656	2.79031	1.60143	2.60187	1.71919	0.376299	2.72566	3.37337	3.66439	1.35978	0.555126	2.65944	4.53055	3.58215	1.40315	0.420001	2.64071	4.35775	3.61134	1.61254	0.768579	3.09718	1.6392	2.68538	1.33006	0.654163	3.51639	5.5254	4.29504	1.55511	0.401951	3.38199	4.6013	4.63672	1.437	0.534503	2.71596	1.55764	2.54564	1.68111	0.444527	2.45274	5.25901	4.4494</FloatingPoint>
				<FloatingPoint size="20">	0.795327	0.930501	0.833441	0.972323	0.469819	0.990588	0.723375	0.949917	0.244273	0.912599	0.999505	0.915019	0.959996	0.987869	0.997024	0.962446	0.962009	0.908435	0.510172	0.965225</FloatingPoint>
			</Individual>
			<Individual size="2">
				<FitnessMax value="9.23734"/>
				<FloatingPoint size="50">	1.53224	0.631968	2.78668	3.67859	3.66835	1.69017	0.684735	2.78222	1.62179	2.58514	1.71612	0.341799	2.7961	3.37753	3.70592	1.41019	0.554827	2.65995	4.5166	3.49309	1.40602	0.419995	2.65736	4.35752	3.61048	1.61034	0.768605	3.10004	1.53979	2.64936	1.33189	0.654452	3.51658	5.52547	4.29693	1.54338	0.408288	3.37214	4.49687	4.59208	1.43756	0.5378	2.71532	1.56292	2.45448	1.66349	0.437142	2.4667	5.27209	4.43602</FloatingPoint>
				<FloatingPoint size="20">	0.996386	0.928434	0.833441	0.972321	0.403866	0.986243	0.695835	0.282019	0.951953	0.907863	0.999505	0.915027	0.959867	0.987869	0.996978	0.962447	0.962005	0.908467	0.723892	0.967163</FloatingPoint>
			</Individual>
			<Individual size="2">
				<FitnessMax value="12.9705"/>
				<FloatingPoint size="50">	1.66302	0.632731	2.7886	3.67191	3.56144	1.57635	0.690203	2.78223	1.62107	2.53984	1.71525	0.367873	2.84969	3.36762	3.6966	1.40852	0.554761	2.62738	4.51574	3.51005	1.41672	0.420068	2.64447	4.35639	3.61393	1.61452	0.768879	3.16207	1.57418	2.60147	1.33163	0.654665	3.34431	5.51793	4.50851	1.56338	0.402052	3.35756	4.49785	4.43401	1.4378	0.525043	2.71666	1.59082	2.247	1.66847	0.438172	2.48556	5.27037	4.43563</FloatingPoint>
				<FloatingPoint size="20">	0.953266	0.927985	0.833441	0.972323	0.404295	0.990587	0.723035	0.949921	0.251587	0.917774	0.999505	0.914985	0.959969	0.987869	0.997016	0.962449	0.962009	0.908387	0.23447	0.945452</FloatingPoint>
			</Individual>
			<Individual size="2">
				<FitnessMax value="12.7685"/>
				<FloatingPoint size="50">	1.53323	0.633535	2.78844	3.67925	3.60693	1.63652	0.162696	2.79399	1.61583	2.54334	1.7181	0.368937	2.74551	3.3727	3.57454	1.37839	0.554949	2.54737	4.52514	3.54477	1.40377	0.420015	2.64194	4.35673	3.61064	1.61289	0.768752	3.09775	1.45527	2.63913	1.33143	0.654719	3.41593	5.51999	4.29442	1.54897	0.401111	3.37638	4.49304	4.61103	1.42819	0.524481	2.71416	1.56463	2.54424	1.67348	0.441573	2.45274	5.30538	4.44345</FloatingPoint>
				<FloatingPoint size="20">	0.953266	0.454576	0.833441	0.972323	0.404295	0.990587	0.723035	0.949921	0.251587	0.917774	0.999505	0.914985	0.959969	0.987869	0.997016	0.962449	0.962009	0.908387	0.23447	0.945452</FloatingPoint>
			</Individual>
			<Individual size="2">
				<FitnessMax value="7.26739"/>
				<FloatingPoint size="50">	1.53476	0.636246	2.78867	3.67611	3.66001	1.63651	1.23246	2.79796	1.60227	2.60806	1.7188	0.361611	2.76193	3.37508	3.61366	1.43885	0.555038	2.64155	4.50931	3.56178	1.39959	0.419961	2.64171	4.3569	3.61137	1.6125	0.768846	3.09775	1.59496	2.56295	1.43907	0.654671	3.54981	5.52218	4.29504	1.54982	0.395983	3.37283	4.48603	4.61587	1.43764	0.526917	2.717	1.55685	2.54538	1.68182	0.442681	2.69929	5.2365	4.44386</FloatingPoint>
				<FloatingPoint size="20">	0.937463	0.929241	0.833441	0.972322	0.544946	0.990589	0.723489	0.949917	0.248449	0.91194	0.999505	0.91502	0.959961	0.987869	0.997031	0.962446	0.96201	0.908435	0.516558	0.963364</FloatingPoint>
			</Individual>
			<Individual size="2">
				<FitnessMax value="12.9494"/>
				<FloatingPoint size="50">	1.53364	0.626955	2.78458	3.67155	3.50239	1.72632	0.696621	2.68083	1.66557	2.45814	1.71358	0.306758	2.93047	3.35971	3.70616	1.47215	0.554727	2.64548	4.51432	3.45607	1.42393	0.420395	2.66132	4.3553	3.62115	1.61554	0.768707	3.10876	1.55018	2.49756	1.33703	0.654638	3.68103	5.51334	4.29505	1.5384	0.387364	3.33856	4.4784	4.33747	1.43372	0.522114	2.72066	1.8043	2.54545	1.67318	0.441626	2.45271	5.26372	4.44251</FloatingPoint>
				<FloatingPoint size="20">	0.327275	0.933204	0.833441	0.972321	0.423462	0.990587	0.523352	0.920894	0.199989	0.918318	0.999505	0.914992	0.197144	0.987869	0.997114	0.962447	0.962012	0.908436	0.542223	0.969257</FloatingPoint>
			</Individual>
			<Individual size="2">
				<FitnessMax value="12.9705"/>
				<FloatingPoint size="50">	1.53347	0.633695	2.78855	3.6717	3.5078	1.63027	0.681918	2.7895	1.59238	2.58684	1.71918	0.375039	2.7326	3.37362	3.65709	1.68967	0.555104	2.66177	4.5297	3.57978	1.40374	0.420005	2.64245	4.35769	3.61155	1.61238	0.768639	3.09938	1.5957	2.687	1.32472	0.654029	3.66502	5.51309	4.31188	1.54137	0.3874	3.33031	4.47907	4.50751	1.43365	0.504674	2.72023	1.8254	2.47732	1.67494	0.435334	2.45271	5.23473	4.4437</FloatingPoint>
				<FloatingPoint size="20">	0.951315	0.929161	0.833441	0.972324	0.110992	0.990587	0.791938	0.949868	0.23394	0.91575	0.999505	0.914991	0.95999	0.987869	0.997023	0.962448	0.96201	0.908395	0.536578	0.950872</FloatingPoint>
			</Individual>
			<Individual size="2">
				<FitnessMax value="12.9705"/>
				<FloatingPoint size="50">	1.5475	0.633135	2.78795	3.67261	3.60231	1.69866	0.698111	2.73088	1.62239	2.48766	1.71458	0.349363	2.91917	3.36363	3.70643	1.42845	0.5546	2.65504	4.51246	3.56827	1.4204	0.420015	2.6632	4.35647	3.61372	1.61484	0.768702	3.29515	1.58207	2.60236	1.33645	0.65428	3.21511	5.51772	4.29477	1.5556	0.393025	3.3771	4.48824	4.50244	1.43322	0.517547	2.71711	1.54425	2.54575	1.68484	0.440922	2.45272	5.25884	4.42973</FloatingPoint>
				<FloatingPoint size="20">	0.949804	0.933229	0.833441	0.972326	0.475195	0.956395	0.907842	0.949855	0.206409	0.917826	0.999505	0.914985	0.959949	0.987869	0.997121	0.962446	0.962015	0.908376	0.625505	0.948421</FloatingPoint>
			</Individual>
			<Individual size="2">
				<FitnessMax value="12.9705"/>
				<FloatingPoint size="50">	1.5683	0.631184	2.78796	3.67143	3.54042	1.48301	0.682894	2.77528	1.6517	2.5903	1.71515	0.371044	2.93004	3.37458	3.68903	1.40195	0.554966	2.62067	4.5084	3.51547	1.41733	0.420053	2.64389	4.35677	3.6139	1.61552	0.768706	3.11006	1.52611	2.60368	1.3312	0.6561	3.60449	5.49164	4.64241	1.54961	0.401119	3.35414	4.54304	4.50374	1.4338	0.526198	2.71485	1.59637	2.54481	1.69734	0.439241	2.49774	5.25997	4.41818</FloatingPoint>
				<FloatingPoint size="20">	0.93847	0.930501	0.833441	0.972323	0.469819	0.990588	0.723375	0.949917	0.45354	0.912599	0.999505	0.915019	0.959996	0.987869	0.997024	0.962446	0.962009	0.908435	0.510172	0.965225</FloatingPoint>
			</Individual>
			<Individual size="2">
				<FitnessMax value="12.9705"/>
				<FloatingPoint size="50">	1.50901	0.638517	2.78992	3.67201	3.6793	1.65109	0.537903	2.79462	1.59574	2.60488	1.71891	0.362277	2.7269	3.38637	3.71045	1.38973	0.555168	2.65361	4.54866	3.5611	1.40062	0.419917	2.62275	4.35847	3.61173	1.61202	0.768647	3.09726	1.58872	2.67972	1.33177	0.653912	3.66535	5.52291	4.29543	1.54295	0.40395	3.36632	4.49117	4.59953	1.43732	0.535658	2.71504	1.55485	2.54597	1.65197	0.439776	2.66477	5.31167	4.45186</FloatingPoint>
				<FloatingPoint size="20">	0.495651	0.933343	0.833441	0.972324	0.136671	0.990587	0.554932	0.926417	0.185074	0.918349	0.999505	0.914991	0.960077	0.987869	0.997098	0.962448	0.962012	0.908381	0.484071	0.963844</FloatingPoint>
			</Individual>
			<Individual size="2">
				<FitnessMax value="12.9705"/>
				<FloatingPoint size="50">	1.53361	0.627047	2.78486	3.67204	3.50273	1.72405	0.696494	2.67195	1.66514	2.46066	1.71365	0.307356	2.92407	3.36	3.70769	1.47079	0.55447	2.64545	4.47437	3.43393	1.4285	0.42039	2.66351	4.3553	3.62357	1.61554	0.769107	3.11158	1.55036	2.55919	1.33701	0.65478	3.68397	5.50316	4.29505	1.53535	0.386684	3.33907	4.47842	4.12349	1.43319	0.501974	2.72066	1.54394	2.54578	1.69329	0.433968	2.45271	5.19771	4.42237</FloatingPoint>
				<FloatingPoint size="20">	0.385804	0.933368	0.833441	0.972324	0.297167	0.990587	0.722608	0.949793	0.543732	0.938225	0.999505	0.914998	0.960209	0.987869	0.997102	0.962449	0.962015	0.908431	0.478459	0.947537</FloatingPoint>
			</Individual>
			<Individual size="2">
				<FitnessMax value="12.9718"/>
				<FloatingPoint size="50">	1.58755	0.633334	2.7884	3.67505	3.61815	1.63124	0.729386	2.79137	1.61612	2.59804	1.71807	0.372309	2.73439	3.3736	3.6447	1.3759	0.554965	2.66178	4.52772	3.57573	1.40359	0.42003	2.64137	4.35727	3.61085	1.61263	0.778551	3.09584	1.62636	2.64604	1.33093	0.654641	3.38944	5.52222	4.29443	1.55413	0.402025	3.37264	4.54008	4.60266	1.43481	0.528565	2.71389	1.55908	2.54534	1.67992	0.44266	2.4212	5.28188	4.4464</FloatingPoint>
				<FloatingPoint size="20">	0.949007	0.933368	0.833441	0.972326	0.480722	0.990587	0.950373	0.94984	0.82559	0.919046	0.999505	0.914982	0.959945	0.987869	0.997145	0.962445	0.962017	0.908373	0.393898	0.958152</FloatingPoint>
			</Individual>
			<Individual size="2">
				<FitnessMax value="12.9705"/>
				<FloatingPoint size="50">	1.53224	0.637959	2.78623	3.67202	3.67696	1.71287	0.542593	2.78909	1.60044	2.55784	1.71843	0.368335	2.7987	3.38266	3.71044	1.40616	0.554949	2.65164	4.5484	3.54732	1.4114	0.419941	2.63602	4.35782	3.61274	1.61321	0.768571	3.09752	1.57608	2.66237	1.33362	0.654205	3.66561	5.5229	4.29521	1.54292	0.403384	3.35738	4.49022	4.52762	1.43719	0.535695	2.72001	1.55248	2.54589	1.66874	0.437312	2.60361	5.31165	4.4486</FloatingPoint>
				<FloatingPoint size="20">	0.88312	0.93086	0.833441	0.972323	0.447456	0.990588	0.0120638	0.944621	0.238714	0.912948	0.999505	0.915018	0.959983	0.987869	0.997025	0.962446	0.962009	0.908438	0.503083	0.965641</FloatingPoint>
			</Individual>
			<Individual size="2">
				<FitnessMax value="12.9487"/>
				<FloatingPoint size="50">	1.5339	0.630498	2.78838	3.67925	3.61224	1.63513	0.694261	2.79542	1.57143	2.57917	1.7151	0.358693	2.74379	3.37119	3.58571	1.41983	0.554815	2.66133	4.51208	3.56065	1.40351	0.420087	2.62904	4.35686	3.61003	1.61002	0.76878	3.09784	1.45952	2.65189	1.33135	0.654724	3.47141	5.51885	4.29506	1.54908	0.393425	3.39114	4.51812	4.61349	1.4342	0.544618	2.71309	1.56455	2.54342	1.67463	0.439498	2.4529	5.30571	4.44578</FloatingPoint>
				<FloatingPoint size="20">	0.949007	0.933368	0.833441	0.972326	0.480722	0.990587	0.950373	0.94984	0.82559	0.919046	0.999505	0.914982	0.1435	0.987869	0.997145	0.962445	0.962017	0.908373	0.393898	0.958152</FloatingPoint>
			</Individual>
			<Individual size="2">
				<FitnessMax value="12.9705"/>
				<FloatingPoint size="50">	1.58755	0.63459	2.78915	3.67176	3.53651	1.6295	0.125138	2.78947	1.5336	2.59909	1.71908	0.362304	2.81083	3.36435	3.69719	1.41662	0.555046	2.6467	4.48573	3.48057	1.41901	0.42035	2.66083	4.35597	3.61747	1.61271	0.471457	3.15378	1.60971	2.59744	1.33238	0.654451	3.63723	5.47946	4.37394	1.60823	0.399618	3.23125	4.49076	4.66237	1.43785	0.519873	2.71921	1.55376	2.54557	1.68233	0.428835	2.45272	5.24659	4.43585</FloatingPoint>
				<FloatingPoint size="20">	0.210327	0.931255	0.833441	0.972323	0.841957	0.990587	0.723358	0.94985	0.23127	0.926213	0.999505	0.915019	0.960005	0.987869	0.997044	0.962445	0.962009	0.908437	0.460898	0.972865</FloatingPoint>
			</Individual>
			<Individual size="2">
				<FitnessMax value="9.91049"/>
				<FloatingPoint size="50">	1.53323	0.633535	2.78844	3.67925	3.60693	1.63652	0.692984	2.79399	1.61583	2.59297	1.71776	0.368937	2.74551	3.3727	3.57454	1.37839	0.554949	2.54737	4.52514	3.54477	1.40377	0.420015	2.64194	4.35673	3.61479	1.61289	0.768752	3.09775	1.45527	2.63913	1.33143	0.654719	3.41593	5.51999	4.29442	1.54897	0.401111	3.37638	4.49304	4.61103	1.42819	0.524481	2.71416	1.56463	2.54424	1.67348	6.11607	2.45274	5.30538	4.44345</FloatingPoint>
				<FloatingPoint size="20">	0.969343	0.928651	0.833441	0.972322	0.426083	0.990588	0.723377	0.949006	0.537874	0.913975	0.999505	0.915005	0.959924	0.987869	0.997007	0.962447	0.962008	0.908421	0.460307	0.93905</FloatingPoint>
			</Individual>
			<Individual size="2">
				<FitnessMax value="12.1612"/>
				<FloatingPoint size="50">	1.5092	0.634349	2.78812	3.6736	3.58043	1.63407	0.695795	2.79004	1.59882	2.59895	1.71783	0.371218	2.76572	3.37344	3.65142	1.36971	0.555034	2.65065	4.50846	3.57721	1.40854	0.420194	2.65313	4.34013	3.6189	1.6127	0.768775	3.27255	1.60216	2.61615	1.3311	0.65426	3.24837	5.52455	4.36607	1.56749	0.400161	3.34194	4.49934	4.55447	1.43322	0.525627	2.71551	1.56278	2.54545	1.67913	0.435713	2.45273	5.25765	4.43996</FloatingPoint>
				<FloatingPoint size="20">	0.93847	0.930501	0.833441	0.972323	0.469819	0.990588	0.723375	0.949917	0.155698	0.310478	0.999505	0.915019	0.959996	0.987869	0.997024	0.962446	0.962009	0.908435	0.510172	0.965225</FloatingPoint>
			</Individual>
			<Individual size="2">
				<FitnessMax value="11.8633"/>
				<FloatingPoint size="50">	1.53364	0.634905	2.78921	3.67154	3.67111	1.63039	0.694626	2.79034	1.52397	2.59937	1.71925	0.366924	2.72963	3.37434	3.67179	1.40555	0.555054	2.66197	4.49038	3.52683	1.41113	3.32854	2.64964	4.3324	3.62124	1.61232	0.768667	3.30132	1.62519	2.66544	1.33061	0.654221	3.223	5.52564	4.367	1.54351	0.399726	3.35404	4.496	4.66467	1.43387	0.526554	2.71678	1.55519	2.54565	1.68157	0.43377	2.45274	5.25573	4.44676</FloatingPoint>
				<FloatingPoint size="20">	0.953266	0.931605	0.833441	0.972322	0.417588	0.990587	0.584552	0.92979	0.210675	0.918151	0.999505	0.91499	0.960085	0.987869	0.997084	0.962448	0.962011	0.908421	0.447901	0.961961</FloatingPoint>
			</Individual>
			<Individual size="2">
				<FitnessMax value="12.9705"/>
				<FloatingPoint size="50">	1.527	0.634368	2.78736	3.6716	3.59046	1.63168	0.70226	2.79031	1.59344	2.59993	1.71917	0.374006	2.73829	3.37382	3.6511	1.36213	0.555086	2.66368	4.52901	3.57784	1.40423	0.420009	2.64387	4.35764	3.61172	1.61225	0.768589	3.09788	1.6277	2.6774	1.33049	0.654175	3.19692	5.52358	4.30381	1.5545	0.403312	3.38256	4.49748	4.54683	1.43432	0.524865	2.71574	1.56012	2.54538	1.68018	0.448182	2.45274	5.27389	4.44668</FloatingPoint>
				<FloatingPoint size="20">	0.646056	0.932889	0.833441	0.972325	0.346175	0.990587	0.720727	0.949354	0.511011	0.941126	0.999505	0.915005	0.959255	0.987869	0.994074	0.962447	0.962013	0.908449	0.477191	0.960507</FloatingPoint>
			</Individual>
			<Individual size="2">
				<FitnessMax value="12.9705"/>
				<FloatingPoint size="50">	1.50901	0.638517	2.78992	3.67201	3.6793	1.65109	0.537903	2.79462	1.59574	2.60488	1.71891	0.362277	2.7269	3.38637	3.71045	1.38973	0.555168	2.65361	4.54866	3.5611	1.40062	0.419917	2.62275	4.35847	3.61173	1.61202	0.768647	3.09726	1.58872	2.67972	1.33177	0.653912	3.66535	5.52291	4.29543	1.54295	0.40395	3.36632	4.49117	4.59953	1.43732	0.535658	2.71504	1.55485	2.54597	1.65197	0.439776	2.66477	5.31167	4.45186</FloatingPoint>
				<FloatingPoint size="20">	0.949804	0.91944	0.833441	0.972321	0.220678	0.986314	0.712902	0.949427	0.771392	0.915961	0.999505	0.915023	0.959813	0.987869	0.996997	0.962448	0.962012	0.908442	0.52213	0.967002</FloatingPoint>
			</Individual>
			<Individual size="2">
				<FitnessMax value="12.7535"/>
				<FloatingPoint size="50">	1.53357	0.629606	2.78614	3.67161	3.50452	1.68855	0.690839	2.72356	1.63679	2.50875	1.71486	0.333585	2.90569	3.36158	3.65468	1.43017	0.554864	2.65194	4.5202	3.50122	1.41591	0.420241	2.6533	4.35614	3.6172	1.6144	0.602842	3.1585	1.56052	2.53814	1.33471	0.654594	3.64893	5.50121	4.32906	1.54097	0.390871	3.31282	4.48062	4.46234	1.43418	0.347936	2.71934	1.70708	2.54536	1.67768	0.430159	2.45272	5.26741	4.44209</FloatingPoint>
				<FloatingPoint size="20">	0.327275	0.933204	0.833441	0.972321	0.423462	0.990587	0.523352	0.920894	0.199989	0.918318	0.999505	0.914992	0.197144	0.987869	0.997114	0.590202	0.962012	0.908436	0.542223	0.969257</FloatingPoint>
			</Individual>
			<Individual size="2">
				<FitnessMax value="12.9705"/>
				<FloatingPoint size="50">	1.48193	0.636426	2.78918	3.67184	3.69058	1.62806	0.680761	2.78925	1.53294	2.60018	1.71914	0.329943	2.73237	3.36089	3.67869	1.44747	0.554478	2.64671	4.4867	3.51364	1.40358	0.420383	2.64347	4.35774	3.62149	1.61298	0.15959	3.29628	1.62982	2.58363	1.33105	0.654442	3.68061	5.46578	4.41996	1.54318	0.394141	3.22729	4.48005	4.67445	1.43784	0.534424	2.71867	1.55375	2.54565	1.68952	0.399548	2.45272	5.25893	4.44054</FloatingPoint>
				<FloatingPoint size="20">	0.630489	0.931059	0.833441	0.972322	0.437802	0.990588	0.850622	0.947744	0.23562	0.914392	0.999505	0.915014	0.959986	0.987869	0.997031	0.962446	0.962009	0.908439	0.521779	0.966778</FloatingPoint>
			</Individual>
			<Individual size="2">
				<FitnessMax value="12.9705"/>
				<FloatingPoint size="50">	1.53361	0.635117	2.78193	3.67155	3.52994	1.62352	0.694721	2.6849	1.66708	2.45746	1.72163	0.319716	2.64493	3.37972	3.50542	1.47468	0.55472	2.6456	4.48257	3.44837	1.40854	0.420601	2.66115	4.35998	3.62049	1.61469	0.768991	3.13388	1.5957	2.687	1.32472	0.654029	3.66502	5.51309	4.31188	1.54137	0.3874	3.33031	4.47907	4.50751	1.43365	0.504674	2.72023	1.8254	2.47732	1.67494	0.435334	2.45271	5.23473	4.4437</FloatingPoint>
				<FloatingPoint size="20">	0.953266	0.927985	0.833441	0.972323	0.404295	0.990587	0.487879	0.949921	0.234854	0.917774	0.999505	0.914985	0.959969	0.987869	0.997016	0.962449	0.962009	0.908387	0.23447	0.958544</FloatingPoint>
			</Individual>
			<Individual size="2">
				<FitnessMax value="11.8633"/>
				<FloatingPoint size="50">	1.50901	0.636246	2.78973	3.68365	3.6793	1.63651	0.537903	2.80133	1.60227	2.60806	1.71891	0.362277	2.75516	3.38637	3.71045	1.38447	0.555168	2.65361	4.50931	3.5611	1.39959	0.419917	0.137851	4.35753	3.61095	1.61266	0.76885	3.09726	1.58872	2.67972	1.33177	0.654671	3.66535	5.52291	4.29543	1.54295	0.404121	3.37283	4.49117	4.61587	1.43764	0.535658	2.71372	1.55485	2.54538	1.65981	0.441028	2.69929	5.31167	4.45181</FloatingPoint>
				<FloatingPoint size="20">	0.900445	0.928977	0.833441	0.972322	0.469819	0.990588	0.220019	0.949917	0.213025	0.916634	0.999505	0.915	0.959917	0.987869	0.997088	0.962445	0.96201	0.908435	0.532788	0.959409</FloatingPoint>
			</Individual>
			<Individual size="2">
				<FitnessMax value="6.74926"/>
				<FloatingPoint size="50">	1.527	0.634368	2.78736	3.6716	3.59046	5.11851	0.70226	2.79031	1.59344	2.59993	1.71917	0.374006	2.73829	3.37382	3.6511	1.36213	0.555086	2.66368	4.52901	3.57784	1.40423	0.420009	2.64387	4.35764	3.61172	1.61225	0.768589	3.09788	1.6277	2.6774	1.33049	0.654175	3.19692	5.52358	4.30381	1.5545	0.403312	3.38256	4.49748	4.54683	1.43432	0.524865	2.71574	1.56012	2.54538	1.68018	0.448182	2.45274	5.27389	4.44668</FloatingPoint>
				<FloatingPoint size="20">	0.580066	0.931531	0.833441	0.972323	0.402996	0.990588	0.721243	0.949469	0.483238	0.936834	0.999505	0.915019	0.9595	0.987869	0.996332	0.962447	0.962009	0.908444	0.490547	0.962191</FloatingPoint>
			</Individual>
			<Individual size="2">
				<FitnessMax value="12.9705"/>
				<FloatingPoint size="50">	1.53347	0.633695	2.78855	3.6717	3.5078	1.63027	0.681918	2.7895	1.59238	2.58684	1.71918	0.375039	2.7326	3.37362	3.65709	1.68967	0.555104	2.66177	4.5297	3.57978	1.40374	0.420005	2.64245	4.35769	3.61155	1.61238	0.768639	3.09938	1.58267	2.57584	1.33381	0.654478	3.3851	5.52394	4.29773	1.54913	0.402453	3.37382	4.49099	4.55506	1.43702	0.526894	2.71555	1.48372	2.53687	1.67101	0.438165	2.49834	5.23326	4.44792</FloatingPoint>
				<FloatingPoint size="20">	0.985419	0.929317	0.833441	0.972321	0.447872	0.990589	0.723718	0.948091	0.840894	0.910176	0.999505	0.915026	0.959878	0.987869	0.996998	0.962445	0.962006	0.908455	0.686144	0.967085</FloatingPoint>
			</Individual>
			<Individual size="2">
				<FitnessMax value="12.9718"/>
				<FloatingPoint size="50">	1.53322	0.633558	2.78845	3.67921	3.60714	1.63657	0.693072	2.79397	1.6155	2.59271	1.71811	0.368637	2.74548	3.37271	3.57526	1.3789	0.554946	2.66076	4.52535	3.54417	1.4039	0.420017	2.64197	4.35672	3.6107	1.6129	0.768754	3.09782	1.45634	2.63931	1.33135	0.654717	3.41653	5.52016	4.29504	1.5489	0.401103	3.3763	4.49308	4.61121	1.42824	0.524397	2.7142	1.56453	2.54425	1.6736	0.441557	2.45274	5.30503	4.44346</FloatingPoint>
				<FloatingPoint size="20">	0.949007	0.933368	0.833441	0.972326	0.480722	0.990587	0.950373	0.94984	0.82559	0.919046	0.999505	0.914982	0.959945	0.987869	0.997145	0.962445	0.962017	0.908373	0.393898	0.958152</FloatingPoint>
			</Individual>
			<Individual size="2">
				<FitnessMax value="12.1612"/>
				<FloatingPoint size="50">	1.53328	0.633603	2.78848	3.67381	3.57701	1.63601	0.685429	2.78983	1.6003	2.58736	1.7177	0.370468	2.82232	3.36818	3.68332	1.38026	0.555012	2.6498	4.5046	3.54299	1.41475	0.420213	2.66001	4.35645	3.61191	1.61288	0.768901	3.09814	1.58066	2.60786	1.33464	0.654697	3.43571	5.52001	4.29504	1.60762	0.400943	3.32357	4.50018	4.53632	1.4325	0.517832	2.71481	1.5641	2.54451	1.67774	0.440964	2.45273	5.26025	4.43487</FloatingPoint>
				<FloatingPoint size="20">	0.93847	0.930501	0.833441	0.972323	0.469819	0.990588	0.723375	0.949917	0.244273	0.310478	0.999505	0.915019	0.959996	0.987869	0.997024	0.962446	0.962009	0.908435	0.510172	0.965225</FloatingPoint>
			</Individual>
			<Individual size="2">
				<FitnessMax value="12.9705"/>
				<FloatingPoint size="50">	1.52586	0.635531	2.78867	3.67611	3.64873	1.63324	0.221444	2.79796	1.61474	2.56247	1.7188	0.361611	2.76193	3.37294	3.61366	1.43885	0.555038	2.65151	4.53978	3.56178	1.40325	0.419886	2.64171	4.3569	3.61137	1.6125	0.768846	3.35842	1.4961	2.60372	1.43907	0.656147	3.54981	5.50517	4.34127	1.54982	0.395983	3.339	4.48603	4.44015	1.4329	0.526917	2.717	1.55685	2.54494	1.68182	0.442681	2.49491	5.27857	4.44386</FloatingPoint>
				<FloatingPoint size="20">	0.948992	0.933368	0.833441	0.972325	0.476292	0.990588	0.869204	0.949866	0.209324	0.914146	0.999505	0.915	0.959995	0.987869	0.997103	0.962448	0.962012	0.908441	0.560432	0.956448</FloatingPoint>
			</Individual>
			<Individual size="2">
				<FitnessMax value="12.9705"/>
				<FloatingPoint size="50">	1.51851	0.637503	2.7889	3.67301	3.69033	1.62992	0.696029	2.80196	1.61398	2.53223	1.71949	0.354586	2.77838	3.37317	3.65206	1.49879	0.55513	2.64227	4.55421	3.57939	1.40261	0.419755	2.64145	4.35707	3.61204	1.6121	0.768939	3.61903	1.53587	2.56812	1.5468	0.654328	3.68309	5.49018	4.3875	1.55075	0.390863	3.3017	4.47898	4.26908	1.43757	0.529438	2.7198	1.54918	2.54563	1.69003	0.443805	2.53708	5.25211	4.44425</FloatingPoint>
				<FloatingPoint size="20">	0.932874	0.928977	0.833441	0.972322	0.378069	0.990589	0.723637	0.949917	0.267949	0.911928	0.999505	0.914994	0.959995	0.987869	0.997124	0.962448	0.962013	0.908443	0.574084	0.954064</FloatingPoint>
			</Individual>
			<Individual size="2">
				<FitnessMax value="12.9705"/>
				<FloatingPoint size="50">	1.527	0.634368	2.78736	3.6716	3.59046	1.63168	0.70226	2.79031	1.59344	2.59993	1.71917	0.374006	2.73829	3.37382	3.6511	1.36213	0.555086	2.66368	4.52901	3.57784	1.40423	0.420009	2.64387	4.35764	3.61172	1.61225	0.768589	3.09788	1.6277	2.6774	1.33049	0.654175	3.19692	5.52358	4.30381	1.5545	0.403312	3.38256	4.49748	4.54683	1.43432	0.524865	2.71574	1.56012	2.54538	1.68018	0.448182	2.45274	5.27389	4.43353</FloatingPoint>
				<FloatingPoint size="20">	0.948992	0.933368	0.833441	0.972325	0.476292	0.990587	0.106424	0.949852	0.199831	0.914566	0.999505	0.914994	0.959995	0.987869	0.997061	0.962447	0.96201	0.908438	0.26608	0.96109</FloatingPoint>
			</Individual>
			<Individual size="2">
				<FitnessMax value="11.8633"/>
				<FloatingPoint size="50">	1.61914	0.633045	2.78828	3.6718	3.60464	1.60806	0.691029	2.78693	1.6071	2.57529	1.71753	0.37204	2.78161	3.37111	3.67363	1.38093	0.554961	2.64738	6.06059	3.55059	1.40918	0.420032	2.64329	4.35715	3.61254	1.61328	0.768708	3.12456	1.60831	2.64771	1.33086	0.654377	3.3664	5.51947	4.39063	1.56108	0.402236	3.36432	4.5251	4.52942	1.43667	0.527267	2.71636	1.57199	2.42057	1.67563	0.442048	2.44761	5.26707	4.44223</FloatingPoint>
				<FloatingPoint size="20">	0.953266	0.927985	0.833441	0.972323	0.404295	0.990587	0.723035	0.949921	0.251587	0.917774	0.999505	0.914985	0.959969	0.987869	0.997016	0.962449	0.962009	0.908387	0.23447	0.945452</FloatingPoint>
			</Individual>
			<Individual size="2">
				<FitnessMax value="12.9339"/>
				<FloatingPoint size="50">	1.527	0.634368	2.78736	3.6716	3.5078	1.63027	0.681918	2.7895	1.59238	2.59993	1.71917	0.374006	2.73829	3.37362	3.6511	1.36213	0.555086	2.66177	4.5297	3.57784	1.40423	0.420005	2.64245	4.35764	3.61172	1.61225	0.768589	3.09788	1.6277	2.6774	1.33049	0.654175	3.19692	5.52358	4.30381	1.54913	0.403312	3.37382	4.49748	4.54683	1.43432	0.526894	2.71574	1.48372	2.53687	1.67101	0.438165	2.45274	5.23326	4.44792</FloatingPoint>
				<FloatingPoint size="20">	0.948992	0.933368	0.833441	0.972325	0.476292	0.990587	0.106424	0.949852	0.199831	0.914566	0.999505	0.914994	0.959995	0.987869	0.997061	0.962447	0.793662	0.908438	0.26608	0.96109</FloatingPoint>
			</Individual>
			<Individual size="2">
				<FitnessMax value="11.8633"/>
				<FloatingPoint size="50">	1.5813	0.634999	2.78893	3.6781	3.67432	1.63121	0.560072	2.79106	1.59872	2.60686	1.71902	0.366279	2.73617	3.38434	3.67138	1.47269	0.555157	2.66117	4.51126	3.57891	1.40072	0.419978	1.14243	4.35758	3.61141	1.61261	0.768841	3.09847	1.58582	2.59391	1.33256	0.654594	3.59657	5.5238	4.29742	1.54517	0.402772	3.37284	4.49111	4.5862	1.43753	0.529571	2.71519	1.55371	2.54561	1.66579	0.440155	2.69428	5.27565	4.45025</FloatingPoint>
				<FloatingPoint size="20">	0.210327	0.93235	0.833441	0.972324	0.8609	0.990587	0.622667	0.949733	0.296218	0.933983	0.999505	0.915013	0.959936	0.987869	0.997038	0.962445	0.962009	0.908426	0.713708	0.968663</FloatingPoint>
			</Individual>
			<Individual size="2">
				<FitnessMax value="1.93859"/>
				<FloatingPoint size="50">	1.53476	0.636246	2.78867	3.67611	3.66001	1.63651	0.67111	2.79796	1.60227	2.60806	1.7188	0.361611	2.76193	3.37508	3.61366	1.43885	0.555038	2.64155	4.50931	3.56178	1.39959	0.419961	2.64171	4.3569	3.61137	1.6125	0.768846	3.09775	1.59496	2.56295	1.43907	0.654671	3.54981	5.52218	4.29504	1.54982	0.395983	3.37283	4.48603	4.61587	1.43764	0.526917	2.717	1.55685	2.54538	1.68182	0.442681	2.69929	5.2365	4.44386</FloatingPoint>
				<FloatingPoint size="20">	0.959641	0.930312	0.833441	0.972322	0.538428	0.990588	0.723406	0.949917	0.256885	0.912577	0.999505	0.299467	0.959976	0.987869	0.997028	0.962445	0.962009	0.908435	0.514376	0.963942</FloatingPoint>
			</Individual>
			<Individual size="2">
				<FitnessMax value="12.9705"/>
				<FloatingPoint size="50">	1.53361	0.635117	2.78193	3.67155	3.52994	1.62352	0.694721	2.6849	1.66708	2.45746	1.72163	0.319716	2.64493	3.37972	3.6725	1.47468	0.55472	2.6456	4.48257	3.44837	1.40854	0.420601	2.66115	4.35998	3.62049	1.61469	0.768991	3.13388	1.5957	2.687	1.32472	0.654029	3.66502	5.51309	4.31188	1.54137	0.3874	3.33031	4.47907	4.50751	1.43365	0.504674	2.72023	1.8254	2.47732	1.67494	0.435334	2.45271	5.23473	4.4437</FloatingPoint>
				<FloatingPoint size="20">	0.953266	0.927985	0.833441	0.972323	0.404295	0.990587	0.487879	0.949921	0.234854	0.917774	0.999505	0.914985	0.959969	0.987869	0.997016	0.962449	0.962009	0.908387	0.23447	0.945452</FloatingPoint>
			</Individual>
			<Individual size="2">
				<FitnessMax value="12.9705"/>
				<FloatingPoint size="50">	1.67034	0.631813	2.78892	3.67161	3.69546	1.62955	0.677911	2.79028	1.60129	2.60814	1.71935	0.374332	2.72907	3.3734	3.66522	1.35938	0.555133	2.66241	4.53103	3.58276	1.40338	0.419999	2.64044	4.35776	3.61128	1.61252	0.15959	3.29628	1.62982	2.58363	1.33105	0.654442	3.68061	5.46578	4.41996	1.54318	0.394141	3.22729	4.48005	4.67445	1.43784	0.534424	2.71867	1.55375	2.54565	1.68952	0.399548	2.45272	5.25893	4.44054</FloatingPoint>
				<FloatingPoint size="20">	0.327275	0.933204	0.833441	0.972321	0.423462	0.990587	0.523352	0.920894	0.199989	0.918318	0.999505	0.914992	0.960136	0.987869	0.997114	0.962447	0.962012	0.908436	0.542223	0.969257</FloatingPoint>
			</Individual>
			<Individual size="2">
				<FitnessMax value="12.9705"/>
				<FloatingPoint size="50">	1.5475	0.634368	2.78736	3.6716	3.59046	1.63168	0.70226	2.79031	1.59344	2.59993	1.71917	0.374006	2.73829	3.37382	3.6511	1.36213	0.555086	2.66368	4.52901	3.57784	1.40423	0.420009	2.64387	4.35764	3.61172	1.61225	0.768589	3.09788	1.6277	2.6774	1.33049	0.654175	3.19692	5.52358	4.30381	1.5545	0.403312	3.38256	4.49748	4.54683	1.43432	0.524865	2.71574	1.56012	2.54538	1.68018	0.448182	2.45274	5.27389	4.44364</FloatingPoint>
				<FloatingPoint size="20">	0.218272	0.933368	0.833441	0.972325	0.476292	0.990587	0.106424	0.949852	0.199831	0.914566	0.999505	0.914994	0.959995	0.987869	0.997061	0.962447	0.96201	0.908438	0.26608	0.96109</FloatingPoint>
			</Individual>
			<Individual size="2">
				<FitnessMax value="12.9705"/>
				<FloatingPoint size="50">	1.527	0.638925	2.79026	3.67134	3.69495	1.62893	0.707392	2.79304	1.56603	2.48436	1.72081	0.307237	2.92407	3.36	3.70769	1.47079	0.55447	2.64545	4.47437	3.45455	1.42473	0.42039	2.66351	4.3553	3.62357	1.61553	0.769107	3.11158	1.55018	2.56184	1.54055	0.654777	3.68397	5.48506	4.40317	1.53539	0.388977	3.29268	4.47842	4.33624	1.43514	0.504336	2.72066	1.54477	2.54578	1.69218	0.433968	2.45271	5.19837	4.42237</FloatingPoint>
				<FloatingPoint size="20">	0.831508	0.933368	0.833441	0.972329	0.442412	0.990587	0.722991	0.949635	0.199826	0.951259	0.999505	0.914998	0.960006	0.987869	0.997089	0.962447	0.96201	0.908388	0.224515	0.967852</FloatingPoint>
			</Individual>
			<Individual size="2">
				<FitnessMax value="12.7215"/>
				<FloatingPoint size="50">	1.53323	0.634315	2.78757	3.67161	3.61057	1.63714	0.687864	2.7904	1.60362	2.54483	1.71909	0.359239	2.78832	3.37389	3.66432	1.36278	0.554897	2.6621	4.51108	3.54955	1.40429	0.420015	2.64535	4.35885	3.61927	1.61232	0.768986	3.10022	1.51735	2.64974	1.33077	0.654216	3.30176	5.49066	4.30941	1.55361	0.399015	3.38331	4.48366	4.59147	1.43293	0.526585	2.7196	1.553	2.54522	1.67721	0.427982	2.45273	5.24207	4.44668</FloatingPoint>
				<FloatingPoint size="20">	0.953266	0.927985	0.833441	0.972323	0.404295	0.990587	0.487879	0.54677	0.234854	0.917774	0.999505	0.914985	0.959969	0.987869	0.866541	0.962449	0.962009	0.908387	0.23447	0.945452</FloatingPoint>
			</Individual>
			<Individual size="2">
				<FitnessMax value="9.91049"/>
				<FloatingPoint size="50">	1.52774	0.633327	2.78873	3.67539	3.63332	1.63396	0.685704	2.7945	1.60566	2.5991	1.71853	0.368959	2.74502	3.37362	3.6099	1.36955	0.555035	2.64529	4.52651	3.57366	1.40289	0.419998	2.64041	4.35715	3.61259	1.61242	0.768604	3.09766	1.53946	2.61128	1.33123	0.65427	3.38455	5.52268	4.2977	1.55413	0.402325	3.38063	4.52173	4.60531	1.43502	0.529094	2.71569	1.56004	2.54548	1.6689	3.34853	2.47101	5.27653	4.4476</FloatingPoint>
				<FloatingPoint size="20">	0.93847	0.930501	0.833441	0.972323	0.469819	0.990588	0.723375	0.949917	0.244273	0.912599	0.999505	0.915019	0.959996	0.987869	0.997024	0.962446	0.962009	0.908435	0.510172	0.965225</FloatingPoint>
			</Individual>
			<Individual size="2">
				<FitnessMax value="12.9705"/>
				<FloatingPoint size="50">	1.53323	0.633535	2.78895	3.68099	3.62792	1.63652	0.684333	2.79689	1.61047	2.59894	1.71819	0.367249	2.74932	3.37364	3.60191	1.3808	0.554981	2.58462	4.51888	3.55271	1.40212	0.419994	2.6345	4.35705	3.61327	1.6128	0.768791	3.09775	1.51052	2.609	1.33153	0.6547	3.52065	5.52086	4.29467	1.54508	0.402301	3.37498	4.49169	4.61294	1.43193	0.527865	2.71399	1.56073	2.54469	1.66807	0.441358	2.55025	5.27814	4.44676</FloatingPoint>
				<FloatingPoint size="20">	0.93847	0.930501	0.833441	0.972323	0.469819	0.990588	0.723375	0.949917	0.244273	0.912599	0.999505	0.915019	0.959996	0.987869	0.997024	0.962446	0.962009	0.908435	0.510172	0.965225</FloatingPoint>
			</Individual>
			<Individual size="2">
				<FitnessMax value="12.9705"/>
				<FloatingPoint size="50">	1.53476	0.636246	2.78867	3.67611	3.66001	1.63651	0.67111	2.79796	1.60227	2.60806	1.7188	0.361611	2.76193	3.37508	3.61366	1.43885	0.555038	2.64155	4.50931	3.56178	1.39959	0.419961	2.64171	4.3569	3.61137	1.6125	0.768846	3.09775	1.59496	2.56295	1.43907	0.654671	3.54981	5.52218	4.29504	1.54982	0.395983	3.37283	4.48603	4.61587	1.43764	0.526917	2.717	1.55685	2.54538	1.68182	0.442681	2.69929	5.2365	4.44386</FloatingPoint>
				<FloatingPoint size="20">	0.938204	0.930429	0.833441	0.972323	0.28735	0.990588	0.723388	0.949917	0.324785	0.912567	0.999505	0.91502	0.959992	0.987869	0.997024	0.962446	0.962009	0.908435	0.5107	0.964949</FloatingPoint>
			</Individual>
			<Individual size="2">
				<FitnessMax value="12.9705"/>
				<FloatingPoint size="50">	1.6614	0.634406	2.78902	3.67308	3.59316	1.63977	0.702759	2.78854	1.61535	2.50172	1.71367	0.351344	2.85447	3.36765	3.69847	1.41704	0.55467	2.64655	4.49435	3.50236	1.41535	0.420199	2.64939	4.35567	3.61431	1.61462	0.768905	3.19374	1.62459	2.59508	1.33162	0.654653	3.27012	5.51224	4.34644	1.54412	0.403998	3.35791	4.49511	4.4338	1.43785	0.522544	2.717	1.55472	2.01288	1.66148	0.437555	2.45272	5.23482	4.43936</FloatingPoint>
				<FloatingPoint size="20">	0.953266	0.927985	0.833441	0.972323	0.404295	0.990587	0.723035	0.949921	0.234854	0.917774	0.999505	0.914985	0.959969	0.987869	0.997016	0.962449	0.962009	0.908387	0.23447	0.945452</FloatingPoint>
			</Individual>
			<Individual size="2">
				<FitnessMax value="12.9042"/>
				<FloatingPoint size="50">	1.53347	0.633695	2.78855	3.6717	3.5078	1.63027	0.681918	2.7895	1.59238	2.58684	1.71684	0.374977	2.86745	3.36447	3.57526	1.36538	0.555075	2.66191	4.52928	3.57089	1.40354	0.420019	2.64091	4.35744	3.6111	1.61264	0.34692	3.23525	1.57647	2.60076	1.33114	0.654527	3.5994	5.4825	4.38155	1.54493	0.396282	3.27311	4.48406	4.655	1.43489	0.0791874	2.7173	1.55707	2.54522	1.68462	0.412466	2.45272	5.27311	4.44144</FloatingPoint>
				<FloatingPoint size="20">	0.385804	0.933368	0.833441	0.972324	0.297167	0.990587	0.722608	0.949901	0.355647	0.915923	0.999505	0.915017	0.960023	0.987869	0.997034	0.962446	0.133509	0.908435	0.506059	0.962931</FloatingPoint>
			</Individual>
			<Individual size="2">
				<FitnessMax value="11.8633"/>
				<FloatingPoint size="50">	1.52413	0.636237	2.79376	3.67415	3.55925	1.64001	0.577443	2.80004	1.58966	2.59971	1.71915	0.355707	2.7415	3.37844	3.6591	1.3544	0.555094	2.65434	4.52684	3.56151	1.39892	0.42004	0.47086	4.35765	3.61098	1.61271	0.768792	3.09737	1.6042	2.67738	1.33036	0.654802	3.14795	5.5235	4.30492	1.54618	0.403893	3.38096	4.4952	4.55397	1.43656	0.526318	2.71364	1.5603	2.54538	1.64899	0.447898	2.47167	5.32467	4.44553</FloatingPoint>
				<FloatingPoint size="20">	0.948992	0.933368	0.833441	0.972325	0.476292	0.990587	0.106424	0.949852	0.199831	0.914566	0.999505	0.914994	0.959995	0.987869	0.997061	0.962447	0.96201	0.908438	0.26608	0.96109</FloatingPoint>
			</Individual>
			<Individual size="2">
				<FitnessMax value="11.8633"/>
				<FloatingPoint size="50">	1.6614	0.636233	2.78484	3.67204	3.62874	1.69927	0.644711	2.77888	1.64294	2.49738	1.71388	0.365249	2.84192	3.36943	3.70703	1.4318	4.15827	2.64813	4.52472	3.4982	1.41958	0.420313	2.66145	4.35602	3.61734	1.61385	0.768808	3.10473	1.58012	2.61738	1.33439	0.654404	3.67327	5.51008	4.32421	1.54153	0.392601	3.34512	4.48192	4.44389	1.43738	0.518911	2.71889	1.54761	2.5444	1.6691	0.434609	2.54468	5.23881	4.43075</FloatingPoint>
				<FloatingPoint size="20">	0.93847	0.933095	0.833441	0.972324	0.636264	0.971985	0.843089	0.949547	0.208106	0.921411	0.999505	0.915018	0.959978	0.987869	0.997109	0.962446	0.962015	0.908395	0.534277	0.963265</FloatingPoint>
			</Individual>
			<Individual size="2">
				<FitnessMax value="12.9705"/>
				<FloatingPoint size="50">	1.53224	0.637959	2.78623	3.67202	3.67696	1.71287	0.542593	2.78909	1.60044	2.55784	1.71843	0.368335	2.7987	3.38266	3.71044	1.40616	0.554949	2.65164	4.5484	3.54732	1.4114	0.419941	2.63602	4.35782	3.61274	1.61321	0.768571	3.09752	1.57608	2.66237	1.33362	0.654205	3.66561	5.5229	4.29521	1.54292	0.403384	3.35738	4.49022	4.52762	1.43719	0.535695	2.72001	1.55248	2.54589	1.66874	0.437312	2.60361	5.31165	4.4486</FloatingPoint>
				<FloatingPoint size="20">	0.495651	0.933368	0.833441	0.972325	0.290902	0.990587	0.251896	0.907541	0.199799	0.915395	0.999505	0.915005	0.95989	0.987869	0.997035	0.962447	0.962013	0.90846	0.45346	0.968555</FloatingPoint>
			</Individual>
		</Deme>
	</Population>
</ECF>
