<?xml version="1.0" encoding="ISO-8859-1"?>
<ECF milestone="Mon Jun 18 17:55:33 2018
">
	<Registry>
		<Entry key="1FloatingPoint.dimension">20</Entry>
		<Entry key="1FloatingPoint.lbound">0</Entry>
		<Entry key="1FloatingPoint.ubound">1</Entry>
		<Entry key="FloatingPoint.dimension">50</Entry>
		<Entry key="FloatingPoint.lbound">0</Entry>
		<Entry key="FloatingPoint.ubound">6.99</Entry>
		<Entry key="SteadyStateTournament.tsize">3</Entry>
		<Entry key="batch.logfile_">*</Entry>
		<Entry key="batch.remaining_">0</Entry>
		<Entry key="batch.repeats">1</Entry>
		<Entry key="batch.singlemilestone">1</Entry>
		<Entry key="batch.statsfile">stats/ohlc_bitfinex_omgusd_21600_10_100_0.9_0.7.csv</Entry>
		<Entry key="data.balance">132.2</Entry>
		<Entry key="data.input">data/train/ohlc_bitfinex_omgusd_21600.csv</Entry>
		<Entry key="data.test">data/test/ohlc_bitfinex_omgusd_21600.csv</Entry>
		<Entry key="fuzzy.langvars">conf/ohlc_bitfinex_omgusd_21600.conf</Entry>
		<Entry key="fuzzy.numrules">10</Entry>
		<Entry key="fuzzy.threshold">0.7</Entry>
		<Entry key="log.frequency">10</Entry>
		<Entry key="log.level">3</Entry>
		<Entry key="milestone.elapsedtime_">348</Entry>
		<Entry key="milestone.filename">milestones/ohlc_bitfinex_omgusd_21600_10_100_0.9_0.7.txt</Entry>
		<Entry key="milestone.generation_">2999</Entry>
		<Entry key="mutation.indprob">0.9</Entry>
		<Entry key="operator.logfile">log/ohlc_bitfinex_omgusd_21600_10_100_0.9_0.7.csv</Entry>
		<Entry key="population.size">100</Entry>
		<Entry key="term.eval">300000</Entry>
		<Entry key="term.maxtime">1800</Entry>
	</Registry>
	<Population size="1">
		<HallOfFame size="1">
			<Individual size="2" gen="2966">
				<FitnessMax value="3.6068"/>
				<FloatingPoint size="50">	4.45033	0.839059	4.23181	5.42018	4.2928	3.84683	0.716303	3.52686	2.40125	2.68321	3.43309	0.426681	3.64688	5.32907	4.339	3.27502	0.498759	4.35097	2.46165	2.72147	1.38406	2.91523	3.19926	3.24127	4.14906	3.47129	0.544511	3.53625	2.52318	3.55316	3.23579	0.390575	4.76526	5.9041	4.57676	2.78096	0.395165	4.37693	3.34463	3.22462	3.65224	0.552177	4.48335	2.47213	3.63545	1.82867	5.6834	2.2361	6.2219	5.18965</FloatingPoint>
				<FloatingPoint size="20">	0.544403	0.147643	0.702327	0.657283	0.899549	0.614522	0.147427	0.887105	0.409119	0.379755	0.864482	0.708052	0.835102	0.879176	0.984484	0.288702	0.720336	0.672808	0.599189	0.148116</FloatingPoint>
			</Individual>
		</HallOfFame>
		<Deme size="100">
			<HallOfFame size="1">
				<Individual size="2" gen="2966">
					<FitnessMax value="3.6068"/>
					<FloatingPoint size="50">	4.45033	0.839059	4.23181	5.42018	4.2928	3.84683	0.716303	3.52686	2.40125	2.68321	3.43309	0.426681	3.64688	5.32907	4.339	3.27502	0.498759	4.35097	2.46165	2.72147	1.38406	2.91523	3.19926	3.24127	4.14906	3.47129	0.544511	3.53625	2.52318	3.55316	3.23579	0.390575	4.76526	5.9041	4.57676	2.78096	0.395165	4.37693	3.34463	3.22462	3.65224	0.552177	4.48335	2.47213	3.63545	1.82867	5.6834	2.2361	6.2219	5.18965</FloatingPoint>
					<FloatingPoint size="20">	0.544403	0.147643	0.702327	0.657283	0.899549	0.614522	0.147427	0.887105	0.409119	0.379755	0.864482	0.708052	0.835102	0.879176	0.984484	0.288702	0.720336	0.672808	0.599189	0.148116</FloatingPoint>
				</Individual>
			</HallOfFame>
			<Individual size="2">
				<FitnessMax value="3.6068"/>
				<FloatingPoint size="50">	4.64865	0.839925	4.26527	5.41914	4.59226	3.84728	0.54643	3.53792	2.40637	2.72416	3.42924	0.562303	3.63742	5.32999	4.338	3.20744	0.498474	4.35099	2.44987	2.72204	2.81281	4.15161	3.42335	4.5087	3.82674	3.49801	0.557659	3.53904	2.41681	3.5537	3.22516	0.390655	4.75655	5.49574	4.57671	2.63788	0.394471	4.36386	3.32353	3.22521	3.58965	0.594474	4.48318	2.47241	3.69972	2.86494	4.76025	2.70747	4.04345	4.22111</FloatingPoint>
				<FloatingPoint size="20">	0.544359	0.174833	0.702396	0.65728	0.899556	0.617498	0.286052	0.887115	0.530961	0.465566	0.866652	0.72648	0.835065	0.877862	0.984419	0.485947	0.720334	0.672646	0.624428	0.346462</FloatingPoint>
			</Individual>
			<Individual size="2">
				<FitnessMax value="3.03788"/>
				<FloatingPoint size="50">	4.43559	0.836977	4.22265	5.4192	4.31614	3.84384	0.637743	3.54351	2.40153	2.69442	3.42932	0.504818	3.63531	5.35894	4.32714	3.2734	0.498505	4.40462	2.60999	2.72192	3.08082	2.83242	2.70023	3.88604	3.77085	3.4728	0.56239	3.53732	2.36167	3.55351	3.22864	0.390544	4.74886	5.4956	4.57189	2.56436	0.394285	4.36542	3.33194	3.22546	3.48477	0.597982	4.50939	2.47244	3.63082	2.6021	3.93395	2.61451	3.60942	4.31408</FloatingPoint>
				<FloatingPoint size="20">	0.544359	0.178801	0.702417	0.657273	0.899607	0.616818	0.260742	0.887789	0.350611	0.431774	0.811157	0.949035	0.835094	0.877806	0.984459	0.286042	0.720334	0.672778	0.335493	0.282722</FloatingPoint>
			</Individual>
			<Individual size="2">
				<FitnessMax value="3.6068"/>
				<FloatingPoint size="50">	4.45033	0.830964	4.1821	5.41892	4.29383	3.82121	0.487546	3.55566	2.40225	2.74853	3.42892	0.477686	3.63556	5.39661	4.2944	3.28055	0.498444	4.351	2.44398	2.72193	2.44372	0.312977	3.07359	3.51382	3.55022	3.47115	0.558089	3.53591	2.12571	3.55346	3.22777	0.390512	4.74918	5.4529	4.5656	2.68965	0.394981	4.3429	3.33873	3.22566	3.45546	0.560949	4.48302	2.47234	3.62992	4.23888	3.50568	3.57911	3.58096	2.22375</FloatingPoint>
				<FloatingPoint size="20">	0.544399	0.15473	0.702402	0.657276	0.89956	0.617657	0.233075	0.887105	0.3942	0.454706	0.874832	0.726159	0.835137	0.877993	0.991934	0.202538	0.720334	0.672733	0.739645	0.637515</FloatingPoint>
			</Individual>
			<Individual size="2">
				<FitnessMax value="3.6068"/>
				<FloatingPoint size="50">	4.45033	0.773325	4.23342	5.41992	4.31672	3.83551	0.532902	3.55085	2.40253	2.74192	3.43011	0.560008	3.63452	5.33219	4.28583	3.27374	0.498425	4.351	2.44538	2.72177	3.16547	2.68975	2.70493	4.4265	3.66225	3.47116	0.5599	3.53594	2.21968	3.55345	3.22788	0.390495	4.75031	5.44775	4.57687	2.55968	0.393673	4.32741	3.32679	3.22486	3.50064	0.554452	4.54526	2.47247	3.63029	3.80418	2.15368	2.8478	3.5211	2.94986</FloatingPoint>
				<FloatingPoint size="20">	0.544403	0.201434	0.702406	0.657275	0.899563	0.617054	0.321268	0.88758	0.428116	0.953565	0.8852	0.756874	0.835072	0.877851	0.984469	0.286923	0.720333	0.672578	0.653497	0.155057</FloatingPoint>
			</Individual>
			<Individual size="2">
				<FitnessMax value="3.6068"/>
				<FloatingPoint size="50">	4.44724	0.826968	4.26859	5.4185	4.29351	3.82162	0.472462	3.54939	2.40195	2.76183	3.42462	0.588285	3.63756	5.33087	4.52913	3.28079	0.498347	4.35099	2.44147	2.72369	1.71365	1.75408	3.13051	5.32024	3.51497	3.47117	0.664114	3.5523	2.46412	3.55502	3.22268	0.390626	4.76289	5.45078	4.57623	2.58711	0.394982	4.33867	3.33428	3.22557	3.51373	0.55522	4.48301	2.47248	3.63075	4.54788	3.172	2.74402	3.5792	3.12839</FloatingPoint>
				<FloatingPoint size="20">	0.544396	0.318039	0.702425	0.657271	0.899655	0.623971	0.28598	0.887117	0.341117	0.459167	0.863815	0.822565	0.835102	0.877846	0.984467	0.286529	0.720333	0.672559	0.675176	0.356317</FloatingPoint>
			</Individual>
			<Individual size="2">
				<FitnessMax value="3.6068"/>
				<FloatingPoint size="50">	4.44724	0.708373	4.26979	5.51415	4.29351	3.83475	0.47732	3.54756	2.40225	2.73016	3.42923	0.543755	3.63839	5.32877	4.34788	3.25663	0.498379	4.351	2.44225	2.72258	2.18333	4.64525	2.94141	5.1934	3.47251	3.47115	0.559985	3.54204	2.25286	3.55348	3.23014	0.390636	4.75254	5.44341	4.57662	2.70573	0.383141	4.37244	3.34231	3.22044	3.56272	0.5659	4.60703	2.47254	3.63033	5.00194	4.79986	3.06796	4.0931	3.08998</FloatingPoint>
				<FloatingPoint size="20">	0.544392	0.175628	0.702395	0.657275	0.899597	0.615837	0.18615	0.889053	0.710056	0.448952	0.891875	0.718135	0.835086	0.877809	0.984475	0.293651	0.720333	0.672316	0.817694	0.278969</FloatingPoint>
			</Individual>
			<Individual size="2">
				<FitnessMax value="3.6068"/>
				<FloatingPoint size="50">	4.45033	0.757077	4.24526	5.69082	4.29327	3.65941	0.539413	3.53411	2.40207	2.73758	3.42879	0.542488	3.63755	5.33237	4.31515	3.26597	0.498433	4.351	2.44547	2.72205	3.07416	3.56587	6.83919	5.08028	3.71474	3.49424	0.560413	3.53821	2.33345	3.55359	3.2301	0.390597	4.75345	5.44345	4.57624	2.55867	0.393352	4.32689	3.33644	3.2237	3.5316	0.601961	4.57515	2.47246	3.63055	1.63341	3.07672	2.67237	3.59324	2.44722</FloatingPoint>
				<FloatingPoint size="20">	0.544396	0.318039	0.702396	0.657271	0.899643	0.627158	0.166646	0.887117	0.299458	0.982805	0.863815	0.778535	0.835102	0.877769	0.984473	0.288261	0.720334	0.672782	0.695976	0.347317</FloatingPoint>
			</Individual>
			<Individual size="2">
				<FitnessMax value="3.6068"/>
				<FloatingPoint size="50">	4.44724	0.708373	4.26979	5.51415	4.29351	3.83475	0.47732	3.54756	2.40225	2.73016	3.42923	0.543755	3.63839	5.32877	4.34788	3.25663	0.498379	4.351	2.44225	2.72258	2.18333	4.64525	2.94141	5.1934	5.68441	3.47115	0.559985	3.54204	2.25286	3.55348	3.23014	0.390636	4.75254	5.44341	4.57662	2.70573	0.392015	4.36749	3.32922	3.22408	3.58884	0.609408	4.57209	2.47257	3.63083	3.39796	3.93782	4.536	3.92658	3.75439</FloatingPoint>
				<FloatingPoint size="20">	0.544398	0.179602	0.702396	0.657276	0.89959	0.616094	0.333803	0.888448	0.490988	0.238827	0.882168	0.715544	0.835065	0.877815	0.984472	0.288359	0.720334	0.672628	0.430477	0.858393</FloatingPoint>
			</Individual>
			<Individual size="2">
				<FitnessMax value="2.49268"/>
				<FloatingPoint size="50">	4.43559	0.836977	4.22265	5.4192	4.31614	3.84384	0.637743	3.54351	2.40153	2.69442	3.42932	0.504818	3.63531	5.35894	4.32714	3.2734	0.498505	4.40462	2.60999	2.72173	2.94515	3.64832	2.97053	4.42254	4.0475	3.51036	0.565892	3.5405	2.36106	3.55359	3.22888	0.390656	4.75272	5.48011	4.5692	2.55975	0.394716	4.36567	3.32762	3.22536	3.55338	0.61381	4.54038	2.47253	3.63092	2.75859	3.76034	2.6611	3.76827	4.48773</FloatingPoint>
				<FloatingPoint size="20">	0.544377	0.222142	0.702406	0.657276	0.899571	0.617225	0.321489	0.887522	0.435656	0.436984	0.885482	0.734982	0.835081	0.877851	0.984469	0.286624	0.720333	0.385339	0.65271	0.155817</FloatingPoint>
			</Individual>
			<Individual size="2">
				<FitnessMax value="3.37096"/>
				<FloatingPoint size="50">	4.43771	0.824978	4.26106	5.49084	4.29447	3.8432	0.482633	3.54123	2.40195	2.72669	3.42981	0.484834	3.63923	5.3703	4.2765	3.26159	0.498525	4.351	2.44385	2.72244	2.56413	3.11247	3.04241	4.23744	3.64375	3.47472	0.559568	3.53775	2.25195	3.55347	3.22844	0.39061	4.75448	5.47194	4.57655	2.41506	0.392026	4.37113	3.33927	3.22365	3.57628	0.564972	4.49767	2.4724	3.6304	3.36146	4.79566	3.29307	4.14776	3.50343</FloatingPoint>
				<FloatingPoint size="20">	0.544392	0.175628	0.702395	0.657275	0.899597	0.615837	0.18615	0.889053	0.710056	0.448952	0.891875	0.718135	0.835086	0.877809	0.984475	0.293651	0.713622	0.802032	0.817694	0.278969</FloatingPoint>
			</Individual>
			<Individual size="2">
				<FitnessMax value="3.6068"/>
				<FloatingPoint size="50">	4.54794	0.833447	4.21863	5.41908	4.44393	3.83445	0.509446	3.54365	2.40416	2.74299	3.42693	0.519103	3.63749	5.37053	4.43356	3.24412	0.49841	4.35099	2.45461	2.72772	2.26323	4.46211	2.76359	4.00163	3.67085	3.48459	0.556169	3.54567	2.44046	3.55436	3.22621	0.39064	4.75972	5.44289	4.57647	2.66561	0.393354	4.36866	3.32484	3.16547	3.60893	0.582284	4.48309	2.47233	3.66611	3.45657	4.74076	3.29547	3.98215	6.657</FloatingPoint>
				<FloatingPoint size="20">	0.544434	0.180839	0.702396	0.657275	0.89959	0.616213	0.324485	0.888474	0.453938	0.195815	0.889264	0.690365	0.835064	0.877816	0.984472	0.288371	0.720334	0.672611	0.57498	0.970923</FloatingPoint>
			</Individual>
			<Individual size="2">
				<FitnessMax value="1.73892"/>
				<FloatingPoint size="50">	4.45165	0.837833	4.23531	5.41925	4.29294	3.8288	0.686052	3.52439	2.40126	2.75202	5.01278	0.432749	3.64572	5.33023	4.40866	3.27576	0.498642	4.35097	2.42824	2.7268	2.98419	3.63804	3.24623	5.38234	3.06219	3.47001	0.557849	3.54636	2.46638	3.5548	3.23268	0.390766	4.76824	5.47843	4.54473	2.71037	0.395011	4.37814	3.32819	3.2245	3.63559	0.540054	4.5416	2.47227	3.63911	3.0542	3.91	3.41729	2.64729	3.87378</FloatingPoint>
				<FloatingPoint size="20">	0.544398	0.185814	0.702406	0.657278	0.899583	0.609296	0.319237	0.887404	0.421187	0.497634	0.889402	0.707029	0.835069	0.877857	0.984469	0.287377	0.720333	0.672548	0.633782	0.144881</FloatingPoint>
			</Individual>
			<Individual size="2">
				<FitnessMax value="3.6068"/>
				<FloatingPoint size="50">	4.55619	0.832517	4.21561	5.41905	4.45495	3.83286	0.505561	3.54428	2.40433	2.75005	3.42664	0.522704	3.63722	5.37353	4.4455	3.24291	0.498403	4.35099	2.45547	2.72817	6.93013	4.54996	2.73302	3.957	3.64979	3.48558	0.555693	3.54639	2.44371	3.55443	3.22624	0.390631	4.75986	5.42712	4.57645	2.67894	0.393243	4.36929	3.32494	3.16108	3.60812	0.583149	4.47845	2.47232	3.66873	3.5026	4.68265	3.35348	3.96047	3.68457</FloatingPoint>
				<FloatingPoint size="20">	0.544401	0.171319	0.702401	0.657277	0.899648	0.613761	0.152448	0.888263	0.390157	0.767076	0.863418	0.7063	0.8351	0.877883	0.984484	0.265088	0.720333	0.672206	0.572617	0.192994</FloatingPoint>
			</Individual>
			<Individual size="2">
				<FitnessMax value="3.6068"/>
				<FloatingPoint size="50">	4.45067	0.834195	4.23531	5.41825	4.29111	3.82988	0.711789	3.55563	2.40278	2.76451	3.42515	0.556636	3.63627	5.33122	4.34101	3.27474	0.49841	4.35099	2.55063	2.73255	2.81907	4.23177	0.352092	1.86776	3.15311	3.48281	0.568202	3.54635	2.44014	3.55476	3.22774	0.390663	4.7547	5.47611	4.57529	2.71182	0.395016	4.36292	3.32801	3.22204	3.59689	0.537564	4.54419	2.47254	3.63046	3.05139	3.99989	3.78017	3.84607	4.60718</FloatingPoint>
				<FloatingPoint size="20">	0.544399	0.151208	0.702402	0.657277	0.899576	0.615771	0.309221	0.887475	0.402645	0.446346	0.872815	0.701979	0.835072	0.877994	0.985498	0.293877	0.720333	0.672449	0.755123	0.506653</FloatingPoint>
			</Individual>
			<Individual size="2">
				<FitnessMax value="3.6068"/>
				<FloatingPoint size="50">	4.44724	0.667563	4.26979	5.51415	4.29351	3.83475	0.47732	3.54756	2.40225	2.73016	3.42923	0.543755	3.63839	5.32877	4.37116	3.25973	0.498375	4.351	2.44215	2.72273	2.12302	4.6616	2.96569	5.20969	3.47796	3.47116	0.573356	3.54336	2.27999	3.55368	3.22918	0.390635	4.75386	5.44435	4.57657	2.6905	0.384662	4.36811	3.34128	3.2211	3.55643	0.564528	4.59111	2.47254	3.63038	4.94363	4.59082	3.02637	4.02711	3.09491</FloatingPoint>
				<FloatingPoint size="20">	0.544396	0.186153	0.702406	0.657277	0.899589	0.617646	0.195132	0.889277	0.617129	0.378459	0.888639	0.778812	0.835078	0.877844	0.98447	0.305663	0.720333	0.672372	0.635327	0.133804</FloatingPoint>
			</Individual>
			<Individual size="2">
				<FitnessMax value="3.6068"/>
				<FloatingPoint size="50">	4.45033	0.841844	4.20227	5.47143	4.29396	3.84403	0.496542	3.54982	2.4019	2.72455	3.43044	0.457317	3.63827	5.3596	4.2752	3.27166	0.498536	4.351	2.44382	2.72158	2.43993	2.84722	3.15704	3.98728	3.67009	3.47115	0.559425	3.53591	2.24682	3.55346	3.2273	0.390526	4.75582	5.48041	4.5767	2.46346	0.394958	4.35194	3.33556	3.22519	3.56696	0.559406	4.48736	2.47233	3.63044	3.42651	4.97555	3.49707	4.18627	3.49342</FloatingPoint>
				<FloatingPoint size="20">	0.544396	0.177862	0.7024	0.657276	0.899588	0.616305	0.312445	0.888187	0.483139	0.421542	0.873433	0.733589	0.835083	0.877848	0.98446	0.287664	0.720334	0.67272	0.426287	0.325259</FloatingPoint>
			</Individual>
			<Individual size="2">
				<FitnessMax value="3.6068"/>
				<FloatingPoint size="50">	4.45033	0.834218	4.23427	5.41919	4.35122	3.82211	0.698275	3.52899	2.40131	2.68889	3.42783	0.752007	3.64153	5.3303	4.34521	3.27468	0.498442	4.351	2.93598	2.72161	2.85769	4.17431	3.14478	4.76841	4.22584	3.53458	0.56815	3.54255	2.36066	3.55364	3.22903	0.390728	4.75521	5.47012	4.56747	2.55678	0.394994	4.36583	3.32483	3.2253	3.59761	0.624014	4.56036	2.47258	3.63099	2.85948	3.64841	2.69114	3.87068	4.59968</FloatingPoint>
				<FloatingPoint size="20">	0.544396	0.183574	0.702405	0.657278	0.899582	0.616806	0.31911	0.88774	0.423037	0.482871	0.89808	0.706955	0.83507	0.877852	0.984469	0.286289	0.720333	0.67256	0.633159	0.150166</FloatingPoint>
			</Individual>
			<Individual size="2">
				<FitnessMax value="3.6068"/>
				<FloatingPoint size="50">	4.45033	0.831293	4.22428	5.4182	4.37675	3.82157	0.525016	3.5424	2.40246	2.75079	3.42891	0.518025	3.63864	5.35655	4.38756	3.25711	0.498562	4.35099	2.45472	2.72315	2.64603	3.66065	2.82357	1.08542	3.67769	3.47625	0.556174	3.54582	2.36797	3.55427	3.26918	0.390635	4.75313	5.44529	4.52451	2.6646	0.393874	4.33347	3.33354	3.19979	3.61251	0.602568	4.61281	2.4724	3.63627	3.40295	4.87322	3.25404	4.06943	4.18381</FloatingPoint>
				<FloatingPoint size="20">	0.544396	0.178636	0.702401	0.657277	0.899564	0.618227	0.316514	0.887112	0.517323	0.377333	0.873498	0.707416	0.835083	0.877811	0.984465	0.296316	0.720333	0.672582	0.627437	0.139957</FloatingPoint>
			</Individual>
			<Individual size="2">
				<FitnessMax value="3.6068"/>
				<FloatingPoint size="50">	4.44241	0.843374	4.23057	5.41888	4.29409	3.86089	0.476904	3.58027	2.40183	2.75741	3.42801	0.581226	3.64337	5.37393	4.367	3.2454	0.49844	4.35099	2.4462	2.72598	2.76068	4.57272	2.55232	4.45014	4.45718	3.47116	0.560848	3.54333	2.73938	3.55351	3.22551	0.39044	4.74709	5.60709	4.57676	2.35238	0.394503	4.37736	3.3441	3.37061	3.62728	0.621425	4.48305	2.47251	3.63082	3.39548	2.21931	2.30652	3.20991	4.33372</FloatingPoint>
				<FloatingPoint size="20">	0.544396	0.318039	0.702425	0.657271	0.899655	0.623971	0.166646	0.887117	0.341117	0.459167	0.863815	0.707624	0.835102	0.877769	0.98446	0.288261	0.720334	0.672782	0.692094	0.464846</FloatingPoint>
			</Individual>
			<Individual size="2">
				<FitnessMax value="1.60293"/>
				<FloatingPoint size="50">	4.43559	0.846108	4.25969	5.4194	4.29393	3.85605	0.562336	3.53512	2.40176	2.64687	3.43096	0.470083	3.64116	5.32968	4.27114	3.26058	0.498508	4.35099	2.44292	2.72154	2.60596	3.26611	3.17973	5.03262	3.95765	3.47115	0.562659	3.53591	2.39619	3.55342	3.22575	0.390769	4.75782	5.65759	4.57678	2.48406	0.394867	4.36014	3.32345	3.22519	3.61999	0.570498	4.54627	2.47237	3.63039	2.82993	5.53193	2.50569	4.27737	4.7039</FloatingPoint>
				<FloatingPoint size="20">	0.544396	0.187553	0.70241	0.657278	0.264023	0.617774	0.221972	0.889348	0.418918	0.237438	0.880677	0.707264	0.835069	0.877845	0.984469	0.302289	0.720333	0.672436	0.709551	0.256358</FloatingPoint>
			</Individual>
			<Individual size="2">
				<FitnessMax value="3.55691"/>
				<FloatingPoint size="50">	4.44178	0.785696	4.26779	5.49605	4.29493	3.83793	0.477119	3.53919	2.40198	2.72889	3.4281	0.555366	3.64237	5.38701	4.34677	3.25066	0.498375	4.351	2.44656	2.72248	2.58469	4.65608	2.98644	5.14001	3.63336	3.47476	0.559586	3.54083	2.28282	3.55348	3.2289	0.390649	4.74941	5.45893	4.57642	2.39261	0.389436	4.3774	3.34286	3.22361	3.60451	0.582741	4.52171	2.47247	3.63034	3.33105	4.79515	3.03054	4.04518	4.20535</FloatingPoint>
				<FloatingPoint size="20">	0.544392	0.175628	0.702395	0.657275	0.899597	0.615837	0.18615	0.889053	0.710056	0.448952	0.891875	0.718135	0.835086	0.877809	0.984475	0.293651	0.713622	0.672316	0.817694	0.278969</FloatingPoint>
			</Individual>
			<Individual size="2">
				<FitnessMax value="3.6068"/>
				<FloatingPoint size="50">	4.46079	0.841482	4.25476	5.4192	4.36583	3.82335	0.796377	3.53315	2.40137	2.71661	3.42134	0.607979	3.64281	5.32978	4.37092	3.28986	0.498537	4.351	2.94413	2.72154	3.03031	6.36614	3.18916	4.73882	4.2554	3.53128	0.56366	3.53493	2.39827	3.55343	3.22576	0.390743	4.75523	5.58844	4.56648	2.61766	0.394993	4.36582	3.32376	3.22531	3.57049	0.561515	4.50918	2.47257	3.63086	3.27581	3.94444	2.54622	4.49082	4.45119</FloatingPoint>
				<FloatingPoint size="20">	0.544396	0.161663	0.702403	0.657278	0.89956	0.617598	0.28491	0.887106	0.44792	0.458188	0.870088	0.726167	0.835108	0.877906	0.984419	0.225819	0.720334	0.672767	0.628707	0.264779</FloatingPoint>
			</Individual>
			<Individual size="2">
				<FitnessMax value="3.6068"/>
				<FloatingPoint size="50">	4.45033	0.834218	4.23427	5.41919	4.29302	3.82211	0.698275	3.52899	2.40131	2.68889	3.42783	0.752007	3.64153	5.3303	4.34521	3.27468	0.498442	4.351	2.44719	2.72161	2.85769	4.17431	3.14478	4.76841	4.22584	3.53458	0.56815	3.54255	2.36066	3.55364	3.22903	0.390728	4.75521	5.47012	4.56747	2.55678	0.394994	4.36583	3.32483	3.2253	3.59761	0.624014	4.56036	2.47258	3.63099	2.85948	3.64841	5.02885	3.87068	3.97744</FloatingPoint>
				<FloatingPoint size="20">	0.544402	0.180834	0.702396	0.657276	0.89959	0.616741	0.310087	0.888934	0.406957	0.213047	0.890656	0.705927	0.835058	0.877838	0.984472	0.288361	0.720334	0.672618	0.546692	0.549491</FloatingPoint>
			</Individual>
			<Individual size="2">
				<FitnessMax value="3.37746"/>
				<FloatingPoint size="50">	4.78871	0.837208	4.21277	5.41583	4.7849	1.71902	0.43198	3.56682	2.40331	2.72632	3.42909	0.570048	3.63681	5.34826	4.30535	3.29806	0.498489	4.35099	2.44667	2.7194	4.82172	4.05533	3.76619	4.75126	3.92771	3.50931	0.55826	3.53151	2.40563	3.55347	3.23582	0.390339	4.75884	5.41474	4.91493	2.45711	0.394677	4.36809	3.34483	3.24101	3.0255	0.526589	4.48154	2.47252	3.72168	1.22551	0.708476	1.64193	4.05076	1.40678</FloatingPoint>
				<FloatingPoint size="20">	0.544398	0.173437	0.812608	0.65728	0.899555	0.616167	0.300087	0.887108	0.445547	0.456037	0.866357	0.77905	0.835095	0.877826	0.984474	0.288244	0.720334	0.672805	0.718212	0.139676</FloatingPoint>
			</Individual>
			<Individual size="2">
				<FitnessMax value="3.6068"/>
				<FloatingPoint size="50">	4.43559	0.833209	4.23846	5.41849	4.29185	3.8257	0.693278	3.55137	2.40272	2.7428	3.42655	0.57904	3.63758	5.33112	4.38546	3.27788	0.498371	4.35099	2.49804	2.7246	2.17032	4.28053	2.21894	5.07565	3.17401	3.48438	0.598222	3.54624	2.45432	3.55434	3.22735	0.390677	4.75515	5.46881	4.57422	2.62679	0.394988	4.35143	3.32795	3.2221	3.59058	0.549923	4.50671	2.47254	3.6306	3.05119	3.73255	3.9352	3.76534	3.58407</FloatingPoint>
				<FloatingPoint size="20">	0.544398	0.179558	0.702401	0.657276	0.899576	0.642255	0.315583	0.888387	0.47695	0.743762	0.897839	0.706998	0.835079	0.878009	0.98448	0.28362	0.720333	0.672398	0.700495	0.225344</FloatingPoint>
			</Individual>
			<Individual size="2">
				<FitnessMax value="2.71412"/>
				<FloatingPoint size="50">	4.45067	0.834195	4.23531	5.41825	4.29111	3.82988	0.711789	3.55563	2.40278	2.76451	3.42515	0.556636	3.63627	5.33122	4.34101	3.27474	0.49841	4.35099	2.55063	2.73255	2.81907	4.23177	0.352092	1.86776	3.15311	3.48281	0.568202	3.54635	2.44014	3.55476	3.22774	0.390663	4.7547	5.47611	4.57529	2.71182	0.395016	4.36292	3.32801	3.22204	3.59689	0.537564	0.480209	2.47254	3.63046	3.05139	3.99989	3.78017	3.84607	4.60718</FloatingPoint>
				<FloatingPoint size="20">	0.544392	0.162603	0.702406	0.657277	0.899559	0.616145	0.307759	0.887264	0.469867	0.439248	0.876648	0.686132	0.835072	0.877871	0.984535	0.279516	0.720334	0.672442	0.669776	0.298655</FloatingPoint>
			</Individual>
			<Individual size="2">
				<FitnessMax value="3.6068"/>
				<FloatingPoint size="50">	4.43191	0.846048	4.25592	5.41947	4.29416	3.85379	0.573317	3.53528	2.40183	2.72081	3.43119	0.451861	3.64337	5.32971	4.27121	3.25677	0.498537	4.35099	2.44303	2.72154	2.54313	6.48292	3.18691	4.4579	3.70857	3.47115	0.560848	3.53591	2.39616	3.55342	3.22584	0.390791	4.75523	5.52303	4.57686	2.63636	0.39499	4.36573	3.31726	3.22519	3.56696	0.559406	4.48736	2.47233	3.63044	3.42651	4.97555	3.49707	4.18627	3.49342</FloatingPoint>
				<FloatingPoint size="20">	0.544396	0.161663	0.702403	0.657278	0.89956	0.617598	0.28491	0.887106	0.44792	0.458188	0.870088	0.726167	0.835108	0.877906	0.984419	0.225819	0.720334	0.672767	0.628707	0.264779</FloatingPoint>
			</Individual>
			<Individual size="2">
				<FitnessMax value="3.6068"/>
				<FloatingPoint size="50">	4.45167	0.838822	4.23519	5.41592	4.29294	3.83088	0.687849	3.52427	2.40127	2.7522	3.42545	0.431404	3.64562	5.3302	4.40981	3.27588	0.498645	4.35097	2.42803	2.72686	2.98309	3.63892	3.20219	5.38605	3.05419	3.46971	0.557817	3.54646	2.46801	3.55482	3.23271	0.390768	4.76842	5.47886	4.54434	2.71223	0.395031	4.37877	3.32809	3.22451	3.63686	0.539296	4.54119	2.47226	3.63921	3.03679	3.92022	3.42642	3.2075	3.89126</FloatingPoint>
				<FloatingPoint size="20">	0.544396	0.183574	0.702405	0.657278	0.899582	0.600807	0.31911	0.88774	0.423037	0.75926	0.89808	0.706955	0.83507	0.877852	0.984469	0.286289	0.720333	0.67256	0.633159	0.150166</FloatingPoint>
			</Individual>
			<Individual size="2">
				<FitnessMax value="3.39875"/>
				<FloatingPoint size="50">	4.44779	0.845206	4.2667	5.41935	4.29336	2.38623	0.554737	3.53825	2.40147	2.5148	3.43079	0.518173	3.63817	5.3364	4.38275	3.24995	0.498445	4.35099	2.44481	2.72384	3.50911	4.30296	3.04421	4.88478	4.75577	3.47242	0.565515	3.53676	2.40882	3.55375	3.22563	0.390777	4.75524	5.51516	4.57793	2.63923	0.394397	4.35945	3.3194	3.21836	3.61471	0.61483	4.58701	2.47249	3.63296	3.75209	4.92346	2.90957	4.12824	4.94082</FloatingPoint>
				<FloatingPoint size="20">	0.544392	0.181625	0.456815	0.657272	0.899634	0.621787	0.214769	0.887762	0.34323	0.458121	0.867961	0.707647	0.835101	0.877783	0.984463	0.275887	0.720334	0.672781	0.3656	0.249395</FloatingPoint>
			</Individual>
			<Individual size="2">
				<FitnessMax value="3.6068"/>
				<FloatingPoint size="50">	4.45033	0.827715	4.25477	5.41841	4.35882	3.83865	0.70765	3.54306	2.40233	2.72742	3.42545	0.55984	3.63747	5.33066	4.34028	3.26672	0.498415	4.35099	2.46273	2.72281	2.81419	2.30314	3.39199	5.25153	3.5357	3.474	0.595212	3.54385	2.45928	3.55409	3.22707	0.390658	4.75548	5.48375	4.5765	2.68512	0.394927	4.36343	3.3277	3.22515	3.59416	0.543738	4.51647	2.47253	3.69104	3.37773	4.56795	3.7436	3.90727	4.55879</FloatingPoint>
				<FloatingPoint size="20">	0.544359	0.174833	0.702396	0.65728	0.899556	0.617498	0.286052	0.887115	0.530961	0.465566	0.866652	0.72648	0.835065	0.877862	0.984419	0.485947	0.720334	0.672646	0.767023	0.346462</FloatingPoint>
			</Individual>
			<Individual size="2">
				<FitnessMax value="3.6068"/>
				<FloatingPoint size="50">	4.45033	0.831293	4.22428	5.4182	4.37675	3.82157	0.525016	3.5424	2.40246	2.75079	3.42891	0.518025	3.63864	5.35655	4.38756	3.25711	0.498562	4.35099	2.45472	2.72315	2.64603	3.66065	2.82357	1.08542	3.67769	3.47625	0.556174	3.54582	2.36797	3.55427	3.26918	0.390635	4.75313	5.44529	4.52451	2.6646	0.393874	4.33347	3.33354	3.19979	3.61251	0.602568	4.61281	2.4724	3.63627	3.40295	4.87322	3.25404	4.06943	4.18381</FloatingPoint>
				<FloatingPoint size="20">	0.544396	0.318039	0.702411	0.657277	0.899655	0.617784	0.274964	0.887679	0.341117	0.487447	0.863815	0.707624	0.835102	0.877769	0.98446	0.288261	0.720334	0.672779	0.890206	0.464846</FloatingPoint>
			</Individual>
			<Individual size="2">
				<FitnessMax value="3.6068"/>
				<FloatingPoint size="50">	4.45117	0.836509	4.23525	5.41708	4.29202	3.83038	0.699819	3.53995	2.40202	2.75835	3.4253	0.49402	3.64095	5.33071	4.37541	3.27531	0.498527	4.35098	2.48933	2.72971	2.90108	3.93535	1.77714	3.6269	3.10365	3.47626	0.563009	3.54641	2.45407	3.55479	3.23022	0.390715	4.76156	5.47748	4.55982	2.71203	0.395024	4.37084	3.32805	3.22328	3.61687	0.53843	4.54269	2.4724	3.63483	3.04409	3.96005	3.60329	3.52679	4.24922</FloatingPoint>
				<FloatingPoint size="20">	0.544398	0.165141	0.702402	0.657277	0.899564	0.617075	0.312188	0.887494	0.560514	0.447448	0.87391	0.702886	0.83509	0.877826	0.984524	0.289495	0.720333	0.672547	0.738545	0.718092</FloatingPoint>
			</Individual>
			<Individual size="2">
				<FitnessMax value="3.6068"/>
				<FloatingPoint size="50">	4.45033	0.82727	4.23427	5.41892	4.29302	3.82211	0.485441	3.54972	2.40131	2.68889	3.42884	0.752007	3.63531	5.39837	4.34521	3.27468	0.498442	4.351	2.44719	2.72303	2.38045	4.17431	2.52889	4.76841	4.22584	3.47115	0.56815	3.54255	2.11843	3.55364	3.22903	0.390728	4.75059	5.47012	4.56747	2.55678	0.393083	4.34339	3.32709	3.20177	3.47046	0.561234	4.48302	2.47234	3.63099	4.29268	3.46315	5.02885	3.52803	3.97744</FloatingPoint>
				<FloatingPoint size="20">	0.544395	0.174833	0.702405	0.65728	0.899556	0.617498	0.286052	0.887115	0.316459	0.465566	0.866652	0.72648	0.835095	0.877862	0.984419	0.485947	0.720334	0.672749	0.624428	0.208635</FloatingPoint>
			</Individual>
			<Individual size="2">
				<FitnessMax value="3.6068"/>
				<FloatingPoint size="50">	4.45067	0.834195	4.23531	5.41825	4.29111	3.82988	0.711789	3.55563	2.40278	2.76451	3.42515	0.556636	3.63627	5.33122	4.34101	3.27474	0.49841	4.35099	2.55063	2.73255	2.81907	4.23177	0.352092	5.39259	3.15311	3.48281	0.568202	3.54635	2.44014	3.55476	3.22774	0.390663	4.7547	5.47611	4.57529	2.71182	0.395016	4.36292	3.32801	3.22204	3.59689	0.537564	4.54419	2.47254	3.63046	3.05139	3.99989	3.78017	3.84607	4.60718</FloatingPoint>
				<FloatingPoint size="20">	0.544398	0.179558	0.702401	0.657276	0.899576	0.615333	0.315583	0.888387	0.47695	0.743762	0.897839	0.706998	0.835079	0.878009	0.98448	0.28362	0.720333	0.672398	0.90953	0.225344</FloatingPoint>
			</Individual>
			<Individual size="2">
				<FitnessMax value="3.6068"/>
				<FloatingPoint size="50">	4.43191	0.846048	4.25592	5.41947	4.29416	3.85379	0.573317	3.53528	2.40183	2.72081	3.43119	0.451861	3.64337	5.32971	4.27121	3.25677	0.498537	4.35099	2.44303	2.72154	2.54313	3.00734	3.18691	4.4579	3.70857	3.47115	0.560848	3.53591	2.39616	3.55342	3.22584	0.390791	4.75523	5.52303	4.57686	2.63636	0.39499	4.36573	3.31726	3.22522	3.63063	0.621161	4.72074	2.47255	3.62987	2.72819	4.93343	2.06152	4.22239	5.04971</FloatingPoint>
				<FloatingPoint size="20">	0.5444	0.188054	0.702407	0.657278	0.899584	0.617784	0.319364	0.887068	0.419337	0.236008	0.880724	0.707102	0.835068	0.877863	0.984469	0.288466	0.720333	0.672536	0.634406	0.139597</FloatingPoint>
			</Individual>
			<Individual size="2">
				<FitnessMax value="3.6068"/>
				<FloatingPoint size="50">	4.43751	0.835454	4.21471	5.4189	4.29403	3.83732	0.486534	3.55573	2.4022	2.74778	3.42889	0.50899	3.63686	5.37289	4.29715	3.27124	0.498433	4.351	2.44516	2.72199	3.4494	2.5272	3.09141	3.88148	3.58937	3.47332	0.558312	3.53641	2.23006	3.55347	3.22729	0.390477	4.74833	5.49413	4.57672	2.56343	0.394713	4.35017	3.33937	3.23201	3.48073	0.574046	4.48304	2.47238	3.63017	2.44962	3.43043	2.50738	3.56386	6.50991</FloatingPoint>
				<FloatingPoint size="20">	0.544399	0.15473	0.702402	0.657276	0.899566	0.616678	0.289272	0.887852	0.528291	0.428985	0.874279	0.74141	0.835081	0.877853	0.984454	0.287456	0.720334	0.672761	0.16667	0.282726</FloatingPoint>
			</Individual>
			<Individual size="2">
				<FitnessMax value="3.6068"/>
				<FloatingPoint size="50">	4.44724	0.708373	4.26979	5.51415	4.29351	3.83475	0.47732	3.54756	2.40225	2.73016	3.42923	0.543755	3.63839	5.32877	4.34788	3.25663	0.498379	4.351	2.44225	2.72258	2.18333	4.64525	2.94141	5.1934	3.47251	3.47115	0.559985	3.54204	2.25286	3.55348	3.23014	0.390636	4.75254	5.44341	4.57662	2.69507	0.383141	4.37244	3.34231	3.22044	3.56272	0.5659	4.60703	2.47254	3.63033	5.00194	4.79986	3.06796	4.0931	6.44753</FloatingPoint>
				<FloatingPoint size="20">	0.5444	0.135429	0.702402	0.657283	0.899532	0.61924	0.26894	0.886515	0.108634	0.457235	0.865807	0.730321	0.835112	0.877726	0.984319	0.2214	0.720334	0.672957	0.699437	0.196308</FloatingPoint>
			</Individual>
			<Individual size="2">
				<FitnessMax value="3.6068"/>
				<FloatingPoint size="50">	4.44419	0.83706	4.25029	5.19345	4.29227	3.83858	0.629109	3.54677	2.40457	2.74433	3.4272	0.559469	3.63685	5.33061	4.3395	3.24109	0.498442	4.35099	2.50025	2.7273	2.81594	4.19169	1.88772	4.95065	3.48992	3.49041	0.56293	3.54269	2.42847	3.55423	3.22645	0.390659	4.75563	5.48592	4.576	2.67485	0.394744	4.36339	3.32577	3.22363	3.59327	0.566019	4.51369	2.47247	3.66509	2.95817	5.17083	3.24382	3.94476	4.41414</FloatingPoint>
				<FloatingPoint size="20">	0.544398	0.179558	0.702401	0.657276	0.899576	0.615333	0.315583	0.888387	0.47695	0.743762	0.897839	0.706998	0.835079	0.878009	0.98448	0.28362	0.720333	0.672398	0.700495	0.225344</FloatingPoint>
			</Individual>
			<Individual size="2">
				<FitnessMax value="3.6068"/>
				<FloatingPoint size="50">	4.45033	0.737879	4.22744	5.436	4.29449	3.82852	0.503034	3.54871	2.40227	2.75296	3.42919	0.492647	3.63615	5.33307	4.3822	3.2684	0.498375	4.351	2.44677	2.72272	2.18401	4.04849	2.41591	4.52584	3.47632	3.47178	0.559614	3.54298	2.17699	3.55372	3.22946	0.390543	4.75239	5.41728	4.57655	2.70003	0.390674	4.34958	3.32733	3.20487	3.56041	0.565569	4.50921	2.4724	3.63037	4.52439	4.44284	3.52631	3.86627	3.05862</FloatingPoint>
				<FloatingPoint size="20">	0.544392	0.175628	0.702395	0.657275	0.899597	0.615837	0.18615	0.889053	0.710056	0.448952	0.891875	0.718135	0.835086	0.877809	0.984475	0.293651	0.720333	0.672316	0.817694	0.278969</FloatingPoint>
			</Individual>
			<Individual size="2">
				<FitnessMax value="3.6068"/>
				<FloatingPoint size="50">	4.64865	0.839925	4.22971	5.41726	4.59226	3.84728	0.487462	3.55587	2.40258	2.72416	3.42992	0.523654	3.63742	5.32997	4.338	3.27833	0.498474	4.35099	2.44987	2.72194	3.79172	4.15161	3.42335	4.5087	3.82674	3.49801	0.558107	3.5359	2.41681	3.5537	3.2318	0.39045	4.75655	5.44538	4.78293	2.53088	0.394471	4.36386	3.33858	3.22566	3.58965	0.547347	4.48302	2.47246	3.69972	2.86494	2.35184	2.14082	4.04345	2.21604</FloatingPoint>
				<FloatingPoint size="20">	0.544293	0.174797	0.702401	0.657277	0.899564	0.618052	0.317606	0.890437	0.40395	0.438952	0.881091	0.70844	0.835099	0.877827	0.984433	0.264496	0.720334	0.672805	0.670607	0.168476</FloatingPoint>
			</Individual>
			<Individual size="2">
				<FitnessMax value="3.6068"/>
				<FloatingPoint size="50">	4.44816	0.72782	4.2589	5.53996	4.30046	3.83498	0.493962	3.54855	2.40234	2.73368	3.42949	0.548622	3.63723	5.3298	4.34561	3.26393	0.49839	4.351	2.44312	2.72244	2.43515	4.07119	2.88761	4.97519	3.53314	3.47116	0.569327	3.54114	2.26193	3.55361	3.22879	0.390593	4.7528	5.44537	4.57666	2.65133	0.38736	4.35592	3.33694	3.22222	3.53973	0.561511	4.57738	2.47252	3.63035	4.60246	3.8611	2.9729	3.8756	3.05148</FloatingPoint>
				<FloatingPoint size="20">	0.544403	0.201434	0.702406	0.657275	0.899563	0.617054	0.321268	0.88758	0.428116	0.953565	0.8852	0.756874	0.835072	0.877851	0.984469	0.286923	0.720333	0.672578	0.653497	0.155057</FloatingPoint>
			</Individual>
			<Individual size="2">
				<FitnessMax value="3.48543"/>
				<FloatingPoint size="50">	4.44724	0.708373	4.26979	5.51415	4.29351	3.83475	0.47732	3.54756	2.40225	2.73016	3.42923	0.543755	3.63839	5.32877	4.37116	3.25973	0.498375	4.351	2.44215	2.72273	2.12302	4.6616	2.96569	5.20969	3.47796	3.47116	0.573356	3.54336	2.27999	3.55368	3.22918	0.390635	4.75386	5.44435	4.57653	2.6905	0.384662	4.36811	3.34128	3.2211	3.55643	0.564528	4.59111	2.47254	3.63038	4.94363	4.59082	3.02637	4.02711	3.09491</FloatingPoint>
				<FloatingPoint size="20">	0.544395	0.246803	0.702406	0.592433	0.899559	0.621352	0.318065	0.887785	0.469954	0.462566	0.865634	0.726605	0.835084	0.878002	0.98448	0.268207	0.720333	0.636062	0.625768	0.229564</FloatingPoint>
			</Individual>
			<Individual size="2">
				<FitnessMax value="1.92909"/>
				<FloatingPoint size="50">	4.43771	0.839925	4.26527	5.41914	4.29344	3.84728	0.54643	3.53792	2.40637	2.72416	3.42924	0.562303	3.63742	5.32999	4.338	3.20744	0.498474	4.35099	2.44987	2.72204	2.81281	4.15161	3.42335	4.5087	3.82674	3.47116	0.560848	3.54333	2.73938	3.55351	3.22551	0.39044	4.74709	5.60709	4.57676	2.35238	0.394503	4.37736	3.3441	3.37061	3.62728	0.621425	4.48305	2.47251	3.63082	3.39548	2.21931	2.30652	3.20991	4.33372</FloatingPoint>
				<FloatingPoint size="20">	0.544396	0.183574	0.702405	0.657278	0.899582	0.600807	0.31911	0.88774	0.423037	0.582885	0.89808	0.706955	0.83507	0.877852	0.984469	0.286289	0.720333	0.00175734	0.633159	0.150166</FloatingPoint>
			</Individual>
			<Individual size="2">
				<FitnessMax value="3.6068"/>
				<FloatingPoint size="50">	4.44584	0.846266	4.26024	5.41923	4.29401	3.86088	0.551093	3.53506	2.4015	2.57465	3.43016	0.514912	3.63313	5.32963	4.27118	3.27104	0.498414	4.35099	2.44275	2.72152	0.588845	3.94588	3.17301	5.06655	3.83363	3.47115	0.56544	3.53592	2.39629	3.55342	3.22584	0.390781	4.75843	5.65329	4.5768	2.47315	0.394967	4.36409	3.32178	3.22522	3.61945	0.57593	4.61299	2.47235	3.62995	2.7799	5.05871	2.0591	4.2429	4.76054</FloatingPoint>
				<FloatingPoint size="20">	0.5444	0.188054	0.702407	0.657278	0.899584	0.617784	0.319364	0.887068	0.419337	0.236008	0.880724	0.707102	0.835068	0.877863	0.984469	0.288466	0.720333	0.672536	0.634406	0.139597</FloatingPoint>
			</Individual>
			<Individual size="2">
				<FitnessMax value="3.51779"/>
				<FloatingPoint size="50">	4.44871	0.827994	4.25132	5.41891	4.29333	3.82143	0.549359	3.53835	2.40186	2.75367	3.42732	0.575324	3.63501	5.33159	4.4118	3.27889	0.498384	4.35099	2.44453	2.72265	2.27007	4.61247	3.01132	4.76373	2.43201	3.47121	0.559332	3.54455	2.42979	3.55426	3.22346	0.390675	4.75901	5.4689	4.57658	2.66219	0.39399	4.37184	3.32693	2.52358	3.59936	0.588955	4.48299	2.47257	3.63095	3.97833	3.71123	3.07097	3.8578	4.68636</FloatingPoint>
				<FloatingPoint size="20">	0.544403	0.174832	0.702396	0.657274	0.899568	0.615177	0.31374	0.889653	0.902566	0.689466	0.89742	0.707505	0.835092	0.878144	0.984491	0.258555	0.720332	0.672038	0.936598	0.290441</FloatingPoint>
			</Individual>
			<Individual size="2">
				<FitnessMax value="3.6068"/>
				<FloatingPoint size="50">	4.45033	0.826968	4.26859	5.41919	4.35122	3.82162	0.472462	3.54939	2.40131	2.76183	3.42783	0.588285	3.63756	5.3303	4.34521	3.28079	0.498347	4.35099	2.93598	2.72369	1.71365	1.75408	3.14478	5.32024	3.51497	3.47117	0.664114	3.54255	2.36066	3.55502	3.22903	0.390626	4.75521	5.47012	4.57623	2.55678	0.394994	4.36583	3.32483	3.22557	3.59761	0.624014	4.48301	2.47258	3.63099	4.54788	3.64841	2.69114	3.5792	4.59968</FloatingPoint>
				<FloatingPoint size="20">	0.544359	0.178267	0.702425	0.657271	0.899655	0.623971	0.28598	0.887117	0.341117	0.459167	0.863815	0.822565	0.835102	0.877846	0.984467	0.286529	0.720333	0.672559	0.675176	0.66551</FloatingPoint>
			</Individual>
			<Individual size="2">
				<FitnessMax value="3.37746"/>
				<FloatingPoint size="50">	4.61482	0.832173	4.24207	5.41818	4.3824	3.84021	0.489528	3.54964	6.41493	2.71892	3.42742	0.561048	3.64078	5.33008	4.41016	3.27928	0.49844	4.35099	2.44828	2.72235	2.96864	4.25745	3.22646	4.62277	3.82076	3.49767	0.622531	3.54165	2.42217	3.55417	3.22963	0.390558	4.759	5.45655	4.75046	2.54409	0.394562	4.36149	3.33631	3.22565	3.58086	0.549183	4.48675	2.47251	3.6763	3.00693	2.41509	3.42506	3.89187	3.05505</FloatingPoint>
				<FloatingPoint size="20">	0.544397	0.178818	0.702406	0.569876	0.899586	0.617752	0.197658	0.887247	0.502984	0.45113	0.877013	0.712099	0.835075	0.87786	0.98444	0.288083	0.720334	0.672788	0.660337	0.257629</FloatingPoint>
			</Individual>
			<Individual size="2">
				<FitnessMax value="3.6068"/>
				<FloatingPoint size="50">	4.44724	0.826968	4.26859	5.4185	4.29351	3.82162	0.472462	3.54939	2.40195	2.76183	3.42462	0.588285	3.63756	5.33087	4.52913	3.28079	0.498347	4.35099	2.44147	2.72369	1.71365	1.75408	3.13051	5.32024	3.51497	3.47117	0.664114	3.5523	2.46412	3.55502	3.22268	0.390626	4.76289	5.45078	4.57623	2.58711	0.394982	4.33867	3.33428	3.22557	3.51373	0.55522	4.48301	2.47248	3.63075	4.54788	3.172	2.74402	3.5792	3.12839</FloatingPoint>
				<FloatingPoint size="20">	0.544359	0.178267	0.702425	0.657271	0.899655	0.623971	0.28598	0.887117	0.341117	0.459167	0.863815	0.822565	0.835102	0.877846	0.984467	0.286529	0.720333	0.672559	0.675176	0.66551</FloatingPoint>
			</Individual>
			<Individual size="2">
				<FitnessMax value="3.6068"/>
				<FloatingPoint size="50">	4.44724	0.826968	4.26859	5.4185	4.29351	3.82162	0.472462	3.54939	2.40195	2.76183	3.42462	0.588285	3.63756	5.33087	4.52913	3.28079	0.498347	4.35099	2.44147	2.72369	1.71365	4.77261	3.13051	5.32024	3.51497	3.47117	0.664114	3.5523	2.46412	3.55502	3.22268	0.390626	4.76289	5.45078	4.57623	2.58711	0.394982	4.33867	3.33428	3.22557	3.51373	0.55522	4.48301	2.47248	3.63075	4.54788	3.172	2.74402	3.18689	3.12839</FloatingPoint>
				<FloatingPoint size="20">	0.544403	0.318039	0.702425	0.657271	0.899655	0.623971	0.166646	0.887117	0.341117	0.459167	0.863815	0.707624	0.835102	0.877769	0.98446	0.288261	0.720334	0.672782	0.692094	0.464846</FloatingPoint>
			</Individual>
			<Individual size="2">
				<FitnessMax value="3.6068"/>
				<FloatingPoint size="50">	4.45033	0.831293	4.22428	5.4182	4.37675	3.82157	0.525016	3.5424	2.40246	2.75079	3.42891	0.518025	3.63864	5.35655	4.38756	3.25711	0.498562	4.35099	2.45472	2.72315	2.64603	3.66065	2.82357	1.08542	3.67769	3.47625	0.556174	3.54582	2.36797	3.55427	3.26918	0.390635	4.75313	5.44529	4.52451	2.6646	0.393874	4.33347	3.33354	3.19979	3.61251	0.602568	4.61281	2.4724	3.63627	3.40295	4.87322	3.25404	4.06943	4.18381</FloatingPoint>
				<FloatingPoint size="20">	0.544396	0.178636	0.702401	0.657277	0.899564	0.618227	0.316514	0.887112	0.650049	0.56602	0.863815	0.707622	0.835102	0.877766	0.984459	0.28826	0.720334	0.67278	0.617058	0.140321</FloatingPoint>
			</Individual>
			<Individual size="2">
				<FitnessMax value="3.6068"/>
				<FloatingPoint size="50">	4.43191	0.846048	4.25592	5.41947	4.29416	3.85379	0.573317	3.53528	2.40183	2.72081	3.43119	0.451861	3.64337	5.32971	4.27121	3.25677	0.498537	4.35099	2.44303	2.72154	2.54313	3.00734	3.18691	4.4579	3.70857	3.47115	0.560848	3.53591	2.39616	3.55342	3.22573	0.390763	4.75846	5.69116	4.57676	2.44607	0.394837	4.35874	3.325	3.22519	3.61734	0.557862	4.50275	2.47233	3.63052	2.85531	5.68122	2.61648	4.29109	4.61765</FloatingPoint>
				<FloatingPoint size="20">	0.5444	0.188054	0.702407	0.657278	0.899584	0.617784	0.319364	0.887068	0.419337	0.236008	0.880724	0.707102	0.835068	0.877863	0.984469	0.288466	0.720333	0.672536	0.634406	0.139597</FloatingPoint>
			</Individual>
			<Individual size="2">
				<FitnessMax value="3.6068"/>
				<FloatingPoint size="50">	4.44605	0.84319	4.24956	5.41917	4.29487	3.8374	0.496832	3.53929	2.40174	2.5783	3.4301	0.502309	3.63633	5.39061	4.32679	3.27834	0.498502	4.4888	2.45293	2.72252	2.57645	4.68397	2.26795	3.96291	3.61441	3.4712	0.557645	3.53651	2.43682	3.55343	3.22599	0.390626	4.76233	5.51958	4.57909	2.65618	0.393267	4.37302	3.32351	3.21927	3.6244	0.577151	4.53628	2.47226	3.63091	3.59771	5.01652	2.58131	4.49516	4.96241</FloatingPoint>
				<FloatingPoint size="20">	0.544359	0.181625	0.702417	0.657272	0.899634	0.621787	0.214769	0.887762	0.00287092	0.458121	0.867961	0.707647	0.835101	0.877783	0.984463	0.275887	0.720334	0.672781	0.3656	0.249395</FloatingPoint>
			</Individual>
			<Individual size="2">
				<FitnessMax value="3.35091"/>
				<FloatingPoint size="50">	4.45117	0.836509	4.23525	0.0362279	4.29202	3.83038	0.699819	3.53995	2.40202	2.75835	3.4253	0.49402	3.64095	5.33071	4.37541	3.27531	0.498527	4.35098	2.48933	2.72971	2.90108	3.93535	1.77714	3.6269	3.10365	3.47626	0.563009	3.54641	2.45407	3.55479	3.23022	0.390715	4.76156	5.47748	4.55982	2.71203	0.395024	4.37084	3.32805	3.22328	3.61687	0.53843	4.54269	2.4724	3.63483	3.04409	3.96005	3.60329	3.52679	4.24922</FloatingPoint>
				<FloatingPoint size="20">	0.544398	0.160509	0.702398	0.657277	0.899578	0.61599	0.325798	0.887882	0.467435	0.430603	0.876657	0.711616	0.83507	0.877853	0.985083	0.293845	0.720334	0.672459	0.724338	0.52891</FloatingPoint>
			</Individual>
			<Individual size="2">
				<FitnessMax value="3.40881"/>
				<FloatingPoint size="50">	4.45033	0.834218	4.23427	5.41919	4.29302	3.82211	0.698275	3.52899	2.40131	2.68889	3.42783	0.752007	3.64153	5.3303	4.34521	3.27468	0.498442	4.351	2.44719	2.72161	2.85769	2.89838	3.14478	4.76841	4.22584	3.53458	0.56815	3.54255	2.36066	3.55364	3.22903	0.390728	4.75521	5.47012	4.56747	2.55678	0.394994	4.36583	3.32483	3.2253	3.59761	0.624014	4.56036	2.47258	3.63099	2.85948	3.64841	5.02885	3.87068	3.97744</FloatingPoint>
				<FloatingPoint size="20">	0.544398	0.179602	0.702396	0.657276	0.89959	0.616094	0.333803	0.888448	0.490988	0.238827	0.882168	0.715544	0.835065	0.877815	0.984472	0.850045	0.720334	0.672628	0.430477	0.858393</FloatingPoint>
			</Individual>
			<Individual size="2">
				<FitnessMax value="3.6068"/>
				<FloatingPoint size="50">	4.44724	0.708373	4.26979	5.51415	4.29351	3.83475	0.47732	3.54756	2.40225	2.73016	3.42923	0.543755	3.63839	5.32877	4.34788	3.25663	0.498379	4.351	2.44225	2.72258	2.18333	0.358077	2.94141	5.1934	3.47251	3.47115	0.559985	3.54204	2.25286	3.55348	3.23014	0.390636	4.75254	5.44341	4.57662	2.70573	0.383141	4.37244	3.34231	3.22044	3.56272	0.5659	4.60703	2.47254	3.63033	5.00194	4.79986	3.06796	4.0931	3.08998</FloatingPoint>
				<FloatingPoint size="20">	0.544403	0.173742	0.702397	0.657275	0.899572	0.616678	0.289272	0.887852	0.769432	0.428985	0.874279	0.725774	0.835084	0.877853	0.984454	0.287456	0.720334	0.672344	0.16667	0.173489</FloatingPoint>
			</Individual>
			<Individual size="2">
				<FitnessMax value="3.6068"/>
				<FloatingPoint size="50">	4.45165	0.837833	4.23531	5.41925	4.29294	3.8288	0.686052	3.52439	2.40126	2.75202	3.42549	0.432749	3.64572	5.33023	4.40866	3.27576	0.498642	4.35097	2.42824	2.7268	2.98419	3.63804	3.24623	5.38234	3.06219	3.47001	0.557849	3.54636	2.46638	3.5548	3.23268	0.390766	4.76824	5.47843	4.54473	2.71037	0.395011	4.37814	3.32819	3.2245	3.63559	0.540054	4.5416	2.47227	3.63911	3.0542	3.91	3.41729	2.64729	3.87378</FloatingPoint>
				<FloatingPoint size="20">	0.544396	0.183574	0.702405	0.657278	0.899582	0.600807	0.31911	0.88774	0.423037	0.75926	0.89808	0.706955	0.83507	0.877852	0.984469	0.286289	0.720333	0.67256	0.633159	0.150166</FloatingPoint>
			</Individual>
			<Individual size="2">
				<FitnessMax value="3.6068"/>
				<FloatingPoint size="50">	4.45033	0.834218	4.23427	5.41919	4.35122	3.82211	0.698275	3.52899	2.40131	2.68889	3.42783	0.752007	3.64153	5.3303	4.34521	3.27468	0.498442	4.351	2.93598	2.72161	2.85769	4.17431	3.14478	4.76841	4.22584	3.53458	0.56815	3.54255	2.36066	3.55364	3.22903	0.390728	4.75521	5.47012	4.56747	2.55678	0.394994	4.36583	3.32483	3.2253	3.59761	0.624014	4.56036	2.47258	3.63099	2.85948	3.64841	2.69114	3.87068	4.59968</FloatingPoint>
				<FloatingPoint size="20">	0.544377	0.222142	0.702406	0.657276	0.899571	0.617225	0.321489	0.887522	0.435656	0.436984	0.885482	0.734982	0.835081	0.877851	0.984469	0.286624	0.720333	0.6727	0.65271	0.155817</FloatingPoint>
			</Individual>
			<Individual size="2">
				<FitnessMax value="3.13218"/>
				<FloatingPoint size="50">	4.43771	0.818525	4.2298	5.43393	4.29398	3.8245	0.500853	3.54918	2.40172	2.73377	3.42914	0.536671	3.63609	5.39515	4.37244	3.27121	0.498399	4.351	2.44705	2.72294	2.21048	4.07484	2.51605	4.70062	3.74339	3.47125	0.562946	1.46346	2.14682	3.55371	3.22916	0.390619	4.75181	5.45092	4.5701	2.60484	0.390697	4.34441	3.32728	3.20312	3.54839	0.564049	4.49888	2.47239	3.63074	4.37183	3.69977	4.9693	3.64779	3.88915</FloatingPoint>
				<FloatingPoint size="20">	0.544392	0.175628	0.702395	0.657275	0.899597	0.615837	0.18615	0.889053	0.710056	0.448952	0.891875	0.718135	0.835086	0.877809	0.984475	0.293651	0.720333	0.672316	0.817694	0.278969</FloatingPoint>
			</Individual>
			<Individual size="2">
				<FitnessMax value="2.91594"/>
				<FloatingPoint size="50">	4.43559	0.833803	4.2369	5.41842	4.29153	3.82668	0.710468	3.55205	2.40273	2.76284	3.42545	0.573301	3.63664	5.33114	4.3494	3.27565	0.49839	4.35099	2.53125	2.72816	2.4392	4.27883	1.72874	5.37144	3.15524	3.48387	0.592923	3.54632	2.45319	3.55463	3.22737	0.390668	4.75484	5.473	4.5743	2.70111	0.395011	4.35147	3.32796	3.22204	3.59642	0.540639	4.5347	2.47254	3.63053	3.05138	3.86598	3.93404	3.80368	3.71761</FloatingPoint>
				<FloatingPoint size="20">	0.544398	0.179558	0.702401	0.822618	0.899576	0.615333	0.315583	0.888387	0.47695	0.743762	0.897839	0.706998	0.835079	0.878009	0.98448	0.28362	0.720333	0.672398	0.700495	0.225344</FloatingPoint>
			</Individual>
			<Individual size="2">
				<FitnessMax value="3.17473"/>
				<FloatingPoint size="50">	4.45033	0.737879	4.22744	5.436	4.29449	3.82852	0.503034	3.54871	2.40227	3.99916	3.42919	0.492647	3.63615	5.33307	4.3822	3.2684	0.498375	4.351	2.44677	2.72272	2.18401	4.04849	2.41591	4.52584	3.47632	3.47178	0.559614	3.54298	2.17699	3.55372	3.22946	0.390543	4.75239	5.41728	4.57655	2.70003	0.390674	4.34958	3.32733	3.20487	3.56041	0.565569	4.50921	2.4724	3.63037	4.52439	4.44284	3.52631	3.86627	3.05862</FloatingPoint>
				<FloatingPoint size="20">	0.544396	0.178204	0.702396	0.657276	0.899579	0.616578	0.30264	0.888853	0.645177	0.446394	0.883814	0.709916	0.835085	0.877811	0.98447	0.293967	0.720333	0.672363	0.663534	0.190909</FloatingPoint>
			</Individual>
			<Individual size="2">
				<FitnessMax value="3.6068"/>
				<FloatingPoint size="50">	4.45033	0.834218	4.23427	5.41919	4.35122	3.82211	0.698275	3.52899	2.40131	2.68889	3.42783	0.752007	3.64153	5.3303	4.34521	3.45529	0.498442	4.351	2.93598	2.72161	2.85769	4.17431	3.14478	4.76841	4.22584	3.53458	0.56815	3.54255	2.36066	3.55364	3.22903	0.390728	4.75521	5.47012	4.56747	2.55678	0.394994	4.36583	3.32483	3.2253	3.59761	0.624014	4.56036	2.47258	3.63099	2.85948	3.64841	2.69114	3.87068	4.59968</FloatingPoint>
				<FloatingPoint size="20">	0.544359	0.174833	0.702396	0.65728	0.899556	0.617498	0.286052	0.887115	0.530961	0.465566	0.866652	0.72648	0.835065	0.877862	0.984419	0.485947	0.720334	0.672646	0.742128	0.319181</FloatingPoint>
			</Individual>
			<Individual size="2">
				<FitnessMax value="2.71412"/>
				<FloatingPoint size="50">	4.45117	0.836509	4.23525	5.41708	4.29202	3.83038	0.699819	3.53995	2.40202	2.75835	3.4253	0.49402	3.64095	5.33071	4.37541	3.27531	0.498527	4.35098	2.48933	2.72971	2.90108	3.93535	1.77714	3.6269	3.10365	3.47626	0.563009	3.54641	2.45407	3.55479	3.23022	0.390715	4.76156	5.47748	4.55982	2.71203	0.395024	4.37084	3.32805	3.22328	3.61687	0.53843	4.54269	0.981491	3.63483	3.04409	3.96005	3.60329	3.52679	4.24922</FloatingPoint>
				<FloatingPoint size="20">	0.544399	0.174833	0.702405	0.65728	0.899576	0.615771	0.309221	0.887475	0.402645	0.446346	0.866652	0.72648	0.835072	0.877994	0.984419	0.293877	0.720334	0.672815	0.68829	0.506653</FloatingPoint>
			</Individual>
			<Individual size="2">
				<FitnessMax value="3.6068"/>
				<FloatingPoint size="50">	4.45033	0.667741	4.26091	5.42155	4.29387	3.83618	0.47795	3.54197	2.40183	2.71475	3.42959	0.542994	3.63772	5.38411	4.33665	3.27218	0.498483	4.47033	2.44339	2.72264	2.51754	4.67388	2.37476	4.00554	3.47992	3.47118	0.563649	3.54322	2.33127	3.55343	3.22693	0.390628	4.75391	5.50855	4.57738	2.66554	0.388057	4.36985	3.33412	3.22034	3.57363	0.564604	4.56716	2.47252	3.63086	4.65493	4.8448	2.91423	4.33203	4.42301</FloatingPoint>
				<FloatingPoint size="20">	0.544359	0.178801	0.702417	0.657273	0.899607	0.616818	0.260742	0.887789	0.350611	0.55573	0.869326	0.729695	0.835094	0.877806	0.984459	0.286042	0.720334	0.672778	0.335493	0.282722</FloatingPoint>
			</Individual>
			<Individual size="2">
				<FitnessMax value="3.6068"/>
				<FloatingPoint size="50">	4.44724	0.708373	4.26979	5.51415	4.29351	3.83475	0.47732	3.54756	2.40225	2.73016	3.42923	0.543755	3.63839	5.32877	4.34788	3.25663	0.498379	4.351	2.44225	2.72258	2.18333	4.64525	2.94141	5.1934	3.47251	3.47115	0.559985	3.54204	2.25286	3.55348	3.23014	0.390636	4.75254	5.44341	4.57662	2.70573	0.383141	4.37244	3.34231	3.22044	3.56272	0.5659	4.60703	2.47254	3.63033	5.00194	4.79986	3.06796	4.0931	3.08998</FloatingPoint>
				<FloatingPoint size="20">	0.544403	0.173742	0.702397	0.657275	0.899572	0.615821	0.182718	0.888256	0.769432	0.448999	0.894789	0.725774	0.835084	0.877808	0.984473	0.295125	0.720333	0.672344	0.617802	0.173489</FloatingPoint>
			</Individual>
			<Individual size="2">
				<FitnessMax value="3.3198"/>
				<FloatingPoint size="50">	4.44991	0.828085	4.23188	5.41934	4.29319	3.82349	0.62651	3.52907	2.40177	2.74526	3.43022	0.561961	3.63279	5.33477	4.28524	3.27497	0.498426	4.35099	2.44733	2.72173	2.8861	4.44096	3.10344	4.15766	3.45519	3.47125	0.560408	3.53629	2.41115	3.5534	3.2244	0.390713	4.75423	5.49592	4.57696	2.61163	0.392968	4.36999	3.32168	1.83002	3.57312	0.610739	4.48299	2.4726	3.6293	2.85424	2.55871	2.16867	3.86524	4.49137</FloatingPoint>
				<FloatingPoint size="20">	0.544396	0.178059	0.7024	0.657277	0.89957	0.617768	0.29147	0.887485	0.661577	0.54353	0.869205	0.709642	0.835099	0.877774	0.984462	0.289296	0.720334	0.672691	0.655602	0.166957</FloatingPoint>
			</Individual>
			<Individual size="2">
				<FitnessMax value="-0.252694"/>
				<FloatingPoint size="50">	4.54794	0.833447	4.21863	5.41908	4.44393	3.83445	0.509446	3.54365	2.40416	2.74299	3.42693	0.519103	3.63749	5.37053	4.43356	3.24412	0.49841	4.35099	2.45461	2.72772	2.26323	4.46211	2.76359	4.00163	3.67085	3.48459	0.556169	3.54567	2.44046	3.55436	3.22621	0.39064	4.75972	5.44289	4.57647	2.66561	0.393354	4.36866	3.32484	3.16547	3.60893	0.582284	4.31901	2.47233	3.66611	3.45657	4.74076	3.29547	3.98215	3.75432</FloatingPoint>
				<FloatingPoint size="20">	0.544397	0.173653	0.702406	0.657277	0.899561	0.43716	0.303344	0.888044	0.510411	0.34211	0.876814	0.75969	0.835077	0.87782	0.984472	0.288943	0.720334	0.672521	0.447432	0.248037</FloatingPoint>
			</Individual>
			<Individual size="2">
				<FitnessMax value="3.6068"/>
				<FloatingPoint size="50">	4.45033	0.773325	4.23342	5.41992	4.31672	3.83551	0.532902	3.55085	2.40253	2.74192	3.43011	0.560008	3.63452	5.33219	4.28583	3.27374	0.498425	4.351	2.44538	2.72177	3.16547	2.68975	2.70493	4.4265	3.66225	3.47116	0.5599	3.53594	2.21968	3.55345	3.22788	0.390495	4.75031	5.44775	4.57687	2.55968	0.393673	4.32741	3.32679	3.22486	3.50064	0.554452	4.54526	2.47247	3.63029	3.80418	2.15368	2.8478	3.5211	2.94986</FloatingPoint>
				<FloatingPoint size="20">	0.544359	0.260711	0.702406	0.657275	0.89956	0.617644	0.323869	0.887305	0.448276	0.391097	0.872885	0.763009	0.835092	0.87785	0.984468	0.286959	0.720334	0.67284	0.672262	0.161469</FloatingPoint>
			</Individual>
			<Individual size="2">
				<FitnessMax value="3.6068"/>
				<FloatingPoint size="50">	4.44724	0.708373	4.26979	5.51415	4.29351	3.83475	0.47732	3.54756	2.40225	2.73016	3.42923	0.543755	3.63839	5.32877	4.34788	3.25663	0.498379	4.351	2.44225	2.72258	2.18333	4.64525	2.94141	5.1934	5.68441	3.47115	0.559985	3.54204	2.25286	3.55348	3.23014	0.390636	4.75254	5.44341	4.57662	2.70573	0.383141	4.37244	3.34231	3.22044	3.56272	0.5659	4.60703	2.47254	3.63033	5.00194	4.79986	3.06796	4.0931	3.08998</FloatingPoint>
				<FloatingPoint size="20">	0.544396	0.178059	0.7024	0.657277	0.89957	0.617768	0.29147	0.887485	0.661577	0.54353	0.869205	0.709642	0.835099	0.877774	0.984462	0.289296	0.720334	0.672691	0.655602	0.166957</FloatingPoint>
			</Individual>
			<Individual size="2">
				<FitnessMax value="1.65384"/>
				<FloatingPoint size="50">	4.45067	0.761412	4.24361	5.56901	4.29387	3.76951	0.517868	3.541	2.40191	2.73725	3.42924	0.499045	3.6381	5.34904	4.30252	3.26722	0.498526	4.351	2.44464	2.72181	2.79728	3.23237	3.55892	4.49472	3.70371	3.47864	0.560145	3.53691	2.26855	3.55358	3.22906	0.390585	4.75567	5.46514	4.57637	2.53999	0.393646	4.34627	3.33578	3.22403	3.55806	0.581156	4.54939	2.4724	3.63046	3.31227	4.47446	2.69861	3.61708	2.6927</FloatingPoint>
				<FloatingPoint size="20">	0.544396	0.177862	0.7024	0.657276	0.899588	0.616305	0.312445	0.888187	0.483139	0.421542	0.873433	0.733589	0.0678895	0.877848	0.98446	0.287664	0.720334	0.67272	0.426287	0.325259</FloatingPoint>
			</Individual>
			<Individual size="2">
				<FitnessMax value="3.6068"/>
				<FloatingPoint size="50">	4.44605	0.84319	4.24956	5.41917	4.29487	3.8374	0.496832	3.53929	2.40174	2.5783	3.4301	0.502309	3.63633	5.39061	4.32679	3.27834	0.498502	4.4888	2.45293	2.72252	2.57645	4.68397	2.26795	3.96291	3.61441	3.4712	0.557645	3.53651	2.43682	3.55343	3.22599	0.390626	4.76233	5.51958	4.57909	2.65618	0.393267	4.37302	3.32351	3.21927	3.6244	0.577151	4.53628	2.47226	3.63091	3.59771	5.01652	2.58131	4.49516	4.96241</FloatingPoint>
				<FloatingPoint size="20">	0.544359	0.178801	0.702417	0.657273	0.899607	0.616818	0.260742	0.887789	0.350611	0.431774	0.869326	0.729695	0.835094	0.877806	0.984459	0.286042	0.720334	0.672778	0.335493	0.282722</FloatingPoint>
			</Individual>
			<Individual size="2">
				<FitnessMax value="3.37746"/>
				<FloatingPoint size="50">	4.45033	0.737879	4.24207	5.41818	4.29449	3.84021	0.489528	3.54964	6.41493	3.99916	3.42919	0.492647	3.64078	5.33307	4.41016	3.2684	0.498375	4.35099	2.44828	2.72272	2.96864	4.04849	2.41591	4.52584	5.30671	3.49767	0.622531	3.54165	2.17699	3.55372	3.22946	0.390543	4.759	5.41728	4.57655	2.70003	0.394562	4.36149	3.33631	3.22565	3.56041	0.565569	4.48675	2.47251	3.63037	4.52439	2.41509	3.52631	3.89187	3.05505</FloatingPoint>
				<FloatingPoint size="20">	0.544396	0.178204	0.702396	0.657276	0.899579	0.616578	0.30264	0.888853	0.645177	0.446394	0.883814	0.709916	0.835085	0.877811	0.98447	0.293967	0.720333	0.672363	0.663534	0.190909</FloatingPoint>
			</Individual>
			<Individual size="2">
				<FitnessMax value="3.6068"/>
				<FloatingPoint size="50">	4.45033	0.835312	4.24465	5.41867	4.2935	3.84876	0.655367	3.53876	2.40229	2.69418	3.42785	0.483018	3.63867	5.33092	4.38065	3.27166	0.498444	4.35099	2.45061	2.72268	2.24413	3.64105	2.53279	5.05168	3.73113	3.47444	0.595028	3.54027	2.42492	3.5541	3.22646	0.390766	4.75757	5.60763	4.57465	2.58402	0.394927	4.35908	3.32761	3.22223	3.60152	0.55443	4.51309	2.47249	3.63041	2.85633	4.30134	3.37838	4.15604	4.09432</FloatingPoint>
				<FloatingPoint size="20">	0.5444	0.188054	0.702407	0.657278	0.899584	0.617784	0.319364	0.887068	0.419337	0.236008	0.880724	0.707102	0.835068	0.877863	0.984469	0.288466	0.720333	0.672536	0.634406	0.139597</FloatingPoint>
			</Individual>
			<Individual size="2">
				<FitnessMax value="3.6068"/>
				<FloatingPoint size="50">	4.44951	0.827965	4.18626	5.41885	4.29494	3.82182	0.508148	3.55032	2.4023	2.75815	3.42847	0.486597	3.63541	5.39164	4.48136	3.28002	0.498359	4.351	2.46318	2.72399	2.42445	0.653883	2.31052	3.70482	3.49495	3.47232	0.559047	3.54373	2.1507	3.55385	3.22758	0.390527	4.751	5.40967	4.57651	2.69171	0.393277	4.34535	3.32719	3.2038	3.48315	0.558859	4.48916	2.47236	3.6321	4.16815	3.51699	3.63339	3.55994	2.58697</FloatingPoint>
				<FloatingPoint size="20">	0.544395	0.174833	0.702405	0.65728	0.899556	0.617498	0.286052	0.887115	0.461024	0.465566	0.866652	0.72648	0.835095	0.877862	0.984419	0.2873	0.720334	0.672815	0.68829	0.678969</FloatingPoint>
			</Individual>
			<Individual size="2">
				<FitnessMax value="3.6068"/>
				<FloatingPoint size="50">	4.45033	0.834743	4.21036	5.41888	4.29389	3.83651	0.487355	3.55728	2.40222	2.74975	3.42896	0.504448	3.63631	5.36974	4.29397	3.27686	0.498441	4.351	2.44474	2.72199	3.50682	2.33395	3.06233	3.82893	3.56839	3.47115	0.558277	3.53616	2.21407	3.55347	3.22744	0.390461	4.74847	5.49391	4.57676	2.58201	0.394734	4.34776	3.33894	3.23259	3.46791	0.569852	4.48302	2.47238	3.63011	2.41685	3.31317	2.49022	3.52299	3.90415</FloatingPoint>
				<FloatingPoint size="20">	0.544395	0.174833	0.702405	0.65728	0.899556	0.617498	0.286052	0.887115	0.461024	0.465566	0.866652	0.72648	0.835095	0.877862	0.984419	0.2873	0.720334	0.672815	0.68829	0.224647</FloatingPoint>
			</Individual>
			<Individual size="2">
				<FitnessMax value="3.6068"/>
				<FloatingPoint size="50">	4.64865	0.839925	4.26527	5.41914	4.59226	3.84728	0.54643	3.53792	2.40637	2.72416	3.42924	0.562303	3.63742	5.32999	4.338	3.20744	0.498474	4.35099	2.44987	2.72204	2.81281	4.15161	3.42335	4.5087	3.82674	3.49801	0.557659	3.53904	2.41681	3.5537	3.22516	0.390655	4.75655	5.49574	4.57671	2.63788	0.394471	4.36386	3.32353	3.22521	3.58965	0.594474	4.48318	2.47241	3.69972	2.86494	4.76025	2.70747	4.04345	4.22111</FloatingPoint>
				<FloatingPoint size="20">	0.544359	0.178267	0.702396	0.657275	0.89959	0.615965	0.343856	0.88842	0.530961	0.285234	0.874513	0.74271	0.835065	0.877813	0.984472	0.288347	0.720334	0.672646	0.624509	0.346462</FloatingPoint>
			</Individual>
			<Individual size="2">
				<FitnessMax value="3.6068"/>
				<FloatingPoint size="50">	4.44751	0.827902	4.27075	5.41848	4.29348	3.81938	0.472209	3.54763	2.40196	2.76208	3.42443	0.588687	3.63723	5.32841	4.53837	3.28281	0.498341	4.35099	2.44174	2.72356	1.65403	4.78399	2.9192	5.36979	3.46132	3.47117	0.558257	3.55281	2.44844	3.55511	3.22252	0.390636	4.76379	5.44187	4.5762	2.71275	0.395013	4.37368	3.33219	3.21713	3.6256	0.567171	4.48298	2.47253	3.63259	5.10241	4.86375	3.97327	3.85036	4.88134</FloatingPoint>
				<FloatingPoint size="20">	0.544403	0.174832	0.702396	0.657274	0.899568	0.615177	0.31374	0.889653	0.902566	0.689466	0.89742	0.707505	0.835092	0.878144	0.984491	0.258555	0.720332	0.672038	0.936598	0.290441</FloatingPoint>
			</Individual>
			<Individual size="2">
				<FitnessMax value="3.6068"/>
				<FloatingPoint size="50">	4.44724	0.708373	4.26979	5.51415	4.29351	3.83475	0.47732	3.54756	2.40225	2.73016	3.42923	0.543755	3.63839	5.32877	4.37116	3.25973	0.498375	4.351	2.44215	2.72273	2.12302	4.6616	2.96569	5.20969	3.47796	3.47116	0.573356	3.54336	2.27999	3.55368	3.22918	0.390635	4.75386	5.44435	4.57657	2.6905	0.384662	4.36811	3.34128	3.2211	3.55643	0.564528	4.59111	2.47254	3.63038	4.94363	4.59082	3.02637	4.02711	3.09491</FloatingPoint>
				<FloatingPoint size="20">	0.544403	0.173742	0.702397	0.657275	0.899572	0.615821	0.182718	0.888256	0.769432	0.448999	0.894789	0.725774	0.835084	0.877808	0.984473	0.309243	0.720333	0.672344	0.617802	0.173489</FloatingPoint>
			</Individual>
			<Individual size="2">
				<FitnessMax value="3.6068"/>
				<FloatingPoint size="50">	4.45033	0.834218	4.23427	5.41919	4.29302	3.82211	0.698275	3.52899	2.40131	2.68889	3.42783	0.752007	3.64153	5.3303	4.34521	3.27468	0.498442	4.351	2.44719	2.72161	2.85769	4.17431	3.14478	4.76841	4.22584	3.53458	0.56815	3.54255	2.36066	3.55364	3.22903	0.390728	4.75521	5.47012	4.56747	2.55678	0.394994	4.36583	3.32483	3.2253	3.59761	0.624014	4.56036	2.47258	3.63099	2.85948	3.64841	5.02885	3.87068	3.97744</FloatingPoint>
				<FloatingPoint size="20">	0.544398	0.179602	0.702396	0.657276	0.89959	0.616094	0.333803	0.888448	0.490988	0.238827	0.882168	0.715544	0.835065	0.877815	0.984472	0.288359	0.720334	0.672628	0.430477	0.858393</FloatingPoint>
			</Individual>
			<Individual size="2">
				<FitnessMax value="3.28132"/>
				<FloatingPoint size="50">	4.45033	0.834743	4.21036	5.41888	4.29389	3.83651	0.487355	3.55728	2.40222	2.74975	3.42896	0.504448	3.63631	5.36974	4.29397	3.27686	0.498441	4.351	2.44474	2.72199	3.50682	2.33395	3.06233	3.82893	3.56839	3.47115	0.558277	3.53616	2.21407	3.55347	3.22744	0.390461	4.74847	5.49391	4.57676	2.58201	0.394734	4.34776	3.33894	3.23259	3.46791	0.569852	4.48302	2.47238	3.63011	2.41685	3.31317	2.49022	3.52299	6.69508</FloatingPoint>
				<FloatingPoint size="20">	0.544398	0.178077	0.7024	0.657279	0.899566	0.669791	0.286226	0.887722	0.529328	0.456171	0.868381	0.727965	0.835074	0.877858	0.984433	0.342345	0.720334	0.672685	0.678726	0.302669</FloatingPoint>
			</Individual>
			<Individual size="2">
				<FitnessMax value="3.6068"/>
				<FloatingPoint size="50">	4.44724	0.826968	4.23531	5.41825	4.29351	3.82988	0.711789	3.55563	2.40195	2.76451	3.42462	0.556636	3.63756	5.33087	4.34101	3.28079	0.49841	4.35099	2.55063	2.73255	2.81907	1.75408	3.13051	5.39259	3.51497	3.47117	0.664114	3.5523	2.46412	3.55476	3.22774	0.390663	4.7547	5.47611	4.57623	2.71182	0.394982	4.36292	3.32801	3.22204	3.59689	0.537564	4.54419	2.47254	3.63075	4.54788	3.99989	3.78017	3.5792	4.60718</FloatingPoint>
				<FloatingPoint size="20">	0.544396	0.318039	0.702425	0.657271	0.899655	0.623971	0.28598	0.887117	0.341117	0.459167	0.863815	0.822565	0.835102	0.877846	0.984467	0.456619	0.720333	0.672559	0.675176	0.356317</FloatingPoint>
			</Individual>
			<Individual size="2">
				<FitnessMax value="3.56356"/>
				<FloatingPoint size="50">	4.43771	0.839925	4.26527	5.41914	4.29344	3.84728	0.54643	3.53792	2.40637	2.72416	3.42924	0.562303	3.63742	5.32999	4.338	3.20744	0.498474	4.35099	2.44987	2.72204	2.81281	4.15161	3.42335	4.5087	3.82674	3.49801	0.557659	3.53904	2.41681	3.5537	3.22516	0.390655	4.75655	5.49574	4.57671	2.63788	0.394471	4.36386	3.32353	3.22521	3.58965	0.594474	4.48318	2.47241	3.69972	2.86494	6.34178	2.70747	4.04345	4.22111</FloatingPoint>
				<FloatingPoint size="20">	0.544396	0.398986	0.702409	0.600341	0.899699	0.632559	0.208514	0.887682	0.419335	0.498214	0.810728	0.706902	0.835059	0.87778	0.984457	0.287686	0.720332	0.67284	0.635114	0.139389</FloatingPoint>
			</Individual>
			<Individual size="2">
				<FitnessMax value="3.6068"/>
				<FloatingPoint size="50">	4.44724	0.708373	4.26979	5.51415	4.29351	3.83475	0.47732	3.54756	2.40225	2.73016	3.42923	0.543755	3.63839	5.32877	4.34788	3.25663	0.498379	4.351	2.44225	2.72258	2.18333	4.64525	2.94141	5.1934	3.47251	3.47115	0.559985	3.54204	2.25286	3.55348	3.23014	0.390636	4.75254	5.44341	4.57662	2.70573	0.383141	4.37244	3.34231	3.22044	3.56272	0.5659	4.60703	2.47254	3.63033	5.00194	4.79986	3.06796	4.0931	3.08998</FloatingPoint>
				<FloatingPoint size="20">	0.544398	0.174685	0.702396	0.657275	0.899584	0.615829	0.184434	0.888655	0.739744	0.448975	0.893332	0.721955	0.835085	0.877809	0.984474	0.343303	0.720333	0.67233	0.717748	0.226229</FloatingPoint>
			</Individual>
			<Individual size="2">
				<FitnessMax value="3.6068"/>
				<FloatingPoint size="50">	4.64865	0.839925	4.22971	5.41726	4.59226	3.84728	0.487462	3.55587	2.40258	2.72416	3.42992	0.523654	3.63742	5.32997	4.338	3.27833	0.498474	4.35099	2.44987	2.72194	3.79172	4.15161	3.42335	4.5087	3.82674	3.49801	0.558107	3.5359	2.41681	3.5537	3.2318	0.39045	4.75655	5.44538	4.78293	2.53088	0.394471	4.36386	3.33858	3.22566	3.58965	0.547347	4.48302	2.47246	3.69972	2.86494	2.35184	2.14082	4.04345	2.21604</FloatingPoint>
				<FloatingPoint size="20">	0.544399	0.176112	0.702401	0.657277	0.899564	0.618206	0.316618	0.888108	0.759188	0.454423	0.878312	0.708315	0.8351	0.877811	0.984453	0.280417	0.720334	0.672789	0.654186	0.141365</FloatingPoint>
			</Individual>
			<Individual size="2">
				<FitnessMax value="3.6068"/>
				<FloatingPoint size="50">	4.43559	0.846108	4.25969	5.4194	4.29393	3.85605	0.562336	3.53512	2.40176	2.64687	3.43096	0.470083	3.64116	5.32968	4.27114	3.26058	0.498508	4.35099	2.44292	2.72154	2.60596	3.26611	3.17973	4.60925	3.95765	3.47115	0.562659	3.53591	2.39619	3.55342	3.22575	0.390769	4.75782	5.65759	4.57678	2.48406	0.394867	4.36014	3.32345	3.22519	3.61999	0.570498	4.54627	2.47237	3.63039	2.82993	5.53193	2.50569	4.27737	4.7039</FloatingPoint>
				<FloatingPoint size="20">	0.5444	0.188054	0.702407	0.657278	0.899584	0.617784	0.319364	0.887068	0.419337	0.236008	0.880724	0.707102	0.835068	0.877863	0.984469	0.288466	0.720333	0.672536	0.634406	0.139597</FloatingPoint>
			</Individual>
			<Individual size="2">
				<FitnessMax value="3.51779"/>
				<FloatingPoint size="50">	4.44871	0.827994	4.25132	5.41891	4.29333	3.82143	0.549359	3.53835	2.40186	2.75367	3.42732	0.575324	3.63501	5.33159	4.4118	3.27889	0.498384	4.35099	2.44453	2.72265	2.27007	4.61247	3.01132	4.76373	2.43201	3.47121	0.559332	3.54455	2.42979	3.55426	3.22346	0.390675	4.75901	5.4689	4.57658	2.66219	0.39399	4.37184	3.32693	2.52358	3.59936	0.588955	4.48299	2.47257	3.63095	3.97833	3.71123	3.07097	3.8578	4.68636</FloatingPoint>
				<FloatingPoint size="20">	0.544389	0.177942	0.702407	0.657274	0.89959	0.615391	0.267825	0.889451	0.681414	0.660433	0.880565	0.72124	0.835092	0.878022	0.984489	0.275534	0.720333	0.672214	0.708487	0.289129</FloatingPoint>
			</Individual>
			<Individual size="2">
				<FitnessMax value="3.3637"/>
				<FloatingPoint size="50">	4.45033	0.834218	4.23427	5.41919	4.35122	3.82211	0.698275	3.52899	2.40131	2.68889	3.42783	0.752007	3.64153	5.3303	4.34521	3.27468	0.498442	4.351	2.93598	2.72161	2.85769	4.17431	3.14478	4.76841	4.22584	3.53458	0.56815	3.54255	3.25718	3.55364	3.22903	0.390728	4.75521	5.47012	4.56747	2.55678	0.394994	4.36583	3.32483	3.2253	3.59761	0.624014	4.56036	2.47258	3.63099	2.85948	3.64841	2.69114	3.87068	4.59968</FloatingPoint>
				<FloatingPoint size="20">	0.544392	0.188505	0.702407	0.657276	0.899575	0.617576	0.320768	0.887265	0.434113	0.336051	0.883529	0.720415	0.835079	0.877852	0.984469	0.287215	0.720333	0.672584	0.636494	0.147635</FloatingPoint>
			</Individual>
			<Individual size="2">
				<FitnessMax value="3.40881"/>
				<FloatingPoint size="50">	4.44724	0.827079	4.26859	5.41841	4.29351	3.8216	0.472457	3.54939	2.40195	2.76186	3.42463	0.588326	3.63756	5.33087	4.52928	3.28081	0.498347	4.35099	2.44147	2.72369	1.71404	4.77271	3.13067	5.32035	3.51494	3.47117	0.664199	3.55231	2.46429	3.55503	3.22268	0.390626	4.76289	5.45078	4.57623	2.58701	0.394972	4.33865	3.33427	3.22558	3.51377	0.555212	4.48291	2.47248	3.63075	4.54751	3.17066	2.74375	3.18611	3.12842</FloatingPoint>
				<FloatingPoint size="20">	0.544403	0.318039	0.702425	0.657271	0.899655	0.623971	0.166646	0.887117	0.341117	0.459167	0.863815	0.707624	0.835102	0.877769	0.98446	0.864031	0.720334	0.672782	0.692094	0.464846</FloatingPoint>
			</Individual>
			<Individual size="2">
				<FitnessMax value="3.6068"/>
				<FloatingPoint size="50">	4.45067	0.834195	4.23531	5.41825	4.29111	3.82988	0.711789	3.55563	2.40278	2.76451	3.42515	0.556636	3.63627	5.33122	4.34101	3.27474	0.49841	4.35099	2.55063	2.73255	2.81907	4.23177	0.352092	5.39259	3.15311	3.48281	0.568202	3.54635	2.44014	3.55476	3.22774	0.390663	4.7547	5.47611	4.57529	2.71182	0.395016	4.36292	3.32801	3.22204	3.59689	0.537564	4.54419	2.47254	3.63046	3.05139	3.99989	3.78017	3.84607	4.60718</FloatingPoint>
				<FloatingPoint size="20">	0.544398	0.179558	0.702401	0.657276	0.899576	0.615333	0.315583	0.888387	0.47695	0.743762	0.897839	0.706998	0.835079	0.878009	0.98448	0.28362	0.720333	0.672398	0.700495	0.225344</FloatingPoint>
			</Individual>
			<Individual size="2">
				<FitnessMax value="3.6068"/>
				<FloatingPoint size="50">	4.45033	0.846349	4.2748	5.41912	4.29297	3.86512	0.518308	3.53445	2.40149	2.35044	3.43	0.543136	3.63231	5.32957	4.27085	3.27585	0.498392	4.35099	2.44246	2.72152	2.85786	4.30355	3.15093	5.21603	4.95621	3.47115	0.56992	3.53592	2.39631	3.55342	3.22584	0.390791	4.75523	5.52303	4.57686	2.63636	0.39499	4.36573	3.31726	3.22522	3.63063	0.621161	4.72074	2.47255	3.62987	2.72819	4.93343	2.06152	4.22239	5.04971</FloatingPoint>
				<FloatingPoint size="20">	0.544392	0.181625	0.702417	0.657272	0.899634	0.621787	0.214769	0.887762	0.34323	0.458121	0.867961	0.707647	0.835101	0.877783	0.984463	0.275887	0.720334	0.672781	0.3656	0.249395</FloatingPoint>
			</Individual>
			<Individual size="2">
				<FitnessMax value="3.6068"/>
				<FloatingPoint size="50">	4.54794	0.833447	4.21863	5.41908	4.44393	3.83445	0.509446	3.54365	2.40416	2.74299	3.42693	0.519103	3.63749	5.37053	4.43356	3.24412	0.49841	4.35099	2.45461	2.72772	2.26323	4.46211	2.76359	4.00163	3.67085	3.48459	0.556169	3.54567	2.44046	3.55436	3.22621	0.39064	4.75972	5.44289	4.57647	2.66561	0.393354	4.36866	3.32484	3.16547	3.60893	0.582284	4.48309	2.47233	3.66611	3.45657	4.74076	3.29547	3.98215	3.75432</FloatingPoint>
				<FloatingPoint size="20">	0.544359	0.178267	0.702396	0.657275	0.89959	0.615965	0.343856	0.88842	0.530961	0.285234	0.874513	0.74271	0.835065	0.877813	0.984472	0.288347	0.720334	0.672646	0.274571	0.346462</FloatingPoint>
			</Individual>
			<Individual size="2">
				<FitnessMax value="2.91594"/>
				<FloatingPoint size="50">	4.44724	0.708373	4.26979	5.51415	4.29351	3.83475	0.47732	3.54756	2.40225	2.73016	3.42923	0.543755	3.63839	5.32877	4.37116	3.25973	0.498375	4.351	2.44215	2.72273	2.12302	4.6616	2.96569	5.20969	3.47796	3.47116	0.573356	3.54336	2.27999	3.55368	3.22918	0.390635	4.75386	5.44435	4.57653	2.6905	0.384662	4.36811	3.34128	3.2211	3.55643	0.564528	4.59111	2.47254	3.63038	4.94363	4.59082	3.02637	4.02711	3.09491</FloatingPoint>
				<FloatingPoint size="20">	0.544398	0.331356	0.702401	0.822618	0.899576	0.615333	0.315583	0.888387	0.47695	0.743762	0.897839	0.706998	0.835079	0.878009	0.98448	0.28362	0.720333	0.672398	0.700495	0.225344</FloatingPoint>
			</Individual>
			<Individual size="2">
				<FitnessMax value="3.6068"/>
				<FloatingPoint size="50">	4.45033	0.841078	4.24021	5.41924	4.31655	3.84492	0.690855	3.53075	2.40142	2.684	3.43023	0.506478	3.63499	5.35626	4.32756	3.27216	0.498505	4.41378	2.64357	2.7219	2.65246	4.00843	2.49466	4.51432	3.89661	3.47436	0.564293	3.53944	2.40731	3.55352	3.22897	0.390722	4.75584	5.50257	4.57045	2.56371	0.394253	4.36601	3.32447	3.22364	3.60194	0.605097	4.55151	2.47255	3.63082	2.91426	4.29249	2.61558	3.90463	4.78577</FloatingPoint>
				<FloatingPoint size="20">	0.544359	0.178801	0.702405	0.657278	0.899582	0.616806	0.31911	0.88774	0.423037	0.482871	0.89808	0.706955	0.83507	0.877852	0.984469	0.286289	0.720333	0.67256	0.315492	0.150166</FloatingPoint>
			</Individual>
			<Individual size="2">
				<FitnessMax value="3.6068"/>
				<FloatingPoint size="50">	4.45033	0.757077	4.24526	5.69082	4.29327	3.65941	0.539413	3.53411	2.40207	2.73758	3.42879	0.542488	3.63755	5.33237	4.31515	3.26597	0.498433	4.351	2.44547	2.72205	3.07416	3.56587	6.83919	5.08028	3.71474	3.49424	0.560413	3.53821	2.33345	3.55359	3.2301	0.390597	4.75345	5.44345	4.57624	2.55867	0.393352	4.32689	3.33644	3.2237	3.5316	0.601961	4.57515	2.47246	3.63055	3.23913	3.07672	2.67237	3.59324	2.44722</FloatingPoint>
				<FloatingPoint size="20">	0.544396	0.318039	0.702396	0.657274	0.899556	0.616036	0.166646	0.887117	0.506265	0.920513	0.863815	0.769306	0.835102	0.877769	0.984474	0.288261	0.720334	0.672782	0.715326	0.155457</FloatingPoint>
			</Individual>
			<Individual size="2">
				<FitnessMax value="3.6068"/>
				<FloatingPoint size="50">	4.45117	0.836509	4.23525	5.41708	4.29202	3.83038	0.699819	3.53995	2.40202	2.75835	3.4253	0.49402	3.64095	5.33071	4.37541	3.27531	0.498527	4.35098	2.48933	2.72971	2.90108	3.93535	1.77714	3.6269	3.10365	3.47626	0.563009	3.54641	2.45407	3.55479	3.23022	0.390715	4.76156	5.47748	4.55982	2.71203	0.395024	4.37084	3.32805	3.22328	3.61687	0.53843	4.54269	2.4724	3.63483	3.04409	3.96005	3.60329	3.52679	4.24922</FloatingPoint>
				<FloatingPoint size="20">	0.544399	0.151208	0.702402	0.657277	0.899576	0.615771	0.309221	0.887475	0.402645	0.446346	0.872815	0.701979	0.835072	0.877994	0.985498	0.293877	0.720333	0.672449	0.755123	0.506653</FloatingPoint>
			</Individual>
			<Individual size="2">
				<FitnessMax value="3.6068"/>
				<FloatingPoint size="50">	4.45033	0.844276	4.27198	5.41879	4.29315	3.85572	0.487054	3.54754	2.40163	2.68755	3.42536	0.574674	3.63707	5.32864	4.28483	3.28128	0.498364	4.35099	2.44244	2.72344	0.473329	4.54275	3.05006	5.29345	4.10636	3.47116	0.563434	3.5391	2.41172	3.55408	3.22459	0.390771	4.75761	5.51695	4.57644	2.68505	0.395006	4.37118	3.32668	3.21731	3.62813	0.610245	4.65284	2.47254	3.63258	4.54847	5.79331	2.89057	3.87669	4.91775</FloatingPoint>
				<FloatingPoint size="20">	0.544398	0.178523	0.702409	0.657278	0.899605	0.618005	0.169033	0.888209	0.39129	0.439098	0.879348	0.72274	0.835099	0.877862	0.984432	0.30091	0.720333	0.672033	0.629636	0.205355</FloatingPoint>
			</Individual>
			<Individual size="2">
				<FitnessMax value="3.6068"/>
				<FloatingPoint size="50">	4.45033	0.834218	4.23427	5.41919	4.35122	3.82211	0.698275	3.52899	2.40131	2.68889	3.42783	0.752007	3.64153	5.3303	4.34521	3.27468	0.498442	4.351	2.93598	2.72161	2.85769	4.17431	3.14478	4.76841	4.22584	3.53458	0.56815	3.54255	2.36066	3.55364	3.22903	0.390728	4.75521	5.47012	4.56747	2.55678	0.394994	4.36583	3.32483	3.2253	3.59761	0.624014	4.56036	2.47258	3.63099	2.85948	3.64841	2.69114	3.87068	4.59968</FloatingPoint>
				<FloatingPoint size="20">	0.544359	0.181745	0.702405	0.657279	0.89956	0.617359	0.290063	0.887631	0.427222	0.470467	0.882002	0.720073	0.835074	0.877861	0.984451	0.286349	0.720333	0.672578	0.641969	0.209425</FloatingPoint>
			</Individual>
			<Individual size="2">
				<FitnessMax value="2.73872"/>
				<FloatingPoint size="50">	4.44724	0.667563	4.26979	5.51415	4.29351	3.83475	0.47732	3.54756	2.40225	2.73016	3.42923	0.543755	3.63839	5.32877	4.37116	3.25973	0.498375	4.351	2.44215	2.72273	2.12302	4.6616	2.96569	5.20969	3.47796	3.47116	0.573356	3.54336	2.27999	3.55368	3.22918	0.390635	4.75386	5.44435	4.57657	2.6905	0.384662	4.36811	3.34128	3.2211	3.55643	0.564528	4.59111	2.47254	3.63038	4.94363	4.59082	3.02637	4.02711	3.09491</FloatingPoint>
				<FloatingPoint size="20">	0.544397	0.173653	0.702406	0.657277	0.899561	0.234221	0.257364	0.887618	0.487087	0.406664	0.879425	0.778963	0.835091	0.877828	0.984472	0.28962	0.720333	0.672378	0.643626	0.136326</FloatingPoint>
			</Individual>
			<Individual size="2">
				<FitnessMax value="3.6068"/>
				<FloatingPoint size="50">	4.44991	0.828085	4.23188	5.41934	4.29319	3.82349	0.62651	3.52907	2.40177	2.74526	3.43022	0.561961	3.63279	5.33477	4.28524	3.27497	0.498426	4.35099	2.44733	2.72173	2.8861	4.44096	3.10344	4.15766	3.45519	3.47125	0.560408	3.53629	2.41115	3.5534	3.2244	0.390713	4.75423	5.49592	4.57696	2.61163	0.392968	4.36999	3.32168	3.21883	3.57312	0.610739	4.48299	2.4726	3.6293	2.85424	2.55871	2.16867	3.86524	4.49137</FloatingPoint>
				<FloatingPoint size="20">	0.544396	0.318039	0.702425	0.657271	0.899655	0.623971	0.166646	0.887117	0.341117	0.459167	0.863815	0.707624	0.835102	0.877769	0.98446	0.288261	0.720334	0.672782	0.692094	0.464846</FloatingPoint>
			</Individual>
			<Individual size="2">
				<FitnessMax value="3.6068"/>
				<FloatingPoint size="50">	4.45033	0.835687	4.22977	5.41776	4.2939	3.84635	0.487266	3.55837	2.4022	2.75306	3.4297	0.57539	3.63669	5.35696	4.29432	3.2762	0.498441	4.35099	2.44494	2.722	3.52295	3.35122	3.01336	4.44706	3.58038	3.47116	0.56064	3.53693	2.63455	3.55347	3.22716	0.390443	4.7481	5.49858	4.5768	2.48098	0.394512	4.35688	3.34312	3.29959	3.47858	0.599735	4.48303	2.47248	3.63014	3.77474	2.27557	2.30156	3.31992	4.04541</FloatingPoint>
				<FloatingPoint size="20">	0.544396	0.318039	0.702425	0.657271	0.899655	0.623971	0.166646	0.887117	0.341117	0.459167	0.863815	0.707624	0.835102	0.877769	0.98446	0.288261	0.720334	0.672782	0.692094	0.464846</FloatingPoint>
			</Individual>
			<Individual size="2">
				<FitnessMax value="3.6068"/>
				<FloatingPoint size="50">	4.44761	0.814072	4.24629	5.45174	4.29317	3.82234	0.485287	3.54814	2.40202	2.6928	3.42889	0.655819	3.63659	5.33376	4.34753	3.26709	0.498391	4.351	2.44465	2.72264	2.28278	4.5328	2.81153	5.00569	5.34368	3.47115	0.563599	3.54212	2.15088	3.55359	3.22959	0.390717	4.75147	5.44773	4.57173	2.67074	0.392168	4.35505	3.32815	3.21533	3.53897	0.592003	4.48923	2.47257	3.6309	3.45513	3.6595	6.38402	3.8706	3.77025</FloatingPoint>
				<FloatingPoint size="20">	0.544398	0.179602	0.702396	0.657276	0.89959	0.616094	0.333803	0.888448	0.490988	0.238827	0.882168	0.715544	0.835065	0.877815	0.984472	0.288359	0.720334	0.672628	0.430477	0.858393</FloatingPoint>
			</Individual>
		</Deme>
	</Population>
</ECF>
