<?xml version="1.0" encoding="ISO-8859-1"?>
<ECF milestone="Mon Jun 18 09:07:06 2018
">
	<Registry>
		<Entry key="1FloatingPoint.dimension">20</Entry>
		<Entry key="1FloatingPoint.lbound">0</Entry>
		<Entry key="1FloatingPoint.ubound">1</Entry>
		<Entry key="FloatingPoint.dimension">50</Entry>
		<Entry key="FloatingPoint.lbound">0</Entry>
		<Entry key="FloatingPoint.ubound">6.99</Entry>
		<Entry key="SteadyStateTournament.tsize">3</Entry>
		<Entry key="batch.logfile_">*</Entry>
		<Entry key="batch.remaining_">0</Entry>
		<Entry key="batch.repeats">1</Entry>
		<Entry key="batch.singlemilestone">1</Entry>
		<Entry key="batch.statsfile">stats/ohlc_bitfinex_iotusd_86400_10_100_0.5_0.9.csv</Entry>
		<Entry key="data.balance">16.3878</Entry>
		<Entry key="data.input">data/train/ohlc_bitfinex_iotusd_86400.csv</Entry>
		<Entry key="data.test">data/test/ohlc_bitfinex_iotusd_86400.csv</Entry>
		<Entry key="fuzzy.langvars">conf/ohlc_bitfinex_iotusd_86400.conf</Entry>
		<Entry key="fuzzy.numrules">10</Entry>
		<Entry key="fuzzy.threshold">0.9</Entry>
		<Entry key="log.frequency">10</Entry>
		<Entry key="log.level">3</Entry>
		<Entry key="milestone.elapsedtime_">190</Entry>
		<Entry key="milestone.filename">milestones/ohlc_bitfinex_iotusd_86400_10_100_0.5_0.9.txt</Entry>
		<Entry key="milestone.generation_">2999</Entry>
		<Entry key="mutation.indprob">0.5</Entry>
		<Entry key="operator.logfile">log/ohlc_bitfinex_iotusd_86400_10_100_0.5_0.9.csv</Entry>
		<Entry key="population.size">100</Entry>
		<Entry key="term.eval">300000</Entry>
	</Registry>
	<Population size="1">
		<HallOfFame size="1">
			<Individual size="2" gen="2453">
				<FitnessMax value="1.80595"/>
				<FloatingPoint size="50">	4.08511	3.5836	6.16144	5.27051	3.629	2.9352	0.117375	2.71183	4.05257	3.60254	2.55815	4.21939	3.01101	3.03768	6.19191	3.4033	0.834562	2.3908	3.3912	3.54385	3.89028	3.94822	3.15863	4.66456	4.36241	4.22041	4.49095	4.89351	4.5288	1.48383	3.44719	4.10218	4.94592	2.63954	4.20461	2.98531	0.411994	2.84286	3.61176	4.71432	2.51364	0.838154	2.79911	3.89575	3.62466	2.30247	3.91388	3.8834	2.97514	3.83811</FloatingPoint>
				<FloatingPoint size="20">	0.443716	0.478897	0.454153	0.987328	0.533644	0.420923	0.435883	0.96035	0.522905	0.51506	0.498535	0.610833	0.538036	0.759309	0.751107	0.498498	0.932844	0.873328	0.673093	0.635495</FloatingPoint>
			</Individual>
		</HallOfFame>
		<Deme size="100">
			<HallOfFame size="1">
				<Individual size="2" gen="2453">
					<FitnessMax value="1.80595"/>
					<FloatingPoint size="50">	4.08511	3.5836	6.16144	5.27051	3.629	2.9352	0.117375	2.71183	4.05257	3.60254	2.55815	4.21939	3.01101	3.03768	6.19191	3.4033	0.834562	2.3908	3.3912	3.54385	3.89028	3.94822	3.15863	4.66456	4.36241	4.22041	4.49095	4.89351	4.5288	1.48383	3.44719	4.10218	4.94592	2.63954	4.20461	2.98531	0.411994	2.84286	3.61176	4.71432	2.51364	0.838154	2.79911	3.89575	3.62466	2.30247	3.91388	3.8834	2.97514	3.83811</FloatingPoint>
					<FloatingPoint size="20">	0.443716	0.478897	0.454153	0.987328	0.533644	0.420923	0.435883	0.96035	0.522905	0.51506	0.498535	0.610833	0.538036	0.759309	0.751107	0.498498	0.932844	0.873328	0.673093	0.635495</FloatingPoint>
				</Individual>
			</HallOfFame>
			<Individual size="2">
				<FitnessMax value="1.80595"/>
				<FloatingPoint size="50">	2.7512	1.80137	3.49665	4.34137	2.72557	2.72448	0.276428	2.52262	4.10995	3.52134	3.47723	1.93279	3.46852	3.80606	2.99499	3.47458	0.738159	2.41435	3.3246	3.46724	2.8961	3.98296	3.91026	3.22858	1.32893	4.20587	3.90251	3.40864	2.17628	3.43624	3.79755	4.21249	3.08086	3.81993	4.94282	2.75887	0.516576	2.61078	3.64739	4.72986	2.4893	0.552313	2.82995	3.74183	3.54885	3.83865	3.0661	2.85567	1.92612	3.20009</FloatingPoint>
				<FloatingPoint size="20">	0.493324	0.707937	0.47767	0.987329	0.519886	0.420499	0.44142	0.961328	0.45507	0.576777	0.484261	0.64087	0.579985	0.509975	0.756371	0.488131	0.932647	0.87429	0.631125	0.508531</FloatingPoint>
			</Individual>
			<Individual size="2">
				<FitnessMax value="1.71645"/>
				<FloatingPoint size="50">	5.53388	1.79175	3.51382	4.32643	2.72907	2.72819	0.244566	2.51354	4.12547	3.56846	3.29209	3.30536	3.52489	3.82734	3.00794	3.4747	0.738067	2.41434	3.31967	3.47022	2.52261	3.96196	3.92482	3.64614	2.76755	4.68473	4.30315	3.51468	2.42742	3.469	3.52681	4.32348	3.12242	3.5673	4.88575	2.75887	0.518436	2.61078	3.64785	4.73042	2.48932	0.552313	2.83483	3.74087	3.4727	3.89285	3.78163	2.90535	1.90422	3.42551</FloatingPoint>
				<FloatingPoint size="20">	0.455149	0.611671	0.475808	0.987329	0.565887	0.433004	0.441404	0.961328	0.418704	0.737487	0.536643	0.593895	0.576504	0.458855	0.978276	0.48186	0.932647	0.87429	0.568998	0.518736</FloatingPoint>
			</Individual>
			<Individual size="2">
				<FitnessMax value="1.5099"/>
				<FloatingPoint size="50">	3.25433	1.80257	3.90798	4.33017	2.72996	2.72101	0.170901	2.52331	4.1027	3.59442	4.17487	1.70539	3.82612	3.9392	3.00552	3.47433	0.73803	2.41443	3.32306	3.4665	2.86468	5.01128	3.93996	3.2397	4.29115	4.55882	3.85155	3.312	1.24177	3.33802	3.81187	4.32733	3.12528	4.57518	4.91128	2.75887	0.517707	2.61078	3.6434	4.73205	2.48932	0.552313	2.82543	3.74296	3.51621	3.96337	3.44941	2.59284	1.88684	3.04613</FloatingPoint>
				<FloatingPoint size="20">	0.686232	0.702926	0.478327	0.987329	0.592903	0.472751	0.441402	0.961328	0.45216	0.601304	0.457677	0.657376	0.565446	0.571348	0.756229	0.454972	0.277691	0.87429	0.608837	0.573476</FloatingPoint>
			</Individual>
			<Individual size="2">
				<FitnessMax value="1.80595"/>
				<FloatingPoint size="50">	4.53617	1.80129	3.50568	4.33898	2.72153	2.72965	0.277046	2.52185	4.15069	3.59271	3.71025	3.29125	3.54754	3.84363	3.01233	3.47421	0.737501	2.41436	3.31987	3.4683	2.49252	3.99696	4.07263	3.32369	2.67114	4.43486	3.62201	3.43226	2.19885	3.46461	3.53317	4.33753	3.11124	3.5456	4.84173	2.75887	0.517656	2.61078	3.64677	4.73506	2.48931	0.552313	2.83067	3.74168	3.43817	3.47941	3.61392	3.33806	1.9	3.57737</FloatingPoint>
				<FloatingPoint size="20">	0.496004	0.0879145	0.478568	0.987329	0.496142	0.443891	0.441414	0.961328	0.441644	0.594365	0.486143	0.640636	0.596272	0.515944	0.756489	0.478246	0.932647	0.87429	0.559045	0.541342</FloatingPoint>
			</Individual>
			<Individual size="2">
				<FitnessMax value="1.80595"/>
				<FloatingPoint size="50">	2.97238	1.79525	2.94243	4.34604	2.71303	2.72057	0.233552	2.5228	4.10271	3.60945	3.48347	3.31117	3.36746	3.91538	2.9144	3.47418	0.737639	2.41438	3.32005	3.47726	2.59024	4.51343	3.86842	3.34594	1.56784	4.56445	3.79652	3.27949	2.26741	3.40834	3.85445	4.07667	3.15526	3.72269	4.80641	2.75887	0.517513	2.61078	3.64684	4.72747	2.48934	0.552313	2.83562	3.74149	3.54878	3.868	3.44631	3.94709	1.97317	3.53248</FloatingPoint>
				<FloatingPoint size="20">	0.521187	0.685636	0.480993	0.987329	0.509615	0.424076	0.441414	0.961328	0.471166	0.588626	0.493012	0.604015	0.56957	0.478706	0.756473	0.474965	0.932647	0.87429	0.563536	0.477497</FloatingPoint>
			</Individual>
			<Individual size="2">
				<FitnessMax value="1.80595"/>
				<FloatingPoint size="50">	2.7512	1.79194	3.62914	4.52578	2.73007	2.71375	0.218185	2.51489	4.10198	3.59459	4.06528	3.30852	3.60929	3.78054	2.98804	3.47448	0.738725	2.41423	3.32253	3.46636	2.74549	4.41224	3.52168	3.17298	3.0382	4.59726	4.28432	3.49898	3.58401	3.37929	3.81476	1.96248	3.03774	5.05808	4.95554	2.75888	0.517856	2.61078	3.64612	4.73105	2.48931	0.552313	2.83071	3.74129	3.54881	3.80723	2.80165	2.89112	1.89434	3.64111</FloatingPoint>
				<FloatingPoint size="20">	0.740537	0.686642	0.476327	0.987329	0.542638	0.49344	0.441399	0.961328	0.405886	0.588577	0.491277	0.617816	0.600548	0.501609	0.756517	0.482134	0.932647	0.87429	0.56411	0.551867</FloatingPoint>
			</Individual>
			<Individual size="2">
				<FitnessMax value="1.80595"/>
				<FloatingPoint size="50">	6.96268	1.74201	3.35184	4.3316	2.74585	2.7146	0.170007	2.52016	4.10202	3.60969	4.7742	3.42838	3.4633	4.08628	2.97095	3.47411	0.739295	2.4142	3.32058	3.42991	3.1229	3.52586	4.42748	3.33667	2.83389	4.66616	3.62344	3.52977	1.79098	3.2235	3.82477	4.60024	3.21348	4.21896	4.88174	2.75887	0.514783	2.61078	3.64443	4.73993	2.48931	0.552313	2.83299	3.74434	3.54882	2.66364	3.49323	2.10626	1.76164	2.8696</FloatingPoint>
				<FloatingPoint size="20">	0.428187	0.720162	0.470851	0.987329	0.54881	0.387537	0.441404	0.961328	0.525673	0.582937	0.481035	0.686638	0.556226	0.483001	0.756367	0.488201	0.932647	0.87429	0.761575	0.573327</FloatingPoint>
			</Individual>
			<Individual size="2">
				<FitnessMax value="1.80595"/>
				<FloatingPoint size="50">	5.55375	1.78881	3.50676	4.33685	2.73151	2.72722	0.200074	2.52232	4.14169	3.63601	3.40182	3.30294	3.53499	3.92937	2.8901	3.47415	0.737859	2.41441	3.31937	3.48652	2.5155	3.96249	4.03635	3.42118	2.74964	4.55874	3.91745	3.46807	2.5809	3.4719	3.40455	4.33526	3.1178	3.42452	4.88941	2.75887	0.518739	2.61078	3.64742	4.73033	2.48932	0.552313	2.83524	3.73676	3.54867	4.0685	3.40475	2.89332	1.90491	5.74415</FloatingPoint>
				<FloatingPoint size="20">	0.740537	0.706008	0.478519	0.987329	0.502604	0.435176	0.441406	0.961328	0.422548	0.718593	0.505234	0.518227	0.580025	0.298874	0.7564	0.474271	0.932647	0.87429	0.394435	0.507361</FloatingPoint>
			</Individual>
			<Individual size="2">
				<FitnessMax value="1.80595"/>
				<FloatingPoint size="50">	3.15268	1.78504	3.54204	4.33318	2.72707	2.71302	0.215101	2.52464	4.102	3.64484	4.16691	3.37036	3.56826	3.7253	2.72224	3.47449	0.738332	2.41421	3.32234	3.46368	2.58777	3.94229	3.22049	3.21003	2.74453	4.56872	4.61448	3.52261	2.15283	3.39957	3.78108	0.47351	3.05299	5.49596	5.02728	2.75887	0.518972	2.61078	3.64617	4.73056	2.48929	0.552313	2.83178	3.73987	3.54878	4.08439	3.43109	2.84883	1.90668	3.60483</FloatingPoint>
				<FloatingPoint size="20">	0.428187	0.748937	0.471831	0.987329	0.563309	0.267814	0.441416	0.961328	0.530612	0.57516	0.493702	0.657009	0.574961	0.488962	0.756389	0.488179	0.932647	0.87429	0.592953	0.503682</FloatingPoint>
			</Individual>
			<Individual size="2">
				<FitnessMax value="1.80595"/>
				<FloatingPoint size="50">	4.53617	1.80129	3.50568	4.33898	3.02864	2.72965	0.277046	2.52185	4.15069	3.59271	3.71025	3.29125	3.54754	0.169528	3.01233	3.47433	0.737678	2.41436	3.32051	3.46676	2.48133	3.9536	4.09165	3.77934	2.65214	4.47816	3.90071	3.45877	2.2117	3.45881	3.57381	3.86052	3.0905	3.68013	4.84022	2.75887	0.517717	2.61078	3.64656	4.72707	2.4893	0.552313	2.83246	3.74197	3.45762	3.53873	3.5847	3.2491	1.90233	3.52235</FloatingPoint>
				<FloatingPoint size="20">	0.496004	0.0879145	0.478568	0.987329	0.496142	0.443891	0.441414	0.961328	0.441644	0.594365	0.486143	0.640636	0.596272	0.515944	0.756489	0.478246	0.932647	0.87429	0.559045	0.541342</FloatingPoint>
			</Individual>
			<Individual size="2">
				<FitnessMax value="1.80595"/>
				<FloatingPoint size="50">	4.53617	1.80129	3.50568	4.33898	2.72153	2.72965	0.277046	2.52185	4.15069	3.59271	3.71025	3.29125	3.54754	3.98541	3.01233	3.47421	0.737501	2.41436	3.31987	3.4683	2.49252	3.99696	4.07263	3.32369	1.84195	4.43486	3.62201	3.43226	2.19885	3.46461	3.53317	4.33753	3.11124	3.5456	4.84173	2.75887	0.517656	2.61078	3.64677	4.73506	2.48931	0.552313	2.83067	3.74168	3.43817	3.47941	3.61392	3.33806	1.9	3.57737</FloatingPoint>
				<FloatingPoint size="20">	0.508254	0.447579	0.47483	0.987329	0.478952	0.404468	0.44142	0.961328	0.425128	0.870077	0.586961	0.593558	0.597563	0.515962	0.756518	0.483261	0.932647	0.87429	0.569758	0.550614</FloatingPoint>
			</Individual>
			<Individual size="2">
				<FitnessMax value="1.80595"/>
				<FloatingPoint size="50">	4.82046	1.8049	3.52842	4.32488	2.72749	2.72975	0.270451	2.50605	4.10194	3.49107	3.85035	3.08577	3.51106	3.78864	3.66481	3.47461	0.739503	2.41421	3.32407	3.45875	2.89138	3.95556	3.8635	3.1153	3.12783	4.59679	4.32201	3.47929	2.16809	3.29356	3.80149	4.06991	2.99253	3.84602	4.89408	2.75887	0.51012	2.61078	3.64495	4.73375	2.48932	0.552313	2.83033	3.74309	3.54887	3.70596	0.708086	3.04138	1.88684	2.8916</FloatingPoint>
				<FloatingPoint size="20">	0.493324	0.714919	0.480868	0.987329	0.500386	0.437784	0.441412	0.961328	0.469488	0.590057	0.49982	0.322103	0.584825	0.499086	0.756528	0.478646	0.932647	0.87429	0.492418	0.496905</FloatingPoint>
			</Individual>
			<Individual size="2">
				<FitnessMax value="1.80595"/>
				<FloatingPoint size="50">	2.90669	1.8049	3.52842	4.32488	2.72749	2.72869	0.270451	2.50605	4.10194	3.49107	3.28548	3.33931	3.51106	3.7204	3.05991	3.47489	0.739503	2.41421	3.32013	3.45875	2.89138	3.95556	3.8635	3.1153	3.12783	4.59679	4.32201	0.571514	2.16809	3.36797	3.79454	4.06991	2.99253	3.84602	5.05096	2.75887	0.51012	2.61078	3.64872	4.73375	2.48932	0.552313	2.83033	3.7436	3.54895	3.70596	0.708086	2.97827	1.88684	2.64983</FloatingPoint>
				<FloatingPoint size="20">	0.529926	0.696818	0.469152	0.987329	0.474169	0.365036	0.441422	0.961328	0.402998	0.974833	0.702038	0.552439	0.642761	0.515833	0.756527	0.488209	0.932647	0.87429	0.600967	0.576392</FloatingPoint>
			</Individual>
			<Individual size="2">
				<FitnessMax value="1.80595"/>
				<FloatingPoint size="50">	1.80321	1.77813	3.504	4.3277	2.73855	2.72685	0.180924	2.5142	4.10196	3.60278	4.01072	3.36445	3.50759	4.07449	3.05737	3.47481	0.739464	2.41421	3.32035	3.44463	2.86545	3.83117	4.28783	3.54403	2.81586	4.68623	4.01644	3.52764	1.84804	3.2459	3.82464	4.45376	3.20804	4.13886	4.88687	2.75887	0.518652	2.61078	3.65207	4.73974	2.48931	0.552313	2.83186	3.74342	3.54885	3.21717	5.61809	2.22012	1.78542	2.30228</FloatingPoint>
				<FloatingPoint size="20">	0.404281	0.69836	0.48016	0.987329	0.511161	0.430677	0.44141	0.961328	0.444358	0.781537	0.496496	0.608396	0.581577	0.506364	0.756326	0.451172	0.932647	0.87429	0.571386	0.490777</FloatingPoint>
			</Individual>
			<Individual size="2">
				<FitnessMax value="1.80595"/>
				<FloatingPoint size="50">	1.86534	1.78914	3.42263	4.34769	2.70489	2.70966	0.261695	2.52271	4.10492	3.58505	3.37535	2.64278	3.36921	3.79534	2.97678	3.4746	0.737806	2.4143	3.32427	3.47057	2.84583	3.57401	3.95544	3.44675	2.08741	4.44598	3.80458	3.45214	2.22936	3.34838	3.79998	4.4696	3.11079	3.90051	4.91281	2.75887	0.513809	2.61078	3.64589	4.68628	2.48933	0.552313	2.83788	3.7426	3.54886	3.2506	3.3807	2.97003	1.91195	3.01013</FloatingPoint>
				<FloatingPoint size="20">	0.493324	0.238367	0.47767	0.987329	0.519886	0.420499	0.44142	0.961328	0.45507	0.576777	0.484261	0.64087	0.579985	0.509975	0.756371	0.488131	0.932647	0.87429	0.631125	0.508531</FloatingPoint>
			</Individual>
			<Individual size="2">
				<FitnessMax value="1.80595"/>
				<FloatingPoint size="50">	5.55375	1.80129	5.30205	4.33685	2.73151	2.72965	0.277046	2.52185	4.14169	3.63601	3.40182	3.30294	3.53499	3.92937	2.8901	3.47415	0.737501	2.41441	3.31937	3.48652	2.49252	3.99696	4.07263	3.42118	1.84195	4.55874	3.62201	3.43226	2.5809	3.46461	3.53298	4.33526	3.11124	3.5456	4.84173	2.75887	0.518739	2.61078	3.64677	4.73506	2.48932	0.552313	2.83067	3.73676	3.43817	4.0685	3.61392	2.89332	1.9	3.57737</FloatingPoint>
				<FloatingPoint size="20">	0.441899	0.712312	0.47846	0.987329	0.534392	0.381739	0.44141	0.961328	0.456996	0.748022	0.495736	0.243632	0.577667	0.503811	0.75641	0.47894	0.932647	0.87429	0.313853	0.506747</FloatingPoint>
			</Individual>
			<Individual size="2">
				<FitnessMax value="1.80595"/>
				<FloatingPoint size="50">	3.06036	1.79033	3.48421	4.34925	2.70125	2.73329	0.317949	2.52282	4.10198	3.64717	3.38254	3.20868	3.39107	3.79421	2.91671	3.4748	0.738289	2.41437	3.31909	3.47539	2.31257	3.85046	4.13028	3.24302	1.91243	4.1445	3.91518	3.41399	2.71126	3.35609	3.81881	4.13544	3.10827	4.26988	4.86189	2.75887	0.517616	2.61078	3.64704	4.06481	2.48934	0.552313	2.82669	3.74324	3.54883	3.89242	3.83975	2.96432	1.9631	3.42015</FloatingPoint>
				<FloatingPoint size="20">	0.635075	0.696251	0.475101	0.987329	0.956553	0.37999	0.441415	0.961328	0.414409	0.774988	0.592539	0.595883	0.597879	0.545653	0.756126	0.488204	0.932647	0.87429	0.622757	0.512243</FloatingPoint>
			</Individual>
			<Individual size="2">
				<FitnessMax value="1.80595"/>
				<FloatingPoint size="50">	3.15138	1.80024	3.63434	4.33053	2.71567	2.73539	0.201443	2.52317	4.10208	3.49694	2.73091	3.36398	3.40305	3.8829	2.915	3.47532	0.738876	2.41445	3.3276	3.46382	2.41505	4.81498	4.10555	3.42583	3.34475	4.52999	5.81408	3.57872	2.15435	3.44083	3.8511	4.31983	2.91556	4.01031	4.95144	2.75888	0.51896	2.61078	3.64994	4.70459	2.48926	0.552313	2.83401	3.73936	3.54882	5.32461	3.41444	2.83004	2.68753	3.99901</FloatingPoint>
				<FloatingPoint size="20">	0.441899	0.702537	0.476554	0.987329	0.535296	0.441973	0.441433	0.961328	0.46114	0.585608	0.505321	0.540189	0.546625	0.537643	0.755352	0.4882	0.932647	0.87429	0.526604	0.579694</FloatingPoint>
			</Individual>
			<Individual size="2">
				<FitnessMax value="1.80595"/>
				<FloatingPoint size="50">	3.18962	1.8023	4.1445	4.33163	2.73033	2.72715	0.200236	2.52299	4.12183	3.62391	3.74541	3.03533	3.5891	3.93476	2.94602	3.47421	0.737698	2.41443	3.32304	3.48459	2.80473	4.99547	3.95019	3.28839	3.26344	4.55873	3.81316	3.42007	1.47136	3.38524	3.55949	4.33313	3.11348	3.81818	4.90779	2.75887	0.518714	2.61078	3.64399	4.73345	2.48932	0.552313	2.82699	3.7375	3.45128	4.04584	3.5268	2.75552	1.89579	3.29111</FloatingPoint>
				<FloatingPoint size="20">	0.804996	0.121374	0.491345	0.987329	0.416657	0.376365	0.441408	0.961328	0.381627	0.577627	0.787141	0.638929	0.573894	0.494973	0.756425	0.472943	0.932647	0.87429	0.533197	0.47024</FloatingPoint>
			</Individual>
			<Individual size="2">
				<FitnessMax value="1.80595"/>
				<FloatingPoint size="50">	4.85733	1.79224	3.50656	4.33841	2.72531	2.72943	0.219812	2.52192	4.14458	3.6262	3.56	3.29746	3.53676	3.95703	2.91298	3.47418	0.737773	2.41437	3.31953	3.47734	2.50272	3.96544	4.07087	3.40289	2.6844	4.54072	3.72458	3.44324	2.47257	3.46879	3.52937	4.33746	3.1132	3.44351	4.85604	2.75887	0.518664	2.61078	3.6473	4.73218	2.48932	0.552313	2.83131	3.73835	3.52774	4.04094	3.56097	3.08484	1.90037	5.61463</FloatingPoint>
				<FloatingPoint size="20">	0.522644	0.704535	0.476273	0.987329	0.508884	0.421627	0.441407	0.961328	0.434465	0.654967	0.495288	0.631501	0.567688	0.493715	0.756363	0.467306	0.932647	0.87429	0.203268	0.502041</FloatingPoint>
			</Individual>
			<Individual size="2">
				<FitnessMax value="1.80595"/>
				<FloatingPoint size="50">	3.02903	1.80257	3.58138	4.32771	2.72158	2.73204	0.235947	2.51461	4.10201	3.49401	3.0082	3.35165	3.45705	3.80165	2.98746	3.4751	0.73919	2.41433	3.32386	3.46128	2.65321	4.38527	3.98453	3.27057	3.23629	4.56339	5.06804	2.07512	2.16122	3.4044	3.82282	4.19487	2.95405	3.92816	5.0012	2.75887	0.51454	2.61078	3.64933	4.71917	2.48929	0.552313	2.83217	3.74148	3.54888	4.51528	2.06126	2.90416	2.28718	3.32442</FloatingPoint>
				<FloatingPoint size="20">	0.441899	0.702537	0.476554	0.987329	0.535296	0.441973	0.441433	0.961328	0.46114	0.585608	0.505321	0.540189	0.546625	0.537643	0.755352	0.4882	0.932647	0.87429	0.526604	0.579694</FloatingPoint>
			</Individual>
			<Individual size="2">
				<FitnessMax value="1.80595"/>
				<FloatingPoint size="50">	3.77501	1.80061	3.48694	4.34098	3.65055	2.72536	0.225546	2.52451	4.11223	3.62002	3.40597	3.32567	3.76206	3.98637	2.99501	3.47752	0.737744	2.4144	3.31976	3.45722	1.78684	3.9518	3.99581	2.84613	2.17973	4.48931	3.7262	3.41882	2.12265	3.48667	3.72557	4.22764	3.08871	3.91421	5.17109	2.75887	0.517972	2.61078	3.64463	4.73968	2.48932	0.552313	2.82517	3.74233	3.49347	3.11917	3.48479	3.11472	1.90814	3.41678</FloatingPoint>
				<FloatingPoint size="20">	0.437458	0.718688	0.473189	0.987329	0.544414	0.295347	0.441413	0.961328	0.415352	0.565985	0.542635	0.56215	0.574645	0.486956	0.756461	0.486102	0.932647	0.87429	0.48558	0.519749</FloatingPoint>
			</Individual>
			<Individual size="2">
				<FitnessMax value="1.80595"/>
				<FloatingPoint size="50">	4.53617	1.80129	3.50568	4.33898	2.72153	2.72965	0.277046	2.52185	4.15069	3.59271	3.71025	3.29125	3.54754	3.98541	3.01233	3.47421	0.737501	2.41436	3.31987	3.4683	0.605189	3.99696	4.07263	3.32369	1.84195	4.43486	3.62201	3.43226	2.19885	3.46461	3.53317	4.33753	3.11124	3.5456	4.84173	2.75887	0.517656	2.61078	3.64677	4.73506	2.48931	0.552313	2.83067	3.74168	3.43817	3.47941	3.61392	3.33806	1.9	3.57737</FloatingPoint>
				<FloatingPoint size="20">	0.437458	0.718688	0.474456	0.987329	0.489875	0.427182	0.441417	0.961328	0.449366	0.714608	0.518455	0.608477	0.591746	0.15394	0.756514	0.484451	0.932647	0.87429	0.554478	0.504063</FloatingPoint>
			</Individual>
			<Individual size="2">
				<FitnessMax value="1.80595"/>
				<FloatingPoint size="50">	1.86534	1.78914	3.42263	4.35164	2.69198	2.70042	0.252503	2.52276	4.10177	3.62479	3.31179	3.08577	3.30725	3.78864	2.96542	3.47461	0.737585	2.41427	3.32407	3.47264	2.81446	3.31885	3.98363	3.58287	2.56065	4.5958	3.74347	3.47929	2.26248	3.29356	3.80149	4.63002	3.12947	3.95078	4.89408	2.75886	0.512082	2.61078	3.64495	4.65909	2.48934	0.552313	2.84283	3.74309	3.54887	2.8837	3.57698	3.04138	1.9031	2.8916</FloatingPoint>
				<FloatingPoint size="20">	0.428187	0.711128	0.476232	0.987329	0.500731	0.43216	0.44141	0.961328	0.418198	0.624173	0.492852	0.510474	0.579967	0.294044	0.756378	0.469989	0.932647	0.87429	0.464816	0.508965</FloatingPoint>
			</Individual>
			<Individual size="2">
				<FitnessMax value="1.80595"/>
				<FloatingPoint size="50">	3.98592	1.79994	3.65029	4.59461	2.73182	2.72483	0.223997	2.51468	4.10197	3.55979	4.02542	3.23295	3.61774	3.81117	3.30986	3.47445	0.738993	2.41433	3.32323	3.47502	2.75543	4.50611	3.72871	3.10757	3.19165	4.70401	4.12935	3.4417	3.95991	3.32833	3.8201	4.19633	3.03442	4.17792	4.94419	2.75888	0.514843	2.61078	3.64588	4.7333	2.48932	0.552313	2.82784	3.74184	3.54882	3.74541	2.06504	2.96916	1.88891	3.65305</FloatingPoint>
				<FloatingPoint size="20">	0.804996	0.121374	0.491345	0.987329	0.451895	0.392351	0.441408	0.961328	0.400429	0.57647	0.668943	0.0978493	0.568233	0.509466	0.756343	0.473693	0.932647	0.87429	0.48031	0.47994</FloatingPoint>
			</Individual>
			<Individual size="2">
				<FitnessMax value="1.80595"/>
				<FloatingPoint size="50">	4.82046	1.8049	3.52842	4.32488	2.72749	2.72975	0.270451	2.50605	4.10194	3.49107	3.85035	3.08577	3.51106	3.78864	3.66481	3.47461	0.739503	2.41421	3.32407	3.45875	2.89138	3.95556	3.8635	3.1153	3.12783	4.8277	4.32201	3.47929	2.16809	3.29356	3.80149	4.06991	2.99253	3.84602	4.89408	2.75887	0.51012	2.61078	3.64495	4.73375	2.48932	0.552313	2.83033	3.74309	3.54887	3.70596	0.708086	3.04138	1.88684	2.8916</FloatingPoint>
				<FloatingPoint size="20">	0.424389	0.723194	0.473158	0.987329	0.509948	0.406481	0.44141	0.961328	0.424711	0.674829	0.460369	0.61495	0.604511	0.500091	0.756301	0.482883	0.932647	0.87429	0.42926	0.539172</FloatingPoint>
			</Individual>
			<Individual size="2">
				<FitnessMax value="1.80595"/>
				<FloatingPoint size="50">	4.53617	1.80129	3.50568	4.33898	3.02864	2.72965	0.277046	2.52185	4.15069	3.59271	3.71025	3.29125	3.54754	0.169528	3.01233	3.47433	0.737678	2.41436	3.32051	3.46676	2.48133	3.9536	4.09165	3.77934	2.65214	4.47816	3.90071	3.45877	2.2117	3.45881	3.57381	3.86052	3.0905	3.68013	4.84022	2.75887	0.517717	2.61078	3.64656	4.72707	2.4893	0.552313	2.83246	3.74197	3.45762	3.53873	3.5847	3.2491	1.90233	2.93332</FloatingPoint>
				<FloatingPoint size="20">	0.496004	0.0879145	0.478568	0.987329	0.496142	0.443891	0.441414	0.961328	0.441644	0.594365	0.486143	0.640636	0.596272	0.515944	0.756489	0.478246	0.932647	0.87429	0.559045	0.541342</FloatingPoint>
			</Individual>
			<Individual size="2">
				<FitnessMax value="1.80595"/>
				<FloatingPoint size="50">	4.82046	1.8049	3.52842	4.32488	2.72749	2.72975	0.270451	2.50605	4.10194	3.49107	3.85035	3.08577	3.51106	3.78864	3.66481	3.47461	0.739503	2.41421	3.32407	3.45875	2.89138	3.95556	3.8635	3.1153	3.12783	4.8277	4.32201	3.47929	2.16809	3.29356	3.80149	4.06991	2.99253	3.84602	4.89408	2.75887	0.51012	2.61078	3.64495	4.73375	2.48932	0.552313	2.83033	3.74309	3.54887	3.70596	0.708086	3.04138	1.88684	2.8916</FloatingPoint>
				<FloatingPoint size="20">	0.287287	0.704149	0.469	0.987329	0.506748	0.417236	0.441408	0.961328	0.429698	0.57467	0.484953	0.63656	0.55942	0.532026	0.756215	0.474862	0.932647	0.87429	0.397985	0.49504</FloatingPoint>
			</Individual>
			<Individual size="2">
				<FitnessMax value="1.80595"/>
				<FloatingPoint size="50">	3.15138	1.80024	3.63434	4.33053	2.71567	2.73539	0.201443	2.52317	4.10208	3.49694	2.73091	3.36398	3.40305	3.8829	2.915	3.47532	0.738876	2.41445	3.3276	3.46382	2.41505	4.81498	4.10555	3.42583	3.34475	4.52999	5.81408	3.57872	2.15435	3.44083	3.8511	4.31983	2.91556	4.01031	4.95144	2.75888	0.51896	2.61078	3.64994	4.70459	2.48926	0.552313	2.83401	3.73936	3.54882	5.32461	3.41444	2.83004	2.68753	3.99901</FloatingPoint>
				<FloatingPoint size="20">	0.511892	0.703037	0.474316	0.987329	0.536613	0.610347	0.441442	0.961328	0.451488	0.590446	0.500683	0.705633	0.569742	0.544445	0.757315	0.488103	0.932647	0.87429	0.624451	0.580769</FloatingPoint>
			</Individual>
			<Individual size="2">
				<FitnessMax value="1.80595"/>
				<FloatingPoint size="50">	3.0699	1.79782	3.49726	4.34166	2.71812	2.7256	0.274808	2.52262	4.15382	3.51877	3.52773	1.93709	3.47517	3.80866	3.0025	3.47444	0.738162	2.41436	3.3219	3.46732	2.89597	4.34361	3.91532	3.22994	1.61735	4.52228	3.88672	3.40812	2.18435	3.42352	3.73689	4.36001	3.10746	3.361	4.89862	2.75887	0.518823	2.61078	3.64692	4.72899	2.48931	0.552313	2.83033	3.73775	3.54886	3.87404	3.56859	2.89219	1.94048	3.32797</FloatingPoint>
				<FloatingPoint size="20">	0.694418	0.699953	0.474614	0.987329	0.510028	0.39928	0.441409	0.961328	0.447718	0.589052	0.527848	0.637378	0.566824	0.484148	0.756416	0.487446	0.932647	0.87429	0.456344	0.487834</FloatingPoint>
			</Individual>
			<Individual size="2">
				<FitnessMax value="1.80595"/>
				<FloatingPoint size="50">	5.55375	1.78881	3.50676	4.33685	2.73151	2.72722	0.200074	2.52232	4.14169	3.63601	3.40182	3.30294	3.53499	3.92937	2.8901	3.47415	0.737859	2.41441	3.31937	3.48652	2.5155	3.96249	4.03635	3.42118	2.74964	4.55874	3.91745	3.46807	2.5809	3.4719	3.40455	4.33526	3.1178	3.42452	4.88941	2.75887	0.518739	2.61078	3.64742	4.73033	2.48932	0.552313	2.83524	3.73676	3.54867	4.0685	3.40475	2.89332	1.90491	5.74415</FloatingPoint>
				<FloatingPoint size="20">	0.740537	0.69556	0.481062	0.987329	0.503306	0.394825	0.441409	0.961328	0.424887	0.571865	0.484763	0.639006	0.553429	0.512273	0.756442	0.469831	0.932647	0.87429	0.0782906	0.507818</FloatingPoint>
			</Individual>
			<Individual size="2">
				<FitnessMax value="1.80595"/>
				<FloatingPoint size="50">	3.18994	1.80229	4.14437	4.33163	2.73033	2.72715	0.20024	2.52298	4.12183	3.6239	3.74546	3.0354	3.58908	3.93476	2.94603	3.47421	0.737698	2.41443	3.32304	3.48459	2.80495	4.99525	3.95023	3.28838	3.26339	4.55874	3.81319	3.41982	1.47146	3.38526	3.55953	4.33313	3.11347	3.81822	4.9078	2.75887	0.518713	2.61078	3.64399	4.73345	2.48932	0.552313	2.82699	3.73751	3.4513	4.04568	3.52654	2.75556	1.89578	3.29101</FloatingPoint>
				<FloatingPoint size="20">	0.804996	0.121374	0.491345	0.987329	0.416657	0.376365	0.441408	0.961328	0.381627	0.577627	0.787141	0.638929	0.573894	0.494973	0.756425	0.472943	0.932647	0.87429	0.533197	0.47024</FloatingPoint>
			</Individual>
			<Individual size="2">
				<FitnessMax value="1.80595"/>
				<FloatingPoint size="50">	1.30148	1.78392	3.52478	4.33217	2.72127	2.7263	0.214633	2.52258	4.10195	3.61363	4.06394	3.29751	3.49691	3.89233	2.61319	3.47456	0.73829	2.41439	3.32103	3.47734	2.69108	4.13427	4.02005	3.18542	2.82275	4.07804	4.2201	3.40826	2.62799	3.35644	3.66578	4.23408	3.03268	4.34766	4.92793	2.75888	0.517789	2.61078	3.64724	4.73242	2.48931	0.552313	2.82503	3.74211	3.54881	3.96939	3.96275	2.8747	1.95121	3.67667</FloatingPoint>
				<FloatingPoint size="20">	0.529614	0.696941	0.469141	0.987329	0.474565	0.365154	0.441422	0.961328	0.403931	0.978112	0.700316	0.552761	0.64233	0.515966	0.756524	0.488208	0.932647	0.87429	0.601223	0.57625</FloatingPoint>
			</Individual>
			<Individual size="2">
				<FitnessMax value="1.80595"/>
				<FloatingPoint size="50">	1.80321	1.77813	3.504	4.3277	2.73855	2.72685	0.180924	2.5142	4.10196	3.60278	4.01072	3.36445	3.50759	4.07449	3.05737	3.47481	0.739464	2.41421	3.32035	3.44463	2.86545	3.83117	4.28783	3.54403	2.81586	4.68623	4.01644	3.52764	1.84804	3.2459	3.82464	4.45376	3.20804	4.13886	4.88687	2.75887	0.518652	2.61078	3.65207	4.73974	2.48931	0.552313	2.83186	3.74342	3.54885	3.21717	5.61809	2.22012	1.78542	2.30228</FloatingPoint>
				<FloatingPoint size="20">	0.377586	0.704098	0.47759	0.987329	0.515246	0.437765	0.441427	0.961328	0.430698	0.825114	0.504834	0.599695	0.567236	0.535054	0.755954	0.447206	0.932647	0.87429	0.552829	0.565736</FloatingPoint>
			</Individual>
			<Individual size="2">
				<FitnessMax value="1.80595"/>
				<FloatingPoint size="50">	1.87428	1.80019	3.56343	4.33759	2.80623	2.72767	0.194637	2.52455	4.07424	3.55111	2.89824	3.36238	3.66871	3.91323	2.97759	3.47807	0.738288	2.41445	3.32109	3.45559	2.45373	4.01234	4.03431	3.27369	2.62998	4.53127	5.42248	3.41422	2.07338	3.50722	3.87586	4.2813	3.03611	4.26743	4.87541	2.75887	0.51856	2.61078	3.6494	4.72131	2.48929	0.552313	2.81981	3.74279	3.5488	2.78037	3.38212	2.83054	2.46101	3.7257</FloatingPoint>
				<FloatingPoint size="20">	0.287287	0.196501	0.475393	0.987329	0.54921	0.411242	0.441432	0.961328	0.457684	0.653196	0.527948	0.554321	0.586269	0.532248	0.756304	0.481728	0.932647	0.87429	0.526013	0.526881</FloatingPoint>
			</Individual>
			<Individual size="2">
				<FitnessMax value="1.80595"/>
				<FloatingPoint size="50">	3.14427	1.79343	3.51909	4.33717	2.72095	2.73609	0.186672	2.52211	4.15046	3.61871	3.84724	3.31387	3.70265	3.93048	2.91019	3.47408	0.737787	2.41442	3.31977	3.49475	2.58011	3.91596	4.03664	3.21852	2.66098	4.41261	3.84918	3.42625	2.0793	3.47437	3.40157	4.35612	3.1091	3.40177	4.95456	2.75888	0.519519	2.61078	3.64701	4.73208	2.48932	0.552313	2.83151	3.73777	3.54872	4.06755	3.4017	2.89166	1.90207	3.9995</FloatingPoint>
				<FloatingPoint size="20">	0.43445	0.705465	0.479741	0.987329	0.507949	0.435264	0.441406	0.961328	0.432431	0.744209	0.505937	0.616526	0.58016	0.346698	0.756426	0.47433	0.932647	0.87429	0.340918	0.504302</FloatingPoint>
			</Individual>
			<Individual size="2">
				<FitnessMax value="1.80595"/>
				<FloatingPoint size="50">	1.30148	1.78392	3.52478	4.33217	2.72127	2.7263	0.214633	2.52258	4.10195	3.61363	4.06394	3.29751	3.49691	3.89233	2.61319	3.47456	0.73829	2.41439	3.32103	3.47734	2.69108	4.13427	4.02005	3.18542	2.82275	4.07804	4.2201	3.40826	2.62799	3.35644	3.66578	4.23408	3.03268	4.34766	4.92793	2.75888	0.517789	2.61078	3.64724	4.73242	2.48931	0.552313	2.82503	3.74211	3.54881	3.96939	3.96275	2.8747	1.95121	3.67667</FloatingPoint>
				<FloatingPoint size="20">	0.529614	0.696941	0.469141	0.987329	0.474565	0.365154	0.441422	0.961328	0.403931	0.978112	0.700316	0.552761	0.64233	0.515966	0.756524	0.488208	0.932647	0.87429	0.520256	0.57625</FloatingPoint>
			</Individual>
			<Individual size="2">
				<FitnessMax value="1.80595"/>
				<FloatingPoint size="50">	4.53617	1.80129	3.50568	4.33898	2.72153	2.72965	0.257683	2.52273	4.13547	3.609	3.85299	3.31598	3.55401	3.9041	2.92165	3.47429	0.737761	2.41431	3.32064	3.46686	1.22492	3.97987	3.80626	3.28816	2.12408	4.4767	3.93224	3.4605	2.18447	3.44428	3.61066	3.12969	3.09303	4.15526	4.89973	2.75887	0.518067	2.61078	3.64658	4.73365	2.48931	0.552313	2.83101	3.74112	3.47274	3.66852	3.55677	3.18513	1.90209	3.58595</FloatingPoint>
				<FloatingPoint size="20">	0.736677	0.69622	0.480948	0.987329	0.504047	0.393256	0.441409	0.961328	0.426193	0.571905	0.484873	0.639228	0.553695	0.71966	0.756442	0.470058	0.932647	0.87429	0.0846508	0.507767</FloatingPoint>
			</Individual>
			<Individual size="2">
				<FitnessMax value="1.80595"/>
				<FloatingPoint size="50">	4.53617	1.80129	3.50568	4.33898	2.72153	2.72965	0.277046	2.52185	4.15069	3.59271	3.71025	3.29125	3.54754	3.84363	3.01233	3.47421	0.737501	2.41436	3.31987	3.4683	2.49252	3.99696	4.07263	3.32369	1.84195	4.43486	3.62201	3.43226	2.19885	3.46461	3.53317	4.33753	3.11124	3.5456	4.84173	2.75887	0.517656	2.61078	3.64677	4.73506	2.48931	0.552313	2.83067	3.74168	3.43817	3.47941	3.61392	3.33806	1.9	3.57737</FloatingPoint>
				<FloatingPoint size="20">	0.496004	0.0879145	0.478568	0.987329	0.496142	0.443891	0.441414	0.961328	0.441644	0.594365	0.486143	0.605653	0.596272	0.515944	0.756489	0.478246	0.932647	0.87429	0.559045	0.541342</FloatingPoint>
			</Individual>
			<Individual size="2">
				<FitnessMax value="1.80595"/>
				<FloatingPoint size="50">	3.15268	1.78504	3.54204	4.33318	2.72707	2.71302	0.215101	2.52464	4.102	3.64484	4.16691	3.37036	3.56826	3.7253	2.72224	3.47449	0.738332	2.41421	3.32234	3.46368	2.58777	3.94229	3.22049	3.21003	2.74453	4.56872	4.61448	3.52261	2.15283	3.39957	3.78108	0.47351	3.05299	5.49596	5.02728	2.75887	0.518972	2.61078	3.64617	4.73056	2.48929	0.552313	2.83178	3.73987	3.54878	4.08439	3.43109	2.84883	1.90668	3.60483</FloatingPoint>
				<FloatingPoint size="20">	0.740537	0.686642	0.476327	0.987329	0.542638	0.49344	0.441399	0.961328	0.405886	0.588577	0.491277	0.617816	0.600548	0.501609	0.756517	0.482134	0.932647	0.87429	0.56411	0.551867</FloatingPoint>
			</Individual>
			<Individual size="2">
				<FitnessMax value="1.80595"/>
				<FloatingPoint size="50">	3.0699	1.79678	3.5336	4.34323	2.71734	2.74252	0.173837	2.52135	4.16361	3.59505	3.84766	3.35817	3.54963	3.94496	2.96378	3.474	0.737627	2.41442	3.32034	3.50051	2.93998	3.91526	4.05572	3.18675	2.65348	4.36907	3.84491	3.394	2.05053	3.47537	3.36744	4.37089	3.10549	3.38787	4.99197	2.75888	0.519552	2.61078	3.6468	4.7352	2.48932	0.552313	2.82681	3.74013	3.54879	4.06292	3.38888	2.8915	1.89849	3.51096</FloatingPoint>
				<FloatingPoint size="20">	0.447065	0.689188	0.472821	0.987329	0.48899	0.498589	0.44142	0.961328	0.402932	0.5931	0.484641	0.629369	0.64159	0.515906	0.756525	0.488209	0.932647	0.87429	0.494763	0.581513</FloatingPoint>
			</Individual>
			<Individual size="2">
				<FitnessMax value="1.80595"/>
				<FloatingPoint size="50">	5.31973	1.80129	4.40216	4.33874	2.82864	2.72965	0.277046	2.52185	4.15047	3.61959	3.57035	3.29952	3.54466	3.93845	3.01217	3.47458	0.737509	2.4144	3.32076	3.47688	2.46752	3.8983	4.13364	5.28508	2.02869	4.61308	5.05503	3.52669	2.30679	3.44134	3.5878	4.01738	3.04639	4.11046	4.84166	2.75887	0.518382	2.61078	3.64574	4.71411	2.4893	0.552313	2.83837	3.73787	3.50086	3.87946	3.491	2.85795	1.90035	3.55341</FloatingPoint>
				<FloatingPoint size="20">	0.551055	0.451228	0.478672	0.987329	0.768015	0.395424	0.441411	0.961328	0.427409	0.670639	0.533142	0.623703	0.582495	0.503572	0.756443	0.476031	0.932647	0.87429	0.563102	0.541937</FloatingPoint>
			</Individual>
			<Individual size="2">
				<FitnessMax value="1.80595"/>
				<FloatingPoint size="50">	3.09497	1.79717	3.68556	4.34251	2.71845	2.74816	0.158487	2.52172	4.17927	3.59134	3.94128	3.37025	3.5028	3.95256	2.97647	3.47405	0.737624	2.41442	3.32027	3.49453	3.02988	3.7615	4.10386	3.22767	2.93254	4.31885	3.85734	3.42344	2.10628	3.4926	3.24225	4.44652	3.09269	3.30181	5.03967	2.75888	0.520076	2.61078	3.64681	4.73321	2.48931	0.552313	2.82455	3.73979	3.54879	4.11302	3.37412	2.87313	1.87929	3.50543</FloatingPoint>
				<FloatingPoint size="20">	0.447065	0.689188	0.472821	0.987329	0.48899	0.498589	0.44142	0.961328	0.402932	0.5931	0.484641	0.629369	0.64159	0.515906	0.756525	0.488209	0.932647	0.87429	0.494763	0.581513</FloatingPoint>
			</Individual>
			<Individual size="2">
				<FitnessMax value="1.80595"/>
				<FloatingPoint size="50">	2.97238	1.79525	2.94243	4.34604	2.71303	2.72057	0.233552	2.5228	4.10271	3.60945	3.48347	3.31117	3.36746	3.91538	2.9144	3.47418	0.737639	2.41438	3.32005	3.47726	2.59024	4.51343	3.86842	3.34594	1.56784	4.56445	3.79652	3.27949	2.26741	3.40834	3.85445	4.07667	3.15526	3.72269	4.80641	2.75887	0.517513	2.61078	3.64684	4.72747	2.48934	0.552313	2.83562	3.74149	3.54878	3.868	3.44631	2.96294	1.97317	3.53248</FloatingPoint>
				<FloatingPoint size="20">	0.421186	0.719118	0.471123	0.987329	0.499837	0.429627	0.441407	0.961328	0.451511	0.584325	0.493349	0.560105	0.571139	0.40808	0.756068	0.483648	0.932647	0.87429	0.572836	0.465905</FloatingPoint>
			</Individual>
			<Individual size="2">
				<FitnessMax value="1.80595"/>
				<FloatingPoint size="50">	3.0699	1.79678	3.5336	4.34323	2.71734	2.74252	0.173837	2.52135	4.16361	3.59505	3.84766	3.35817	3.54963	3.94496	2.96378	3.474	0.737627	2.41442	3.32034	3.50051	2.93998	3.91526	4.05572	3.18675	2.65348	4.36907	3.84491	3.394	2.05053	3.47537	3.36744	4.37089	3.10549	3.38787	4.99197	2.75888	0.519552	2.61078	3.6468	4.7352	2.48932	0.552313	2.82681	3.74013	3.54879	4.06292	3.38888	2.8915	1.89849	3.51096</FloatingPoint>
				<FloatingPoint size="20">	0.454975	0.717848	0.479092	0.987329	0.485754	0.413553	0.441419	0.961328	0.571681	0.593198	0.480665	0.607934	0.64367	0.483554	0.75648	0.488211	0.932647	0.87429	0.716863	0.580949</FloatingPoint>
			</Individual>
			<Individual size="2">
				<FitnessMax value="1.80595"/>
				<FloatingPoint size="50">	2.98829	1.80084	3.53101	4.33406	2.72241	2.7356	0.222144	2.5137	4.13278	3.54306	3.56657	3.34874	3.53034	3.83268	3.01185	3.47445	0.738565	2.41431	3.32024	3.47963	2.91568	3.93541	3.95961	3.15103	2.89065	4.48293	4.08346	1.98276	2.10931	3.42167	3.58099	4.2204	3.04901	3.61694	5.02146	2.75888	0.514836	2.61078	3.64776	4.73448	2.48932	0.552313	2.82857	3.74187	3.54887	3.88444	2.04848	2.93488	1.89267	3.0804</FloatingPoint>
				<FloatingPoint size="20">	0.454975	0.717848	0.479092	0.987329	0.485754	0.413553	0.441419	0.961328	0.571681	0.593198	0.480665	0.607934	0.64367	0.483554	0.75648	0.488211	0.932647	0.87429	0.716863	0.580949</FloatingPoint>
			</Individual>
			<Individual size="2">
				<FitnessMax value="1.80595"/>
				<FloatingPoint size="50">	4.53617	1.80129	3.50568	4.33898	2.72153	2.72965	0.277046	2.52185	4.15069	3.59271	3.71025	3.29125	3.54754	3.98541	3.01233	3.47421	0.737501	2.41436	3.31987	3.4683	2.49252	3.99696	4.07263	3.32369	2.67114	4.43486	3.62201	3.43226	2.19885	3.46461	3.53317	4.33753	3.11124	3.5456	4.84173	2.75887	0.517656	2.61078	3.64677	4.73506	2.48931	0.552313	2.83067	3.74168	3.43817	3.47941	3.61392	3.33806	1.9	3.57737</FloatingPoint>
				<FloatingPoint size="20">	0.421186	0.719118	0.471123	0.987329	0.499837	0.429627	0.441407	0.961328	0.451511	0.584325	0.488674	0.614993	0.587444	0.478056	0.756342	0.480143	0.932647	0.87429	0.563889	0.514845</FloatingPoint>
			</Individual>
			<Individual size="2">
				<FitnessMax value="1.80595"/>
				<FloatingPoint size="50">	2.90049	1.80892	3.55471	4.31042	2.72062	2.73128	0.336946	2.49029	4.12071	3.39738	4.38603	2.90009	3.11072	3.61118	4.26225	3.47399	0.741047	2.41435	3.32799	3.4678	3.15035	3.95186	3.74512	3.00774	4.07043	5.15141	4.91283	3.52712	2.22296	3.47747	3.99355	3.96011	3.06369	3.47795	4.94264	2.75888	0.502925	2.61078	3.64492	4.74214	2.48932	0.552313	2.83105	3.74426	3.60039	4.23878	0.218192	3.15249	1.86628	3.35943</FloatingPoint>
				<FloatingPoint size="20">	0.421186	0.720016	0.467952	0.987329	0.513111	0.421836	0.441405	0.961328	0.451775	0.574721	0.485857	0.629905	0.564162	0.54153	0.755802	0.482831	0.932647	0.87429	0.409576	0.460351</FloatingPoint>
			</Individual>
			<Individual size="2">
				<FitnessMax value="1.80595"/>
				<FloatingPoint size="50">	2.7512	1.80137	3.90798	4.34137	2.72996	2.72101	0.276428	2.52262	4.1027	3.59442	3.47723	1.70539	3.82612	3.9392	3.00552	3.47433	0.73803	2.41435	3.32306	3.4665	2.8961	5.01128	3.93996	3.2397	4.29115	4.20587	3.85155	3.312	2.17628	3.46212	3.63841	4.22318	3.08408	3.81993	4.85617	2.75886	0.516576	2.61078	3.64739	4.72986	2.48931	0.552313	2.8286	3.74205	3.49705	3.83865	3.0661	2.84342	1.92612	3.20009</FloatingPoint>
				<FloatingPoint size="20">	0.740537	0.69556	0.481062	0.987329	0.503306	0.394825	0.441409	0.961328	0.424887	0.571865	0.484763	0.639006	0.553429	0.512273	0.756442	0.469831	0.932647	0.87429	0.0782906	0.507818</FloatingPoint>
			</Individual>
			<Individual size="2">
				<FitnessMax value="1.80595"/>
				<FloatingPoint size="50">	4.82046	1.80104	3.54746	4.3442	2.7299	2.72657	0.229971	2.52206	4.11041	3.60398	3.81855	3.29679	3.58061	3.97924	2.94823	3.47407	0.737537	2.41436	3.32236	3.48374	2.61002	3.92861	3.7718	3.32724	2.04766	4.55796	3.65487	3.42786	2.11346	3.42946	3.64035	4.0763	3.18291	3.60054	4.95543	2.75887	0.517486	2.61078	3.64674	4.73183	2.48931	0.552313	2.82837	3.7424	3.48798	3.49411	3.57485	3.32583	2.13878	3.39759</FloatingPoint>
				<FloatingPoint size="20">	0.421186	0.719118	0.471123	0.987329	0.499837	0.429627	0.441407	0.961328	0.451511	0.584325	0.488674	0.614993	0.587444	0.478056	0.756342	0.480143	0.932647	0.87429	0.563889	0.514845</FloatingPoint>
			</Individual>
			<Individual size="2">
				<FitnessMax value="1.80595"/>
				<FloatingPoint size="50">	3.06036	1.79033	3.48421	4.34925	2.70125	2.73329	0.317949	2.52282	4.10198	3.64717	3.38254	3.20868	3.39107	3.79421	2.91671	3.4748	0.738289	2.41437	3.31909	3.47539	2.31257	3.85046	4.13028	3.24302	1.91243	4.1445	3.91518	3.41399	2.71126	3.35609	3.81881	4.13544	3.10827	4.26988	4.86189	2.75887	0.517616	2.61078	3.64704	4.73142	2.48934	0.552313	2.82669	3.74324	3.54883	3.89242	3.83975	2.96432	1.9631	3.42015</FloatingPoint>
				<FloatingPoint size="20">	0.635075	0.696251	0.475101	0.987329	0.956553	0.37999	0.441415	0.961328	0.414409	0.774988	0.592539	0.595883	0.597879	0.545653	0.756126	0.488204	0.932647	0.87429	0.622757	0.512243</FloatingPoint>
			</Individual>
			<Individual size="2">
				<FitnessMax value="1.80595"/>
				<FloatingPoint size="50">	1.7784	1.77791	3.5038	4.32772	2.73864	2.72683	0.180188	2.51427	4.10196	3.6037	4.01204	3.36466	3.50756	4.07741	3.05237	3.47481	0.739464	2.41421	3.32035	3.44452	2.86523	3.83015	4.29132	3.54755	2.8133	4.68696	4.01393	3.55195	1.84541	3.2449	3.82439	4.45692	3.20982	4.14127	4.88552	2.75887	0.518722	2.61078	3.65209	4.73969	2.48931	0.552313	2.83187	3.74342	3.54885	3.21315	5.65847	2.21388	1.78458	2.29942</FloatingPoint>
				<FloatingPoint size="20">	0.377586	0.704098	0.47759	0.987329	0.515246	0.437765	0.441427	0.961328	0.430698	0.825114	0.504834	0.599695	0.567236	0.535054	0.755954	0.447206	0.932647	0.87429	0.552829	0.565736</FloatingPoint>
			</Individual>
			<Individual size="2">
				<FitnessMax value="1.80595"/>
				<FloatingPoint size="50">	2.81732	1.78963	4.00215	4.33026	2.72732	2.71609	0.260091	2.52387	4.09537	3.71798	4.80426	2.17191	3.93806	3.81063	2.92143	3.47405	0.738753	2.41437	3.32057	3.47122	2.38856	5.95296	3.32982	2.99235	4.86374	6.60723	3.96522	3.40033	6.02815	3.30205	3.87219	4.27282	3.04643	5.09343	5.0692	2.75889	0.520157	2.61078	3.6467	4.73649	2.48933	0.552313	2.82161	3.74008	3.54875	3.70077	3.02261	2.96761	1.85003	5.26573</FloatingPoint>
				<FloatingPoint size="20">	0.571953	0.695794	0.474189	0.987329	0.477334	0.376851	0.441419	0.961328	0.276878	0.574209	0.520228	0.61208	0.632059	0.529408	0.756238	0.487508	0.932647	0.87429	0.612541	0.55565</FloatingPoint>
			</Individual>
			<Individual size="2">
				<FitnessMax value="1.80595"/>
				<FloatingPoint size="50">	4.53617	1.80129	3.50568	4.33898	4.46933	2.72965	0.277046	2.52185	4.15069	3.59271	3.71025	3.29125	3.54754	3.98541	3.01233	3.47421	0.737501	2.41436	3.31987	3.4683	0.605189	3.99696	4.07263	3.32369	1.84195	4.43486	3.62201	3.43226	2.19885	3.46461	3.53317	4.33753	3.11124	3.5456	4.84173	2.75887	0.517656	2.61078	3.64677	4.73506	2.48931	0.552313	2.83067	3.74168	3.43817	3.47941	3.61392	3.33806	1.9	3.57737</FloatingPoint>
				<FloatingPoint size="20">	0.437458	0.718688	0.473189	0.987329	0.544414	0.295347	0.441413	0.961328	0.415352	0.85624	0.63833	0.575095	0.627598	0.453744	0.756502	0.485783	0.932647	0.87429	0.557679	0.55859</FloatingPoint>
			</Individual>
			<Individual size="2">
				<FitnessMax value="1.15489"/>
				<FloatingPoint size="50">	4.53617	1.80129	3.50568	4.33898	2.72153	2.72965	0.277046	2.52185	4.15069	3.59271	3.71025	3.29125	3.54754	3.98541	3.01233	3.47421	0.737501	2.41436	3.31987	2.71532	2.49252	3.99696	4.07263	3.32369	1.84195	4.43486	3.62201	3.43226	2.19885	3.46461	3.53317	4.33753	3.11124	3.5456	4.84173	2.75887	0.517656	2.61078	3.64677	4.73506	2.48931	0.552313	2.83067	3.74168	3.43817	3.47941	3.61392	3.33806	1.9	3.57737</FloatingPoint>
				<FloatingPoint size="20">	0.508254	0.447579	0.47483	0.987329	0.478952	0.404468	0.44142	0.961328	0.425128	0.870077	0.586961	0.593558	0.597563	0.515962	0.756518	0.483261	0.932647	0.87429	0.569758	0.550614</FloatingPoint>
			</Individual>
			<Individual size="2">
				<FitnessMax value="1.80595"/>
				<FloatingPoint size="50">	1.80321	1.77813	3.504	4.3277	2.73855	2.72685	0.180924	2.5142	4.10196	3.60278	4.01072	3.36445	3.50759	4.07449	3.05737	3.47481	0.739464	2.41421	3.32035	3.44463	2.86545	3.83117	4.28783	3.54403	2.81586	4.68623	4.01644	3.52764	1.84804	3.2459	3.82464	4.45376	3.20804	4.13886	4.88687	2.75887	0.518652	2.61078	3.65207	4.73974	2.48931	0.552313	2.83186	3.74342	3.54885	3.21717	5.61809	2.22012	1.78542	2.30228</FloatingPoint>
				<FloatingPoint size="20">	0.287287	0.711055	0.479335	0.987329	0.512716	0.437273	0.441406	0.961328	0.417568	0.974452	0.49998	0.612816	0.593582	0.534085	0.75618	0.42737	0.932647	0.87429	0.579244	0.504047</FloatingPoint>
			</Individual>
			<Individual size="2">
				<FitnessMax value="1.80595"/>
				<FloatingPoint size="50">	4.82046	1.8049	3.52842	4.32488	2.72749	2.72975	0.270451	2.50605	4.10194	3.49107	3.85035	3.33931	3.51106	3.7204	3.66481	3.47438	0.739503	2.41421	3.32013	3.45875	2.89138	3.95556	3.8635	3.1153	3.12783	4.59679	4.32201	0.571514	2.16809	3.36797	3.79454	4.06991	2.99253	3.84602	5.05096	2.75887	0.51012	2.61078	3.64872	4.73375	2.48932	0.552313	2.83033	3.7436	3.54895	3.70596	0.708086	2.97827	1.88684	2.64983</FloatingPoint>
				<FloatingPoint size="20">	0.493324	0.714919	0.480868	0.987329	0.500386	0.437784	0.441412	0.961328	0.469488	0.590057	0.49982	0.59056	0.584825	0.499086	0.756528	0.478646	0.932647	0.87429	0.492418	0.496905</FloatingPoint>
			</Individual>
			<Individual size="2">
				<FitnessMax value="1.80595"/>
				<FloatingPoint size="50">	3.01385	1.79994	3.46819	4.34299	2.83177	2.72106	0.174047	2.52716	4.07377	3.64732	3.10169	3.36008	3.97658	3.98732	2.97769	3.48084	0.737986	2.41444	3.31965	3.44614	2.96848	3.90665	3.91899	2.36857	2.51751	4.54376	3.83039	3.40537	2.04644	3.50874	3.91798	4.11774	3.06619	4.28283	4.82953	2.75886	0.518288	2.61078	3.64249	4.74429	2.48933	0.552313	2.81967	3.74297	3.54877	2.75893	3.35565	2.89137	1.91628	3.2904</FloatingPoint>
				<FloatingPoint size="20">	0.480269	0.468681	0.467643	0.987329	0.476984	0.401103	0.441416	0.961328	0.416441	0.589147	0.586403	0.582623	0.622368	0.302699	0.756442	0.484597	0.932647	0.87429	0.575313	0.545004</FloatingPoint>
			</Individual>
			<Individual size="2">
				<FitnessMax value="1.80595"/>
				<FloatingPoint size="50">	3.98592	1.79994	3.65029	4.59461	2.73182	2.72483	0.223997	2.51468	4.10197	3.55979	4.02542	3.23295	3.61774	3.81117	3.30986	3.47445	0.738993	2.41433	3.32323	3.47502	2.75543	4.50611	3.72871	3.10757	3.19165	4.70401	4.12935	3.4417	3.95991	3.32833	3.8201	4.19633	3.03442	4.17792	4.94419	2.75888	0.514843	2.61078	3.64588	4.7333	2.48932	0.552313	2.82784	3.74184	3.54882	3.74541	2.06504	2.96916	1.88891	3.65305</FloatingPoint>
				<FloatingPoint size="20">	0.287287	0.704149	0.469	0.987329	0.506748	0.417236	0.441408	0.961328	0.429698	0.57467	0.484953	0.63656	0.55942	0.532026	0.756215	0.474862	0.932647	0.87429	0.397985	0.49504</FloatingPoint>
			</Individual>
			<Individual size="2">
				<FitnessMax value="1.80595"/>
				<FloatingPoint size="50">	2.94414	1.80618	2.02692	4.34318	2.70225	2.73257	0.17462	2.52364	4.10201	3.56954	4.01545	3.34396	3.46476	3.62287	2.94182	3.47352	0.737925	2.41443	3.32324	3.47982	2.86232	3.79405	1.90413	3.50355	2.5984	4.64502	3.62672	2.45873	1.8725	3.33636	3.95669	3.78244	0.405358	3.91913	4.65825	2.75888	0.519186	2.61078	3.64669	4.71033	2.48934	0.552313	2.83985	3.74237	3.54885	4.76579	3.43503	2.86918	2.83816	3.01189</FloatingPoint>
				<FloatingPoint size="20">	0.46987	0.697969	0.47123	0.987329	0.543337	0.396091	0.441411	0.961328	0.424297	0.644173	0.572793	0.612476	0.584263	0.56865	0.756044	0.460863	0.932647	0.87429	0.62648	0.450439</FloatingPoint>
			</Individual>
			<Individual size="2">
				<FitnessMax value="1.80595"/>
				<FloatingPoint size="50">	3.15138	1.80024	3.63434	4.33053	2.71567	2.73539	0.201443	2.52317	4.10208	3.49694	2.73091	3.36398	3.40305	3.8829	2.915	3.47532	0.738876	2.41445	3.3276	3.46382	2.41505	4.81498	4.10555	3.42583	3.34475	4.52999	5.81408	3.57872	2.15435	3.44083	3.8511	4.31983	2.91556	4.01031	4.95144	2.75888	0.51896	2.61078	3.64893	4.70459	2.48926	0.552313	2.83401	3.73936	3.54882	5.32461	3.41444	2.83004	2.68753	3.99901</FloatingPoint>
				<FloatingPoint size="20">	0.441899	0.702537	0.476554	0.987329	0.535296	0.441973	0.441433	0.961328	0.46114	0.585608	0.505321	0.540189	0.546625	0.537643	0.755352	0.4882	0.932647	0.87429	0.526604	0.579694</FloatingPoint>
			</Individual>
			<Individual size="2">
				<FitnessMax value="1.15489"/>
				<FloatingPoint size="50">	3.0699	1.79678	3.5336	4.34323	2.71734	2.74252	0.173837	2.52135	4.16361	3.59505	3.84766	3.35817	3.54963	3.94496	2.96378	3.474	0.737627	2.41442	0.167113	3.50051	2.93998	3.91526	4.05572	3.18675	2.65348	4.36907	3.84491	3.394	2.05053	3.47537	3.36744	4.37089	3.10549	3.38787	4.99197	2.75888	0.519552	2.61078	3.6468	4.7352	2.48932	0.552313	2.82681	3.74013	3.54879	4.06292	3.38888	2.8915	1.89849	3.51096</FloatingPoint>
				<FloatingPoint size="20">	0.441339	0.688237	0.472412	0.987329	0.500386	0.437784	0.441412	0.961328	0.469488	0.590057	0.49982	0.59056	0.584825	0.499086	0.756528	0.478646	0.932647	0.87429	0.492418	0.496905</FloatingPoint>
			</Individual>
			<Individual size="2">
				<FitnessMax value="1.80595"/>
				<FloatingPoint size="50">	2.90669	1.8049	3.52842	4.32488	2.72749	2.72869	0.270451	2.50605	4.10194	3.49107	3.28548	3.33931	3.51106	3.7204	3.05991	3.47489	0.739503	2.41421	3.32013	3.45875	2.89138	3.95556	3.8635	3.1153	3.12783	4.59679	4.32201	0.571514	2.16809	3.36797	3.79454	4.06991	2.99253	3.84602	5.05096	2.75887	0.51012	2.61078	3.64872	4.73375	2.48932	0.552313	2.83033	3.7436	3.54895	3.70596	0.708086	2.97827	1.88684	2.64983</FloatingPoint>
				<FloatingPoint size="20">	0.740726	0.701558	0.469099	0.987329	0.493993	0.369379	0.441412	0.961328	0.427074	0.895226	0.486928	0.577823	0.579458	0.525993	0.756502	0.479608	0.932647	0.87429	0.492918	0.540642</FloatingPoint>
			</Individual>
			<Individual size="2">
				<FitnessMax value="1.80595"/>
				<FloatingPoint size="50">	2.90669	1.8049	3.52842	4.32488	2.72749	2.72869	0.270451	2.50605	4.10194	3.49107	3.28548	3.33931	3.51106	3.7204	3.05991	3.47489	0.739503	2.41421	3.32013	3.45875	2.84861	3.95556	3.8635	3.68924	2.78713	4.75877	4.32201	3.52317	2.16809	3.4524	3.59655	4.3042	3.13176	3.57288	4.87476	2.75887	0.518251	2.61078	3.64833	4.73341	2.48931	0.552313	2.83086	3.7421	3.46503	3.84589	4.14149	3.24318	1.90065	3.16525</FloatingPoint>
				<FloatingPoint size="20">	0.455149	0.611671	0.475808	0.987329	0.565887	0.433004	0.441404	0.961328	0.418704	0.737487	0.536643	0.593895	0.576504	0.458855	0.756513	0.48186	0.932647	0.87429	0.568998	0.518736</FloatingPoint>
			</Individual>
			<Individual size="2">
				<FitnessMax value="1.80595"/>
				<FloatingPoint size="50">	5.55375	1.78881	2.09524	4.33685	2.73151	2.72722	0.200074	2.52232	4.14169	3.63601	3.40182	3.30294	3.53499	3.92937	2.8901	3.47415	0.737859	2.41441	3.31937	3.48652	2.5155	3.96249	4.03635	3.42118	2.74964	4.55874	3.91745	3.46807	2.5809	3.4719	3.40455	4.33526	3.1178	3.42452	4.88941	2.75887	0.518739	2.61078	3.64742	4.73033	2.48932	0.552313	2.83524	3.73676	3.54867	4.0685	3.40475	2.89332	1.90491	5.74415</FloatingPoint>
				<FloatingPoint size="20">	0.565582	0.719405	0.479916	0.987329	0.49516	0.443873	0.441349	0.961328	0.419767	0.590779	0.507512	0.607261	0.598197	0.382339	0.756487	0.47825	0.932647	0.87429	0.689661	0.46897</FloatingPoint>
			</Individual>
			<Individual size="2">
				<FitnessMax value="1.80595"/>
				<FloatingPoint size="50">	5.55375	1.78881	3.50676	4.33685	2.73151	2.72722	0.200074	2.52232	4.14169	3.63601	3.40182	3.30294	3.53499	3.92937	2.8901	3.47415	0.737859	2.41441	3.31937	3.48652	2.5155	3.96249	4.03635	3.42118	2.74964	4.55874	3.91745	3.46807	2.5809	3.4719	3.40455	4.33526	3.1178	3.42452	4.88941	2.75887	0.518739	2.61078	3.64742	4.73033	2.48932	0.552313	2.83524	3.73676	3.54867	4.0685	3.40475	2.89332	1.90491	5.74415</FloatingPoint>
				<FloatingPoint size="20">	0.43445	0.705465	0.479741	0.987329	0.507949	0.435264	0.441406	0.961328	0.432431	0.744209	0.505937	0.616526	0.58016	0.346698	0.756426	0.47433	0.932647	0.87429	0.340918	0.504302</FloatingPoint>
			</Individual>
			<Individual size="2">
				<FitnessMax value="1.80595"/>
				<FloatingPoint size="50">	3.0699	1.79678	3.5336	4.34323	2.71734	2.74252	0.173837	2.52135	4.16361	3.59505	3.84766	3.35817	3.54963	3.94496	2.96378	3.474	0.737627	2.41442	3.32034	3.50051	2.93998	3.91526	4.05572	3.18675	2.65348	4.36907	3.84491	3.394	2.05053	3.47537	3.36744	4.37089	3.10549	3.38787	4.99197	2.75888	0.519552	2.61078	3.6468	4.7352	2.48932	0.552313	2.82681	3.74013	3.54879	4.06292	3.38888	2.8915	1.89849	3.51096</FloatingPoint>
				<FloatingPoint size="20">	0.441339	0.688237	0.472412	0.987329	0.511922	0.482062	0.4414	0.961328	0.42919	0.580994	0.487404	0.622568	0.584686	0.528021	0.756462	0.478763	0.932647	0.87429	0.50874	0.519918</FloatingPoint>
			</Individual>
			<Individual size="2">
				<FitnessMax value="1.80595"/>
				<FloatingPoint size="50">	5.55375	1.78881	3.50676	4.33685	2.73151	2.72722	0.200074	2.52232	4.14169	3.63601	3.40182	3.30294	3.53499	3.92937	2.8901	3.47415	0.737859	2.41441	3.31937	3.48652	2.5155	3.96249	4.03635	3.42118	2.74964	4.55874	3.91745	3.46807	2.5809	3.4719	3.40455	4.33526	3.1178	3.42452	4.88941	2.75887	0.518739	2.61078	3.64742	4.73033	2.48932	0.552313	2.83524	3.73676	3.54867	4.0685	3.40475	2.89332	1.90491	5.74415</FloatingPoint>
				<FloatingPoint size="20">	0.43445	0.705465	0.479741	0.987329	0.507949	0.435264	0.441406	0.961328	0.417637	0.770068	0.495002	0.623557	0.570039	0.515092	0.756349	0.465489	0.932647	0.87429	0.154352	0.504511</FloatingPoint>
			</Individual>
			<Individual size="2">
				<FitnessMax value="1.80595"/>
				<FloatingPoint size="50">	2.7512	1.80137	3.49665	4.34137	2.72557	2.72448	0.276428	2.52262	4.10995	3.52134	3.47723	1.93279	3.46852	3.80606	2.99499	3.47458	0.738159	2.41435	3.3246	3.46724	2.8961	3.98296	3.91026	3.22858	1.32893	4.20587	3.90251	3.40864	2.17628	3.43624	3.79755	4.21249	3.08086	3.81993	4.94282	2.75887	0.516576	2.61078	3.64739	4.72986	2.4893	0.552313	2.82995	3.74183	3.54885	3.83865	3.0661	2.85567	1.92612	3.20009</FloatingPoint>
				<FloatingPoint size="20">	0.421186	0.719118	0.471123	0.987329	0.499837	0.429627	0.441407	0.961328	0.451511	0.584325	0.493349	0.560105	0.571139	0.40808	0.756068	0.483648	0.932647	0.87429	0.572836	0.465905</FloatingPoint>
			</Individual>
			<Individual size="2">
				<FitnessMax value="1.80595"/>
				<FloatingPoint size="50">	1.87428	1.80019	3.56343	4.33759	2.80623	2.72767	0.194637	2.52455	4.07424	3.55111	2.89824	3.36238	3.66871	3.91323	2.97759	3.47807	0.738288	2.41445	3.32109	3.45559	2.45373	4.01234	4.03431	3.27369	2.62998	4.53127	5.42248	3.41422	2.07338	3.50722	3.87586	4.2813	3.03611	4.26743	4.87541	2.75887	0.51856	2.61078	3.6494	4.72131	2.48929	0.552313	2.81981	3.74279	3.5488	2.78037	3.38212	2.83054	2.46101	3.7257</FloatingPoint>
				<FloatingPoint size="20">	0.428187	0.711128	0.476232	0.987329	0.500731	0.43216	0.44141	0.961328	0.418198	0.624173	0.492852	0.510474	0.579967	0.294044	0.756378	0.469989	0.932647	0.87429	0.521273	0.508965</FloatingPoint>
			</Individual>
			<Individual size="2">
				<FitnessMax value="1.80595"/>
				<FloatingPoint size="50">	1.87428	1.80019	3.56343	4.33759	2.80623	2.72767	0.194637	2.52455	4.07424	3.55111	2.89824	3.36238	3.66871	3.91323	2.97759	3.47807	0.738288	2.41445	3.32109	3.45559	2.45373	4.01234	4.03431	3.27369	2.62998	4.53127	5.42248	3.41422	2.07338	3.50722	3.87586	4.2813	3.03611	4.26743	4.87541	2.75887	0.51856	2.61078	3.6494	4.72131	2.48929	0.552313	2.81981	3.74279	3.5488	2.78037	3.38212	2.83054	2.46101	3.7257</FloatingPoint>
				<FloatingPoint size="20">	0.287287	0.196501	0.475393	0.987329	0.54921	0.411242	0.441432	0.961328	0.457684	0.653196	0.527948	0.554321	0.675716	0.532248	0.756304	0.483642	0.932647	0.87429	0.526013	0.526881</FloatingPoint>
			</Individual>
			<Individual size="2">
				<FitnessMax value="0.725107"/>
				<FloatingPoint size="50">	5.55375	1.78881	3.50676	4.33685	2.73151	2.72722	0.200074	2.52232	4.14169	3.63601	3.40182	3.30294	3.53499	3.92937	2.8901	3.47415	2.62707	2.41441	3.31937	3.48652	2.5155	3.96249	4.03635	3.42118	2.74964	4.55874	3.91745	3.46807	2.5809	3.4719	3.40455	4.33526	3.1178	3.42452	4.88941	2.75887	0.518739	2.61078	3.64742	4.73033	2.48932	0.552313	2.83524	3.73676	3.54867	4.0685	3.40475	2.89332	1.90491	5.74415</FloatingPoint>
				<FloatingPoint size="20">	0.441339	0.698711	0.474339	0.987329	0.480828	0.352178	0.441409	0.961328	0.419777	0.581265	0.501278	0.636253	0.604078	0.618431	0.756442	0.4787	0.932647	0.87429	0.415103	0.514815</FloatingPoint>
			</Individual>
			<Individual size="2">
				<FitnessMax value="1.5099"/>
				<FloatingPoint size="50">	1.30148	1.79687	3.49951	4.33735	2.78993	2.7239	0.185073	2.52676	4.07879	3.64319	3.26308	3.35611	3.79999	3.95209	2.90069	3.4794	0.737973	2.41444	3.31938	3.45465	2.79219	3.92601	4.01119	3.39186	2.73918	4.5473	3.89498	3.44824	2.10002	3.50026	3.46769	4.12714	3.09169	4.22706	4.96531	2.75886	0.518466	2.61078	3.64739	4.73689	2.48932	0.552313	2.8259	3.74162	3.54877	3.44069	3.38355	2.89297	1.90844	4.77278</FloatingPoint>
				<FloatingPoint size="20">	0.434397	0.569121	0.464984	0.987329	0.489614	0.435053	0.441403	0.961328	0.415367	0.596461	0.512682	0.577608	0.614815	0.469452	0.75644	0.481819	0.893131	0.87429	0.588621	0.499445</FloatingPoint>
			</Individual>
			<Individual size="2">
				<FitnessMax value="1.80595"/>
				<FloatingPoint size="50">	6.96268	1.79346	3.51625	4.33887	2.72151	2.73182	0.246845	2.5221	4.15046	3.60075	3.74932	3.29608	3.65648	3.97082	2.91364	3.47413	0.737653	2.41437	3.31978	3.49255	1.11017	3.97297	4.04368	3.2472	1.88563	4.41519	3.66245	3.43099	2.12061	3.46982	3.50951	4.35481	3.11025	3.48923	4.94016	2.75888	0.519416	2.61078	3.64688	4.73493	2.48932	0.552313	2.83081	3.73992	3.49331	3.5987	3.60393	2.90623	1.90073	3.60899</FloatingPoint>
				<FloatingPoint size="20">	0.43445	0.705465	0.479741	0.987329	0.507949	0.435264	0.441406	0.961328	0.432431	0.744209	0.505937	0.616526	0.58016	0.346698	0.756426	0.47433	0.932647	0.87429	0.340918	0.504302</FloatingPoint>
			</Individual>
			<Individual size="2">
				<FitnessMax value="1.80595"/>
				<FloatingPoint size="50">	4.53617	1.80129	3.50568	4.33898	2.72153	2.72965	0.277046	2.52185	4.15069	3.59271	3.71025	3.29125	3.54754	3.98541	3.01233	3.47421	0.737501	2.41436	3.31987	3.4683	0.605189	3.99696	4.07263	3.32369	1.84195	4.43486	3.62201	3.43226	2.19885	3.46461	3.53317	4.33753	3.11124	3.5456	4.84173	2.75887	0.517656	2.61078	3.64677	4.73506	2.48931	0.552313	2.83067	3.74168	3.43817	3.47941	3.61392	3.33806	1.9	3.57737</FloatingPoint>
				<FloatingPoint size="20">	0.480269	0.468681	0.474456	0.987329	0.489875	0.427182	0.441417	0.961328	0.449366	0.714608	0.586403	0.608477	0.591746	0.739007	0.756514	0.484451	0.932647	0.87429	0.554478	0.545004</FloatingPoint>
			</Individual>
			<Individual size="2">
				<FitnessMax value="1.80595"/>
				<FloatingPoint size="50">	3.15138	1.79497	3.77216	4.33532	2.73614	2.71991	0.177542	2.5233	4.102	3.62851	4.20049	3.38014	3.72443	3.8337	2.9549	3.47429	0.738483	2.41444	3.3224	3.49129	2.61948	5.05666	3.59391	3.09983	3.25548	4.58032	3.93669	3.40411	5.75173	3.3631	3.83872	4.32275	3.07632	4.50982	4.9943	2.75888	0.519567	2.61078	3.6468	4.73285	2.48932	0.552313	2.82534	3.74059	3.54878	3.78486	3.422	2.89694	1.89098	4.4145</FloatingPoint>
				<FloatingPoint size="20">	0.493324	0.707937	0.467853	0.987329	0.520726	0.378996	0.44142	0.961328	0.512532	0.596386	0.484261	0.631005	0.594264	0.493723	0.756371	0.488131	0.932647	0.87429	0.631125	0.559743</FloatingPoint>
			</Individual>
			<Individual size="2">
				<FitnessMax value="1.80595"/>
				<FloatingPoint size="50">	4.53617	1.80129	3.50568	4.33898	2.72153	2.72965	0.277046	2.52185	4.15069	3.59271	3.71025	3.29125	3.54754	3.98541	3.01233	3.47421	0.737501	2.41436	3.31987	3.4683	2.49252	3.99696	4.07263	3.32369	2.67114	4.43486	3.62201	3.43226	2.19885	3.46461	3.53317	4.33753	3.11124	3.5456	4.84173	2.75887	0.517656	2.61078	3.64677	4.73506	2.48931	0.552313	2.83067	3.74168	3.43817	3.47941	3.61392	3.33806	1.9	3.57737</FloatingPoint>
				<FloatingPoint size="20">	0.496004	0.0879145	0.478568	0.987329	0.496142	0.443891	0.441414	0.961328	0.441644	0.594365	0.486143	0.640636	0.596272	0.515944	0.756489	0.478246	0.932647	0.87429	0.559045	0.541342</FloatingPoint>
			</Individual>
			<Individual size="2">
				<FitnessMax value="1.80595"/>
				<FloatingPoint size="50">	5.55375	1.80129	5.30205	4.33685	2.73151	2.72965	0.277046	2.52185	4.14169	3.63601	3.40182	3.30294	3.53499	3.92937	2.8901	3.47415	0.737501	2.41441	3.31937	3.48652	2.49252	3.99696	4.07263	3.42118	1.84195	4.55874	3.62201	3.43226	2.5809	3.46461	3.53317	4.33526	3.11124	3.5456	4.84173	2.75887	0.518739	2.61078	3.64677	4.73506	2.48932	0.552313	2.83067	3.73676	3.43817	4.0685	3.61392	2.89332	1.9	3.57737</FloatingPoint>
				<FloatingPoint size="20">	0.441339	0.724072	0.478712	0.987329	0.540421	0.352653	0.44141	0.961328	0.460369	0.765588	0.494027	0.645312	0.574873	0.500595	0.756383	0.484583	0.932647	0.87429	0.16362	0.504127</FloatingPoint>
			</Individual>
			<Individual size="2">
				<FitnessMax value="1.80595"/>
				<FloatingPoint size="50">	3.06036	1.79464	3.5644	4.35958	2.71454	2.71911	0.186303	2.5221	4.10202	3.59955	5.11217	3.26172	3.34438	3.89142	2.94279	3.47491	0.738509	2.41435	3.32348	3.45951	2.42888	3.75024	4.18087	5.91688	2.56298	4.6813	5.20811	3.58309	2.27195	3.4316	3.76449	1.62283	2.99324	4.31124	4.83314	2.75887	0.518002	2.61078	3.64557	4.68957	2.48927	0.552313	2.8409	3.74332	3.54886	3.81702	3.44763	2.83175	1.91325	3.26422</FloatingPoint>
				<FloatingPoint size="20">	0.373176	0.730912	0.471299	0.987329	0.542192	0.420485	0.441405	0.961328	0.426102	0.58958	0.492943	0.639118	0.641329	0.503299	0.756428	0.470338	0.932647	0.87429	0.649486	0.424032</FloatingPoint>
			</Individual>
			<Individual size="2">
				<FitnessMax value="1.80595"/>
				<FloatingPoint size="50">	1.86534	1.78914	3.42263	4.35164	2.69198	2.70042	0.252503	2.52276	4.10177	3.62479	3.31179	3.08577	3.30725	3.78864	2.96542	3.47461	0.737585	2.41427	3.32407	3.47264	2.81446	3.31885	3.98363	3.58287	2.56065	4.5958	3.74347	3.47929	2.26248	3.29356	3.80149	4.63002	3.12947	3.95078	4.89408	2.75886	0.512082	2.61078	3.64495	4.65909	2.48934	0.552313	2.84283	3.74309	3.54887	2.8837	3.57698	3.04138	1.9031	2.8916</FloatingPoint>
				<FloatingPoint size="20">	0.366137	0.715504	0.469859	0.987329	0.474198	0.432021	0.44141	0.961328	0.420289	0.576603	0.492558	0.482793	0.613398	0.165453	0.756446	0.479692	0.932647	0.87429	0.594082	0.510085</FloatingPoint>
			</Individual>
			<Individual size="2">
				<FitnessMax value="1.80595"/>
				<FloatingPoint size="50">	1.87428	1.80019	3.56343	4.33759	2.80623	2.72767	0.194637	2.52455	4.07424	3.55111	2.89824	3.36238	3.66871	3.91323	2.97759	3.47807	0.738288	2.41445	3.32109	3.45559	2.45373	4.01234	4.03431	3.27369	2.62998	4.53127	5.42248	3.41422	2.07338	3.50722	3.87586	4.2813	3.03611	4.26743	4.87541	2.75887	0.51856	2.61078	3.6494	4.72131	2.48929	0.552313	2.81981	3.74279	3.5488	2.78037	3.38212	2.83054	2.46101	3.7257</FloatingPoint>
				<FloatingPoint size="20">	0.287287	0.196501	0.475393	0.987329	0.54921	0.411242	0.441432	0.961328	0.457684	0.653196	0.527948	0.554321	0.586269	0.532248	0.756304	0.483642	0.932647	0.87429	0.526013	0.526881</FloatingPoint>
			</Individual>
			<Individual size="2">
				<FitnessMax value="1.80595"/>
				<FloatingPoint size="50">	3.0699	1.79678	3.5336	4.34323	2.71734	2.74252	0.173837	2.52135	4.16361	3.59505	3.84766	3.35817	3.54963	3.94496	2.96378	3.474	0.737627	2.41442	3.32034	3.50051	2.93998	3.91526	4.05572	3.18675	2.65348	4.36907	3.84491	3.394	2.05053	3.47537	3.36744	4.37089	3.10549	3.38787	4.99197	2.75888	0.519552	2.61078	3.6468	4.7352	2.48932	0.552313	2.82681	3.74013	3.54879	4.06292	3.38888	2.8915	1.89849	3.51096</FloatingPoint>
				<FloatingPoint size="20">	0.740537	0.686642	0.476327	0.987329	0.542638	0.49344	0.441399	0.961328	0.405886	0.588577	0.491277	0.617816	0.600548	0.501609	0.756517	0.482134	0.932647	0.87429	0.56411	0.551867</FloatingPoint>
			</Individual>
			<Individual size="2">
				<FitnessMax value="1.80595"/>
				<FloatingPoint size="50">	3.0699	1.79678	3.5336	4.34323	2.71734	2.74252	0.173837	2.52135	4.16361	3.59505	3.84766	3.35817	3.81546	3.94496	2.96378	3.474	0.737627	2.41442	3.32034	3.50051	2.93998	3.91526	4.05572	3.18675	2.65348	4.36907	3.84491	3.394	2.05053	3.47537	3.36744	4.37089	3.10549	3.38787	4.99197	2.75888	0.519552	2.61078	3.6468	4.7352	2.48932	0.552313	2.82681	3.74013	3.54879	4.06292	3.38888	2.8915	1.89849	3.51096</FloatingPoint>
				<FloatingPoint size="20">	0.694418	0.699953	0.474614	0.987329	0.510028	0.39928	0.441409	0.961328	0.447718	0.589052	0.527848	0.637378	0.566824	0.484148	0.756416	0.487446	0.932647	0.87429	0.456344	0.487834</FloatingPoint>
			</Individual>
			<Individual size="2">
				<FitnessMax value="1.80595"/>
				<FloatingPoint size="50">	3.15268	1.78504	3.54204	4.33318	2.72707	2.71302	0.215101	2.52464	4.102	3.64484	4.16691	3.37036	3.56826	3.7253	2.72224	3.47449	0.738332	2.41421	3.32234	3.46368	2.58777	3.94229	3.22049	3.21003	2.74453	4.56872	4.61448	3.52261	2.15283	3.39957	3.78108	0.47351	3.05299	5.49596	5.02728	2.75887	0.518972	2.61078	3.64617	4.73056	2.48929	0.552313	2.83178	3.73987	3.54878	4.08439	3.43109	2.84883	1.90668	3.60483</FloatingPoint>
				<FloatingPoint size="20">	0.441339	0.756564	0.472579	0.987329	0.569363	0.194817	0.441416	0.961328	0.545048	0.585772	0.515323	0.721957	0.572091	0.48081	0.756537	0.488177	0.932647	0.87429	0.250167	0.486885</FloatingPoint>
			</Individual>
			<Individual size="2">
				<FitnessMax value="1.80595"/>
				<FloatingPoint size="50">	2.95664	1.78893	3.53732	4.3321	2.73519	2.73211	0.18655	2.52302	4.10197	3.62275	3.89705	3.25735	3.54694	3.78655	2.96418	3.47452	0.738356	2.41441	3.32269	3.4807	2.79713	3.61668	3.67646	3.15863	3.25027	5.44098	3.99028	3.36894	5.18271	3.2945	3.81898	4.37281	3.09526	5.1502	4.97222	2.75888	0.519053	2.61078	3.64665	4.711	2.48931	0.552313	2.8257	3.74191	3.54879	3.93761	3.5762	3.00402	1.93084	4.13099</FloatingPoint>
				<FloatingPoint size="20">	0.441339	0.756564	0.472579	0.987329	0.563729	0.238125	0.441414	0.961328	0.456264	0.668334	0.540263	0.582936	0.596425	0.502491	0.756527	0.480575	0.932647	0.87429	0.514366	0.51291</FloatingPoint>
			</Individual>
			<Individual size="2">
				<FitnessMax value="1.80595"/>
				<FloatingPoint size="50">	4.66438	1.79471	3.49685	4.33891	3.19103	2.72629	0.21281	2.52341	4.12696	3.62801	3.4039	3.31431	3.64852	3.95787	2.94255	3.47584	0.737802	2.41441	3.31957	3.47187	2.15117	3.95715	4.01608	3.13365	2.46469	4.52402	3.82183	3.44344	2.35178	3.47929	3.56506	4.28145	3.10326	3.66937	5.03025	2.75887	0.518355	2.61078	3.64603	4.73501	2.48932	0.552313	2.83021	3.73954	3.52107	3.59383	3.44477	3.00402	1.90652	4.58046</FloatingPoint>
				<FloatingPoint size="20">	0.43445	0.705465	0.479741	0.987329	0.507949	0.435264	0.441406	0.961328	0.432431	0.744209	0.505937	0.616526	0.58016	0.346698	0.756426	0.47433	0.932647	0.87429	0.340918	0.504302</FloatingPoint>
			</Individual>
			<Individual size="2">
				<FitnessMax value="1.80595"/>
				<FloatingPoint size="50">	5.55375	1.78881	3.50676	4.33685	2.73151	2.72722	0.200074	2.52232	4.14169	3.63601	3.40182	3.30294	3.53499	3.92937	2.8901	3.47415	0.737859	2.41441	3.31937	3.48652	2.5155	3.96249	4.03635	3.42118	2.74964	4.55874	3.91745	3.46807	2.5809	3.4719	3.40455	4.33526	3.1178	3.42452	4.88941	2.75887	0.518739	2.61078	3.64742	4.73033	2.48932	0.552313	2.83524	3.73676	3.54867	4.0685	3.40475	2.89332	1.90491	5.74415</FloatingPoint>
				<FloatingPoint size="20">	0.522644	0.704535	0.476273	0.987329	0.508884	0.421627	0.441407	0.961328	0.434465	0.654967	0.495288	0.631501	0.567688	0.493715	0.756363	0.467306	0.932647	0.87429	0.203268	0.502041</FloatingPoint>
			</Individual>
			<Individual size="2">
				<FitnessMax value="1.80595"/>
				<FloatingPoint size="50">	5.31973	1.80129	4.40216	4.33874	2.82864	2.72965	0.277046	2.52185	4.15047	3.61959	3.57035	3.29952	3.54466	3.93845	3.01217	3.47458	0.737509	2.4144	3.32076	3.47688	2.46752	3.8983	4.13364	5.28508	2.02869	4.61308	5.05503	3.52669	2.30679	3.44134	3.5878	4.01738	3.04639	4.11046	4.84166	2.75887	0.518382	2.61078	3.64574	4.71411	2.4893	0.552313	2.83837	3.73787	3.50086	3.87946	3.491	2.85795	1.90035	3.55341</FloatingPoint>
				<FloatingPoint size="20">	0.589092	0.702258	0.478745	0.987329	0.955865	0.361936	0.441409	0.961328	0.417574	0.72334	0.565616	0.612003	0.572975	0.495024	0.756411	0.474501	0.932647	0.87429	0.565904	0.542349</FloatingPoint>
			</Individual>
			<Individual size="2">
				<FitnessMax value="1.80595"/>
				<FloatingPoint size="50">	5.55375	1.78881	3.50676	4.33685	2.73151	2.72722	0.200074	2.52232	4.14169	3.63601	3.40182	3.30294	3.53499	3.92937	2.8901	3.47415	0.737859	2.41441	3.31937	3.48652	2.5155	3.96249	4.03635	3.42118	2.74964	4.55874	3.91745	3.46807	2.5809	3.4719	3.40455	4.33526	3.1178	3.42452	4.88941	2.75887	0.518739	2.61078	3.64742	4.73033	2.48932	0.552313	2.83524	3.73676	3.54867	4.0685	3.40475	2.89332	1.90491	5.74415</FloatingPoint>
				<FloatingPoint size="20">	0.373176	0.682376	0.480764	0.987329	0.558013	0.437026	0.441397	0.961328	0.418796	0.634463	0.506369	0.594085	0.576909	0.395237	0.756465	0.478268	0.932647	0.87429	0.411938	0.484862</FloatingPoint>
			</Individual>
			<Individual size="2">
				<FitnessMax value="1.80595"/>
				<FloatingPoint size="50">	3.25433	1.80257	3.90798	4.33017	2.72996	2.72101	0.170901	2.52331	4.1027	3.59442	4.17487	1.70539	3.82612	3.9392	3.00552	3.47433	0.73803	2.41443	3.32306	3.4665	2.86468	5.01128	3.93996	3.2397	4.29115	4.55882	3.85155	3.312	1.24177	3.46212	3.63841	4.22318	3.08408	4.32929	4.85617	2.75886	0.518047	2.61078	3.64463	4.74059	2.48931	0.552313	2.8286	3.74205	3.49705	3.30567	3.42511	2.84342	1.90455	3.32981</FloatingPoint>
				<FloatingPoint size="20">	0.480269	0.468681	0.467643	0.987329	0.476984	0.401103	0.441416	0.961328	0.416441	0.589147	0.586403	0.582623	0.622368	0.739007	0.756442	0.484597	0.932647	0.87429	0.575313	0.545004</FloatingPoint>
			</Individual>
			<Individual size="2">
				<FitnessMax value="1.80595"/>
				<FloatingPoint size="50">	2.7512	1.80137	3.49665	4.34137	2.72557	2.72448	0.276428	2.52262	4.10995	3.52134	3.47723	1.93279	3.46852	3.80606	2.99499	3.47458	0.738159	2.41435	3.3246	3.46724	2.8961	3.98296	3.91026	3.22858	1.32893	4.20587	3.90251	3.40864	2.17628	3.43624	3.79755	4.21249	3.08086	3.81993	4.94282	2.75887	0.516576	2.61078	3.64739	4.72986	2.4893	0.552313	2.82995	3.74183	3.54885	3.83865	3.0661	2.85567	1.92612	3.20009</FloatingPoint>
				<FloatingPoint size="20">	0.740537	0.69556	0.481062	0.987329	0.503306	0.394825	0.441409	0.961328	0.424887	0.571865	0.484763	0.639006	0.553429	0.512273	0.756442	0.469831	0.932647	0.87429	0.0782906	0.507818</FloatingPoint>
			</Individual>
			<Individual size="2">
				<FitnessMax value="1.60673"/>
				<FloatingPoint size="50">	4.63747	1.80133	3.50349	4.33903	2.7183	2.72972	0.280182	2.52175	4.1536	3.59429	3.74115	3.28855	3.54293	3.98816	3.01365	3.47406	0.737471	2.41436	4.75746	3.46879	2.49399	3.99637	4.07409	3.32559	2.66957	4.43853	3.55349	3.43295	2.20363	3.46623	3.52013	4.33967	3.1141	3.51813	4.84045	2.75887	0.517622	2.61078	3.64667	4.73558	2.48931	0.552313	2.83108	3.74164	3.43396	3.50601	3.62274	3.35738	1.87865	3.57173</FloatingPoint>
				<FloatingPoint size="20">	0.421186	0.719118	0.471123	0.987329	0.499837	0.429627	0.441407	0.961328	0.451511	0.584325	0.488674	0.614993	0.587444	0.478056	0.756342	0.480143	0.932647	0.87429	0.563889	0.514845</FloatingPoint>
			</Individual>
			<Individual size="2">
				<FitnessMax value="1.80595"/>
				<FloatingPoint size="50">	2.90669	1.8049	3.52842	4.32488	2.72749	2.72869	0.270451	2.50605	4.10194	3.49107	3.28548	3.33931	3.51106	3.7204	3.05991	3.47489	0.739503	2.41421	3.32013	3.45875	2.89138	3.95556	3.8635	3.1153	3.12783	4.59679	4.32201	0.571514	2.16809	3.36797	3.79454	4.06991	2.99253	3.84602	5.05096	2.75887	0.51012	2.61078	3.64872	4.73375	2.48932	0.552313	2.83033	3.7436	3.54895	3.70596	0.708086	2.97827	1.88684	2.64983</FloatingPoint>
				<FloatingPoint size="20">	0.49326	0.711238	0.467855	0.987329	0.520711	0.378908	0.44142	0.961328	0.512488	0.596408	0.499866	0.590204	0.592089	0.531436	0.756122	0.488127	0.932647	0.87429	0.631061	0.559711</FloatingPoint>
			</Individual>
			<Individual size="2">
				<FitnessMax value="1.80595"/>
				<FloatingPoint size="50">	5.55375	1.78881	3.50676	4.33685	2.73151	2.72722	0.200074	2.52232	4.14169	3.63601	3.40182	3.30294	3.53499	3.92937	2.8901	3.47415	0.737859	2.41441	3.31937	3.48652	2.5155	3.96249	4.03635	3.42118	2.74964	4.55874	3.91745	3.46807	2.5809	3.4719	3.40455	4.33526	3.1178	3.42452	4.88941	2.75887	0.518739	2.61078	3.64742	4.73033	2.48932	0.552313	2.83524	3.73676	3.54867	4.0685	3.40475	2.89332	1.90491	5.74415</FloatingPoint>
				<FloatingPoint size="20">	0.522644	0.468681	0.476273	0.987329	0.476984	0.401103	0.441416	0.961328	0.434465	0.589147	0.495288	0.582623	0.567688	0.493715	0.756363	0.484597	0.932647	0.87429	0.575313	0.545004</FloatingPoint>
			</Individual>
			<Individual size="2">
				<FitnessMax value="1.80595"/>
				<FloatingPoint size="50">	2.7512	1.80137	3.49665	4.34137	2.72557	2.72448	0.276428	2.52262	4.10995	3.52134	3.47723	1.93279	3.46852	3.80606	2.99499	3.47458	0.738159	2.41435	3.3246	3.46724	2.8961	3.98296	3.91026	3.22858	1.32893	4.20587	3.90251	3.40864	2.17628	3.43624	3.79862	4.26294	3.11211	3.8107	4.90456	2.75887	0.51886	2.61078	3.64692	4.72849	2.4893	0.552313	2.82982	3.7412	3.54882	3.8856	3.90043	2.81229	1.94002	3.39479</FloatingPoint>
				<FloatingPoint size="20">	0.373176	0.704577	0.47718	0.987329	0.526664	0.429943	0.44142	0.961328	0.45774	0.580661	0.502601	0.596592	0.565314	0.522143	0.755964	0.482759	0.932647	0.87429	0.442596	0.539828</FloatingPoint>
			</Individual>
			<Individual size="2">
				<FitnessMax value="1.80595"/>
				<FloatingPoint size="50">	4.93468	1.77346	3.44013	4.32824	2.73667	2.72165	0.220229	2.5131	4.10198	3.55038	4.02984	3.38384	3.48718	3.90334	3.01543	3.4745	0.739399	2.4142	3.32035	3.44433	3.97137	3.74071	4.14549	3.22599	2.98086	4.63147	3.97272	2.05064	1.97954	3.29573	3.80965	4.33508	3.10301	4.03249	4.96635	2.75887	0.512451	2.61078	3.64657	4.73684	2.48931	0.552313	2.83166	3.74397	3.54888	3.1848	2.10066	2.54227	1.82424	2.75971</FloatingPoint>
				<FloatingPoint size="20">	0.428162	0.742878	0.473189	0.987329	0.544414	0.295347	0.441413	0.961328	0.415352	0.85624	0.445388	0.575095	0.627598	0.453744	0.756502	0.485783	0.932647	0.87429	0.557679	0.55859</FloatingPoint>
			</Individual>
			<Individual size="2">
				<FitnessMax value="1.80595"/>
				<FloatingPoint size="50">	4.53617	1.80129	3.50568	4.33898	2.72153	2.72965	0.277046	2.52185	4.15069	3.59271	3.71025	3.29125	3.54754	3.98541	3.01233	3.47421	0.737501	2.41436	3.31987	3.4683	2.49252	3.99696	4.07263	3.32369	1.84195	4.43486	3.62201	3.43226	2.19885	3.46461	3.53317	4.33753	3.11124	3.5456	4.84173	2.75887	0.517656	2.61078	3.64677	4.73506	2.48931	0.552313	2.83067	3.74168	3.43817	3.47941	3.61392	3.33806	1.9	3.57737</FloatingPoint>
				<FloatingPoint size="20">	0.455158	0.50481	0.474469	0.987329	0.507436	0.367868	0.441419	0.961328	0.478374	0.819705	0.541478	0.615367	0.590752	0.483034	0.756527	0.484747	0.932647	0.87429	0.29354	0.495262</FloatingPoint>
			</Individual>
			<Individual size="2">
				<FitnessMax value="1.61213"/>
				<FloatingPoint size="50">	3.0699	1.79782	3.49726	4.34166	2.71812	2.7256	0.274808	2.52262	4.15382	3.51877	3.52773	1.93709	3.47517	3.80866	3.0025	3.47444	0.738162	2.41436	3.3219	3.46732	2.89597	4.34361	3.91532	3.22994	1.61735	4.52228	3.88672	3.40812	2.18435	3.42352	3.73689	4.36001	3.10746	3.361	4.89862	2.75887	0.518823	2.61078	3.64692	4.72899	2.48931	0.552313	2.83033	3.73775	3.54886	3.87404	3.56859	2.89219	1.94048	3.32797</FloatingPoint>
				<FloatingPoint size="20">	0.694418	0.699953	0.474614	0.987329	0.510028	0.39928	0.441409	0.961328	0.447718	0.589052	0.527848	0.637378	0.566824	0.484148	0.165021	0.487447	0.932647	0.87429	0.459486	0.489198</FloatingPoint>
			</Individual>
			<Individual size="2">
				<FitnessMax value="1.80595"/>
				<FloatingPoint size="50">	4.53617	1.79389	3.49887	4.33486	2.73187	2.72563	0.250585	2.52258	4.10629	3.53265	3.71227	2.34971	3.47367	3.99478	3.03552	3.4746	0.738793	2.4143	3.32166	3.4566	2.89458	3.95437	4.13939	3.41817	1.88995	4.61387	3.96596	3.45152	1.98153	3.36232	3.81573	4.32281	3.13993	4.12558	4.90168	2.75887	0.518745	2.61078	3.65088	4.73962	2.48931	0.552313	2.83039	3.74306	3.54885	3.83906	5.45122	2.45687	1.87326	2.53189</FloatingPoint>
				<FloatingPoint size="20">	0.373176	0.704577	0.47767	0.987329	0.519886	0.420499	0.44141	0.961328	0.45507	0.576777	0.500466	0.64087	0.579985	0.509975	0.756446	0.478488	0.932647	0.87429	0.376646	0.508531</FloatingPoint>
			</Individual>
			<Individual size="2">
				<FitnessMax value="1.80595"/>
				<FloatingPoint size="50">	3.18824	1.79057	6.03402	4.33787	2.77749	2.74195	0.173865	2.52239	4.1687	3.59308	3.95981	3.33128	3.62006	3.90502	2.98983	3.47401	0.73832	2.41463	3.32245	3.48929	2.66905	4.94659	3.96438	3.13903	3.51739	4.57968	3.85322	3.36335	3.75999	3.35308	3.79751	4.68363	3.098	3.00615	4.96666	2.75887	0.51951	2.61078	3.64624	4.73167	2.48931	0.552313	2.82797	3.74099	3.54878	3.53191	3.44627	3.18187	1.89679	3.1068</FloatingPoint>
				<FloatingPoint size="20">	0.48613	0.664841	0.482714	0.987329	0.571437	0.437154	0.441393	0.961328	0.417081	0.583704	0.506947	0.593989	0.574852	0.454291	0.756504	0.480757	0.932647	0.87429	0.56723	0.484339</FloatingPoint>
			</Individual>
		</Deme>
	</Population>
</ECF>
