<?xml version="1.0" encoding="ISO-8859-1"?>
<ECF milestone="Mon Jun 18 08:55:11 2018
">
	<Registry>
		<Entry key="1FloatingPoint.dimension">20</Entry>
		<Entry key="1FloatingPoint.lbound">0</Entry>
		<Entry key="1FloatingPoint.ubound">1</Entry>
		<Entry key="FloatingPoint.dimension">50</Entry>
		<Entry key="FloatingPoint.lbound">0</Entry>
		<Entry key="FloatingPoint.ubound">6.99</Entry>
		<Entry key="SteadyStateTournament.tsize">3</Entry>
		<Entry key="batch.logfile_">*</Entry>
		<Entry key="batch.remaining_">0</Entry>
		<Entry key="batch.repeats">1</Entry>
		<Entry key="batch.singlemilestone">1</Entry>
		<Entry key="batch.statsfile">stats/ohlc_bitfinex_iotusd_86400_10_100_0.2_0.8.csv</Entry>
		<Entry key="data.balance">16.3878</Entry>
		<Entry key="data.input">data/train/ohlc_bitfinex_iotusd_86400.csv</Entry>
		<Entry key="data.test">data/test/ohlc_bitfinex_iotusd_86400.csv</Entry>
		<Entry key="fuzzy.langvars">conf/ohlc_bitfinex_iotusd_86400.conf</Entry>
		<Entry key="fuzzy.numrules">10</Entry>
		<Entry key="fuzzy.threshold">0.8</Entry>
		<Entry key="log.frequency">10</Entry>
		<Entry key="log.level">3</Entry>
		<Entry key="milestone.elapsedtime_">187</Entry>
		<Entry key="milestone.filename">milestones/ohlc_bitfinex_iotusd_86400_10_100_0.2_0.8.txt</Entry>
		<Entry key="milestone.generation_">2999</Entry>
		<Entry key="mutation.indprob">0.2</Entry>
		<Entry key="operator.logfile">log/ohlc_bitfinex_iotusd_86400_10_100_0.2_0.8.csv</Entry>
		<Entry key="population.size">100</Entry>
		<Entry key="term.eval">300000</Entry>
	</Registry>
	<Population size="1">
		<HallOfFame size="1">
			<Individual size="2" gen="2993">
				<FitnessMax value="3.03747"/>
				<FloatingPoint size="50">	2.75534	0.385477	2.34096	2.22172	3.56216	1.25605	2.48988	3.39203	4.87551	1.54133	2.70242	1.20769	0.257906	2.75985	3.67831	2.58905	0.306657	2.64005	1.81126	1.43566	3.23401	2.92236	3.19256	4.50333	4.0207	2.69781	0.059492	2.3889	1.48486	2.77976	4.23362	3.33714	4.34205	3.52771	3.12514	4.04873	3.68797	3.87001	3.84803	3.59218	2.06464	4.76964	2.67184	3.523	4.78103	2.3921	0.858693	2.52771	2.59856	2.8122</FloatingPoint>
				<FloatingPoint size="20">	0.491934	0.934574	0.65549	0.404951	0.821045	0.644615	0.951628	0.951041	0.766414	0.736028	0.586032	0.950181	0.47079	0.233474	0.477615	0.445241	0.512229	0.569166	0.882239	0.869504</FloatingPoint>
			</Individual>
		</HallOfFame>
		<Deme size="100">
			<HallOfFame size="1">
				<Individual size="2" gen="2993">
					<FitnessMax value="3.03747"/>
					<FloatingPoint size="50">	2.75534	0.385477	2.34096	2.22172	3.56216	1.25605	2.48988	3.39203	4.87551	1.54133	2.70242	1.20769	0.257906	2.75985	3.67831	2.58905	0.306657	2.64005	1.81126	1.43566	3.23401	2.92236	3.19256	4.50333	4.0207	2.69781	0.059492	2.3889	1.48486	2.77976	4.23362	3.33714	4.34205	3.52771	3.12514	4.04873	3.68797	3.87001	3.84803	3.59218	2.06464	4.76964	2.67184	3.523	4.78103	2.3921	0.858693	2.52771	2.59856	2.8122</FloatingPoint>
					<FloatingPoint size="20">	0.491934	0.934574	0.65549	0.404951	0.821045	0.644615	0.951628	0.951041	0.766414	0.736028	0.586032	0.950181	0.47079	0.233474	0.477615	0.445241	0.512229	0.569166	0.882239	0.869504</FloatingPoint>
				</Individual>
			</HallOfFame>
			<Individual size="2">
				<FitnessMax value="1.17046"/>
				<FloatingPoint size="50">	2.75534	0.383144	2.34096	2.22172	3.56216	1.2536	2.78306	3.39196	4.87551	1.55187	2.70242	1.43205	0.257906	2.75971	3.67831	2.58905	0.306657	2.64008	1.8133	1.43566	3.23212	2.92236	3.19256	4.50333	4.0207	2.69781	0.059492	2.3889	1.48486	2.77968	4.23362	3.25221	4.34205	3.52784	3.12514	4.03997	3.68281	3.87001	3.84803	3.59292	1.51132	4.76964	2.67184	3.523	4.78103	2.3921	0.858693	2.5274	2.59856	2.8122</FloatingPoint>
				<FloatingPoint size="20">	0.298029	0.934285	0.630543	0.419735	0.815232	0.590765	0.951628	0.951041	0.773763	0.586098	0.579162	0.950181	0.486544	0.233165	0.465541	0.441334	0.510892	0.574986	0.882216	0.869503</FloatingPoint>
			</Individual>
			<Individual size="2">
				<FitnessMax value="3.03747"/>
				<FloatingPoint size="50">	2.75535	0.375706	2.34016	2.22148	3.56215	1.25639	2.53333	3.39202	4.59768	1.53437	2.70241	1.20769	0.607906	2.7508	3.67886	2.58905	0.306657	2.64005	1.8158	1.43814	3.25606	2.93203	3.19253	4.50878	3.96782	2.69774	0.0594884	2.38891	1.48447	2.78088	4.27434	3.30544	4.26009	3.52884	3.12734	4.03959	3.69499	3.94163	4.69881	3.5833	2.06534	4.75352	2.6821	3.52351	4.74874	2.3921	0.85681	2.52711	2.59856	2.81253</FloatingPoint>
				<FloatingPoint size="20">	0.427735	0.930502	0.656039	0.405731	0.820462	0.661351	0.951628	0.951041	0.77256	0.589907	0.551627	0.950181	0.45697	0.233133	0.47284	0.436706	0.512205	0.571055	0.88222	0.869504</FloatingPoint>
			</Individual>
			<Individual size="2">
				<FitnessMax value="3.03747"/>
				<FloatingPoint size="50">	2.75535	0.377168	2.33621	2.22341	3.56216	6.051	2.74328	3.39262	4.62306	1.53045	2.70242	1.23139	0.509489	2.74018	3.6783	2.58905	0.306657	2.64006	1.81267	1.43568	3.24258	2.62941	3.19253	4.50572	3.99456	2.69777	0.0594905	2.38891	1.48447	2.7805	4.25058	3.27351	4.29725	3.5293	3.12591	4.04173	3.70725	3.89555	4.19571	3.6069	2.00321	4.76215	2.66106	3.52291	4.76784	2.3921	0.857133	2.52737	2.59856	2.8131</FloatingPoint>
				<FloatingPoint size="20">	0.4286	0.934627	0.654886	0.420741	0.844347	0.718497	0.951628	0.951041	0.77351	0.517478	0.58017	0.950181	0.474117	0.233183	0.474973	0.432175	0.512305	0.580051	0.882223	0.869503</FloatingPoint>
			</Individual>
			<Individual size="2">
				<FitnessMax value="3.03747"/>
				<FloatingPoint size="50">	2.75535	0.373168	2.33932	2.2229	3.56212	0.798083	2.82585	3.39271	4.83888	1.53106	2.70242	1.20769	0.513247	2.75891	3.6783	2.58905	0.306657	2.64005	1.81236	1.43458	3.2451	2.75462	3.19256	4.51084	3.95629	2.6978	0.0594915	2.38891	1.48472	2.77992	4.24365	3.31579	4.39106	3.52821	3.14344	4.04412	3.70138	3.88079	3.8249	3.59997	2.01735	4.76173	2.66528	3.52394	4.77429	2.3921	0.857937	2.52749	2.59856	2.81289</FloatingPoint>
				<FloatingPoint size="20">	0.4286	0.934627	0.654886	0.420741	0.844347	0.718497	0.951628	0.951041	0.77351	0.517478	0.58017	0.950181	0.474117	0.233183	0.474973	0.432175	0.512305	0.580051	0.882223	0.869503</FloatingPoint>
			</Individual>
			<Individual size="2">
				<FitnessMax value="3.03747"/>
				<FloatingPoint size="50">	2.75535	0.375706	2.34016	2.22148	3.56215	1.25639	2.53333	3.39202	4.59768	1.53437	2.70241	1.20769	0.607906	2.7508	3.67886	2.58905	0.306657	2.64005	1.8158	1.43814	3.25606	2.93203	3.19253	4.50878	3.96782	2.69774	0.0594884	2.38891	1.48447	2.78088	4.27434	3.30544	4.26009	3.52884	3.12734	4.03959	3.69499	3.94163	4.69881	3.5833	2.06534	4.75352	2.6821	3.52351	4.74874	2.3921	0.855534	2.5276	2.59856	2.81275</FloatingPoint>
				<FloatingPoint size="20">	0.302474	0.934654	0.655323	0.419425	0.823772	0.711482	0.951628	0.951041	0.814272	0.525714	0.548434	0.950181	0.451922	0.233119	0.461932	0.450648	0.512226	0.569452	0.882221	0.869504</FloatingPoint>
			</Individual>
			<Individual size="2">
				<FitnessMax value="3.03747"/>
				<FloatingPoint size="50">	2.75535	0.377168	2.33621	2.22341	3.56216	6.051	2.74328	3.39262	4.62306	1.53045	2.70242	1.23139	0.509489	2.74018	3.6783	2.58905	0.306657	2.64006	1.81267	1.43568	3.24258	2.62941	3.19253	4.50572	3.99456	2.69777	0.0594905	2.38891	1.48447	2.7805	4.25058	3.27351	4.29725	3.5293	3.12591	4.04173	3.70725	3.89555	4.19571	3.6069	2.00321	4.76215	2.66106	3.52291	4.76784	2.3921	0.857133	2.52737	2.59856	2.8131</FloatingPoint>
				<FloatingPoint size="20">	0.0840795	0.934552	0.656085	0.42291	0.830556	0.275455	0.951628	0.951041	0.775498	0.50895	0.578006	0.950181	0.50952	0.233088	0.464541	0.441692	0.507656	0.577088	0.88222	0.869503</FloatingPoint>
			</Individual>
			<Individual size="2">
				<FitnessMax value="3.03747"/>
				<FloatingPoint size="50">	2.75535	0.382755	2.3401	2.22165	3.56216	1.25561	2.54801	3.39201	4.76306	1.54083	2.70242	1.2831	0.354434	2.7476	3.67846	2.58905	0.306657	2.64006	1.81204	1.43634	3.23893	2.92502	3.19255	4.50483	4.00612	2.69779	0.059491	2.38891	1.48437	2.78005	4.24485	3.30356	4.31945	3.52854	3.12781	4.0449	3.69629	3.88977	4.08267	3.53665	1.99597	4.76519	2.67467	3.52314	4.77212	2.3921	0.857822	2.52752	2.59856	2.81235</FloatingPoint>
				<FloatingPoint size="20">	0.271609	0.934584	0.655224	0.42466	0.842864	0.696448	0.951628	0.951041	0.77378	0.51297	0.572946	0.950181	0.475582	0.23328	0.467147	0.441837	0.510104	0.573395	0.882211	0.869503</FloatingPoint>
			</Individual>
			<Individual size="2">
				<FitnessMax value="3.03747"/>
				<FloatingPoint size="50">	2.75535	0.380543	2.33941	2.2216	3.56215	1.25524	2.59526	3.392	4.67165	1.54042	2.70242	1.3444	0.432906	2.73765	3.67858	2.58905	0.306657	2.64006	1.81267	1.4369	3.24293	2.92719	3.19254	4.50605	3.99426	2.69776	0.0594902	2.38891	1.48398	2.78029	4.25398	3.27626	4.30107	3.52921	3.12999	4.04178	3.70305	3.90582	4.27342	3.4915	1.94015	4.76158	2.67697	3.52326	4.76488	2.3921	0.857114	2.52737	2.59856	2.81248</FloatingPoint>
				<FloatingPoint size="20">	0.0840795	0.934574	0.652155	0.424479	0.835057	0.54495	0.951628	0.951041	0.774115	0.515983	0.570903	0.950181	0.487989	0.233183	0.541496	0.441649	0.510014	0.573377	0.882211	0.869503</FloatingPoint>
			</Individual>
			<Individual size="2">
				<FitnessMax value="3.03747"/>
				<FloatingPoint size="50">	2.75535	0.38538	2.33865	2.22172	3.56216	1.2541	2.65719	3.39199	4.74562	1.54647	2.70242	1.48111	0.257906	2.72449	3.67831	2.58905	0.306657	2.64007	1.80955	1.43566	3.22981	2.92236	3.19256	4.50333	4.0207	2.69779	0.059492	2.3889	1.48349	2.77969	4.23362	3.24709	4.34205	3.52957	3.13263	4.04397	3.7111	3.87001	3.84803	3.39969	1.81496	4.76964	2.67184	3.523	4.78103	2.3921	0.858693	2.52713	2.59856	2.8122</FloatingPoint>
				<FloatingPoint size="20">	0.271609	0.934584	0.655224	0.42466	0.842864	0.696448	0.951628	0.951041	0.77378	0.51297	0.572946	0.950181	0.475582	0.23328	0.467147	0.441837	0.510104	0.573395	0.882211	0.869503</FloatingPoint>
			</Individual>
			<Individual size="2">
				<FitnessMax value="3.03747"/>
				<FloatingPoint size="50">	2.75534	0.378957	2.34096	2.22172	3.56216	1.25025	2.98448	3.39191	4.87551	1.55653	2.70242	1.20769	0.257906	2.65534	3.67831	2.58905	0.306657	2.64009	1.8168	1.43566	3.2216	2.92236	3.19256	4.50333	4.0207	2.69781	0.059492	2.3889	1.48486	2.77956	4.23362	3.07092	4.34205	3.52965	3.12514	4.03117	3.6774	3.87001	3.84803	3.6043	1.32657	4.76964	2.67184	3.523	4.78103	2.3921	0.858693	2.52599	2.59856	2.8122</FloatingPoint>
				<FloatingPoint size="20">	0.0840795	0.934552	0.656085	0.423968	0.823832	0.0594452	0.951628	0.951041	0.776466	0.504792	0.57695	0.950181	0.526782	0.233042	0.459454	0.446332	0.50539	0.575643	0.882218	0.869503</FloatingPoint>
			</Individual>
			<Individual size="2">
				<FitnessMax value="3.03747"/>
				<FloatingPoint size="50">	2.75535	0.373168	2.33932	2.2229	3.56212	0.798083	2.82585	3.39271	4.83888	1.53106	2.70242	1.20769	0.513247	2.75891	3.6783	2.58905	0.306657	2.64005	1.81236	1.43458	3.2451	2.75462	3.19256	4.51084	3.95629	2.6978	0.0594915	2.38891	1.48472	2.77992	4.24365	3.31579	4.39106	3.52821	3.14344	4.04412	3.71305	3.89016	3.80478	3.60675	1.97621	4.75486	2.65956	3.52476	4.76842	2.3921	0.857279	2.52729	2.59856	2.81349</FloatingPoint>
				<FloatingPoint size="20">	0.4286	0.934627	0.654886	0.420741	0.844347	0.718497	0.951628	0.951041	0.77351	0.517478	0.58017	0.950181	0.474117	0.233183	0.474973	0.432175	0.512305	0.580051	0.882223	0.869503</FloatingPoint>
			</Individual>
			<Individual size="2">
				<FitnessMax value="3.03747"/>
				<FloatingPoint size="50">	2.75534	0.381287	2.34096	2.22172	3.56216	1.25209	2.66937	3.39196	4.87551	1.54351	2.70242	1.20769	0.257906	2.7553	3.67831	2.58905	0.306657	2.64007	1.81489	1.43566	3.23215	2.92236	3.19256	4.50333	4.0207	2.69781	0.059492	2.3889	1.48486	2.77971	4.23362	3.28584	4.34205	3.52841	3.12514	4.03661	3.68454	3.87001	3.84803	3.59244	2.00859	4.76964	2.67184	3.523	4.78103	2.3921	0.858693	2.52649	2.59856	2.8122</FloatingPoint>
				<FloatingPoint size="20">	0.0735252	0.934588	0.655319	0.424128	0.819505	0.653498	0.951628	0.951041	0.776367	0.513256	0.576767	0.950181	0.561684	0.23336	0.458518	0.446456	0.506069	0.575226	0.882221	0.869503</FloatingPoint>
			</Individual>
			<Individual size="2">
				<FitnessMax value="3.03747"/>
				<FloatingPoint size="50">	2.75534	0.380498	2.34096	2.22172	3.56216	1.25162	2.5018	3.39202	4.85142	1.55294	2.70241	1.20769	0.257906	2.68004	3.67838	2.58905	0.306657	2.64008	1.81549	1.43566	3.24003	2.91835	3.19256	4.5194	4.0207	2.69784	0.059492	2.3889	1.48506	2.77976	4.23362	3.13383	4.37713	3.52919	3.1397	4.03532	3.67716	3.87599	3.71574	3.60144	2.04506	4.76964	2.66341	3.52489	4.77701	2.3921	0.858643	2.5264	2.59856	2.8122</FloatingPoint>
				<FloatingPoint size="20">	0.342558	0.934544	0.631166	0.419367	0.839892	0.137385	0.951628	0.951041	0.767852	0.398488	0.584078	0.950181	0.514818	0.233141	0.464022	0.445255	0.507007	0.575375	0.88222	0.869503</FloatingPoint>
			</Individual>
			<Individual size="2">
				<FitnessMax value="2.82465"/>
				<FloatingPoint size="50">	2.75534	0.385477	2.34096	2.22172	3.56216	1.25605	2.48988	3.39203	4.87551	1.54133	2.70242	1.20769	0.257906	2.75985	3.67831	2.58905	0.306657	2.64005	1.81126	1.43566	3.23401	2.92236	3.19256	4.50333	4.0207	2.69781	0.059492	2.3889	1.48486	2.77976	4.23362	3.33714	4.34205	3.52771	3.12514	4.04873	3.68797	3.87001	3.84803	3.59218	2.06464	4.76964	2.67184	3.523	4.78103	2.3921	0.858693	2.52771	2.59856	2.8122</FloatingPoint>
				<FloatingPoint size="20">	0.266332	0.763055	0.654841	0.42474	0.8407	0.680312	0.951628	0.951041	0.772796	0.522559	0.580331	0.950181	0.49655	0.233407	0.465647	0.439555	0.508371	0.595647	0.882236	0.869503</FloatingPoint>
			</Individual>
			<Individual size="2">
				<FitnessMax value="3.03747"/>
				<FloatingPoint size="50">	2.75535	0.377041	2.33676	2.22428	3.56213	1.25474	2.83548	3.39372	4.50542	1.51978	2.70241	1.20769	0.767819	2.75694	3.67846	2.58905	0.306657	2.64006	1.81333	1.43286	3.25613	2.6701	3.19292	4.51808	3.92115	2.69779	0.059488	2.38892	1.48377	2.78078	4.25465	3.29427	4.45875	3.52931	3.16932	4.03924	3.7119	3.89653	3.74275	3.62123	1.85859	4.74484	2.64738	3.52527	4.75681	2.3921	0.856248	2.527	2.59856	2.81458</FloatingPoint>
				<FloatingPoint size="20">	0.306418	0.934619	0.654873	0.420571	0.845892	0.720152	0.951628	0.951041	0.773461	0.518594	0.581335	0.950181	0.477254	0.23315	0.463815	0.435422	0.508572	0.58053	0.882222	0.869503</FloatingPoint>
			</Individual>
			<Individual size="2">
				<FitnessMax value="3.03747"/>
				<FloatingPoint size="50">	2.75534	0.385477	2.34096	2.22172	3.56216	1.25605	2.48988	3.39203	4.87551	1.54133	2.70242	1.20769	0.257906	2.75985	3.67831	2.58905	0.306657	2.64005	1.81126	1.43566	3.23401	2.92236	3.19256	4.50333	4.0207	2.69781	0.059492	2.3889	1.48486	2.77976	4.23362	3.33714	4.34205	3.52771	3.12514	4.04873	3.68797	3.87001	3.84803	3.59218	2.06464	4.76964	2.67184	3.523	4.78103	2.3921	0.858693	2.52771	2.59856	2.8122</FloatingPoint>
				<FloatingPoint size="20">	0.446197	0.934619	0.654873	0.420571	0.845892	0.720152	0.951628	0.951041	0.773461	0.51822	0.580146	0.950181	0.477254	0.23315	0.475179	0.43173	0.512108	0.58053	0.882223	0.869503</FloatingPoint>
			</Individual>
			<Individual size="2">
				<FitnessMax value="3.03747"/>
				<FloatingPoint size="50">	2.75534	0.385282	2.33925	2.22172	3.56216	1.25179	2.5981	3.39199	4.59642	1.54942	2.70242	1.5436	0.257906	2.70714	3.67831	2.58905	0.306657	2.64006	1.81042	1.43566	3.22649	2.92236	3.19256	4.50333	4.0207	2.69781	0.059492	2.3889	1.48302	2.77974	4.23362	3.33568	4.34205	3.52899	3.12626	4.04726	3.70563	3.87001	3.84803	3.32551	1.52917	4.76964	2.67184	3.523	4.78103	2.3921	0.858693	2.52679	2.59856	2.8122</FloatingPoint>
				<FloatingPoint size="20">	0.427735	0.933912	0.65598	0.422451	0.823959	0.500992	0.951628	0.951041	0.776788	0.50535	0.634571	0.950181	0.506833	0.233063	0.461691	0.445517	0.505672	0.577897	0.882219	0.869503</FloatingPoint>
			</Individual>
			<Individual size="2">
				<FitnessMax value="3.03747"/>
				<FloatingPoint size="50">	2.75534	0.385544	2.34346	2.22172	3.56216	1.25686	2.4459	3.39199	4.72432	1.54881	2.70242	1.20769	0.257906	2.73456	3.67831	2.58905	0.306657	2.64007	1.81082	1.43566	3.233	2.92236	3.19256	4.50333	4.0207	2.69778	0.059492	2.3889	1.48323	2.77968	4.23362	3.27095	4.34205	3.52759	3.1247	4.04322	3.68102	3.87001	3.84803	3.53637	1.84547	4.76964	2.67184	3.523	4.78103	2.3921	0.858693	2.52692	2.59856	2.8122</FloatingPoint>
				<FloatingPoint size="20">	0.302474	0.934654	0.655323	0.419425	0.823772	0.711482	0.951628	0.951041	0.814272	0.525714	0.548434	0.950181	0.451922	0.233119	0.461932	0.450648	0.512226	0.569452	0.882221	0.869504</FloatingPoint>
			</Individual>
			<Individual size="2">
				<FitnessMax value="3.03747"/>
				<FloatingPoint size="50">	2.75535	0.377041	2.33676	2.22428	3.56213	1.25474	2.83548	3.39372	4.50542	1.51978	2.70241	1.20769	0.767819	2.75694	3.67846	2.58905	0.306657	2.64006	1.81333	1.43286	3.25613	2.6701	3.19292	4.51808	3.92115	2.69779	0.059488	2.38892	1.48377	2.78078	4.25465	3.29427	4.45875	3.52931	3.16932	4.03924	3.7119	3.89653	3.74275	3.62123	1.85859	4.74484	2.64738	3.52527	4.75681	2.3921	0.856248	2.527	2.59856	2.81458</FloatingPoint>
				<FloatingPoint size="20">	0.446197	0.934619	0.654873	0.420571	0.845892	0.720152	0.951628	0.951041	0.773461	0.51822	0.580146	0.950181	0.477254	0.23315	0.475179	0.43173	0.512108	0.58053	0.882222	0.869503</FloatingPoint>
			</Individual>
			<Individual size="2">
				<FitnessMax value="3.03747"/>
				<FloatingPoint size="50">	2.75535	0.375706	2.34016	2.22148	3.56215	1.25639	2.53333	3.39202	4.59768	1.53437	2.70241	1.20769	0.607906	2.7508	3.67886	2.58905	0.306657	2.64005	1.8158	1.43814	3.25606	2.93203	3.19253	4.50878	3.96782	2.69774	0.0594884	2.38891	1.48447	2.78088	4.27434	3.30544	4.26009	3.52884	3.12734	4.03959	3.69499	3.94163	4.69881	3.5833	2.06534	4.75352	2.6821	3.52351	4.74874	2.3921	0.855534	2.5276	2.59856	2.81275</FloatingPoint>
				<FloatingPoint size="20">	0.4677	0.93468	0.655198	0.410367	0.821932	0.716891	0.951628	0.951041	0.776931	0.519354	0.551627	0.950181	0.45697	0.233133	0.47284	0.436706	0.512205	0.571055	0.88222	0.869504</FloatingPoint>
			</Individual>
			<Individual size="2">
				<FitnessMax value="3.03747"/>
				<FloatingPoint size="50">	2.75535	0.382841	2.33745	2.22157	3.56215	1.25582	2.7623	3.39201	4.73852	1.54108	2.70242	1.27605	0.520406	2.74422	3.67845	2.58905	0.306657	2.64006	1.81252	1.43752	3.23843	2.92524	3.19254	4.50808	3.91329	2.69778	0.0594854	2.38891	1.48423	2.77999	4.24973	3.28999	4.29274	3.52847	3.12866	4.04386	3.69379	3.89066	4.11419	3.5431	1.93076	4.76022	2.67447	3.52305	4.77406	2.3921	0.856324	2.52751	2.59856	2.81231</FloatingPoint>
				<FloatingPoint size="20">	0.247264	0.934608	0.655123	0.42405	0.829534	0.696839	0.951628	0.951041	0.773677	0.513481	0.583542	0.950181	0.5427	0.233519	0.472796	0.437571	0.513763	0.574475	0.882208	0.869503</FloatingPoint>
			</Individual>
			<Individual size="2">
				<FitnessMax value="3.03747"/>
				<FloatingPoint size="50">	2.75535	0.38514	2.33548	2.22154	3.56214	1.25639	2.92935	3.39202	4.8054	1.54174	2.70242	1.20769	0.607906	2.7508	3.67831	2.58905	0.306657	2.64005	1.81237	1.43814	3.23393	2.92329	3.19253	4.51011	3.83232	2.69779	0.0594806	2.38892	1.48447	2.7797	4.24548	3.30371	4.28441	3.52773	3.12734	4.04594	3.68452	3.87551	3.95496	3.59469	1.92137	4.75886	2.67197	3.52284	4.78324	2.3921	0.855534	2.52765	2.59856	2.81213</FloatingPoint>
				<FloatingPoint size="20">	0.427735	0.930502	0.656039	0.405731	0.820462	0.661351	0.951628	0.951041	0.77256	0.589907	0.418365	0.950181	0.50593	0.23346	0.478256	0.447309	0.512759	0.568469	0.882228	0.869504</FloatingPoint>
			</Individual>
			<Individual size="2">
				<FitnessMax value="3.03747"/>
				<FloatingPoint size="50">	2.75534	0.385477	2.34096	2.22172	3.56216	1.25605	2.48988	3.39203	4.87551	1.54133	2.70242	1.20769	0.257906	2.75985	3.67831	2.58905	0.306657	2.64005	1.81126	1.43566	3.23401	2.92236	3.19256	4.50333	4.0207	2.69781	0.059492	2.3889	1.48486	2.77976	4.23362	3.33714	4.34205	3.52771	3.12514	4.04873	3.68797	3.87001	3.84803	3.59218	2.06464	4.76964	2.67184	3.523	4.78103	2.3921	0.858693	2.52771	2.59856	2.8122</FloatingPoint>
				<FloatingPoint size="20">	0.232193	0.934134	0.627636	0.418639	0.8168	0.40348	0.951628	0.951041	0.774288	0.60415	0.580974	0.950181	0.469478	0.233323	0.470468	0.442811	0.513353	0.574433	0.882216	0.869503</FloatingPoint>
			</Individual>
			<Individual size="2">
				<FitnessMax value="3.03747"/>
				<FloatingPoint size="50">	2.75535	0.373168	2.33932	2.2229	3.56212	0.798083	2.82585	3.39271	4.83888	1.53106	2.70242	1.20769	0.513247	2.75891	3.6783	2.58905	0.306657	2.64005	1.81236	1.43458	3.2451	2.75462	3.19256	4.51084	3.95629	2.6978	0.0594915	2.38891	1.48472	2.78088	4.27434	3.30544	4.26009	3.52884	3.12734	4.03959	3.69499	3.94163	4.69881	3.5833	2.06534	4.75352	2.6821	3.52351	4.74874	2.3921	0.855534	2.5276	2.59856	2.81275</FloatingPoint>
				<FloatingPoint size="20">	0.302474	0.934654	0.655323	0.419425	0.823772	0.711482	0.951628	0.951041	0.814272	0.525714	0.548434	0.950181	0.451922	0.233119	0.461932	0.450648	0.512226	0.569452	0.882221	0.869504</FloatingPoint>
			</Individual>
			<Individual size="2">
				<FitnessMax value="3.03747"/>
				<FloatingPoint size="50">	2.75534	0.385477	2.34096	2.22172	3.56216	1.25605	2.48988	3.39203	4.87551	1.54133	2.70242	1.69854	0.257906	2.75985	3.67831	2.58905	0.306657	2.64005	1.81126	1.43566	3.23401	2.92236	3.19256	4.50333	4.0207	2.69781	0.059492	2.3889	1.48486	2.77976	4.23362	3.33714	4.34205	3.52771	3.12514	4.04873	3.68797	3.87001	3.84803	3.59218	2.06464	4.76964	2.67184	3.523	4.78103	2.3921	0.858693	2.52771	2.59856	2.8122</FloatingPoint>
				<FloatingPoint size="20">	0.345343	0.9346	0.656431	0.423326	0.813839	0.702073	0.951628	0.951041	0.773946	0.51636	0.558455	0.950181	0.480018	0.233335	0.46564	0.439982	0.510323	0.571739	0.882205	0.869503</FloatingPoint>
			</Individual>
			<Individual size="2">
				<FitnessMax value="3.03747"/>
				<FloatingPoint size="50">	2.75534	0.385477	2.34096	2.22172	3.56216	1.25605	2.48988	3.39203	4.87551	1.54133	2.70242	1.20769	0.257906	2.75985	3.67831	2.58905	0.306657	2.64005	1.81126	1.43566	3.23401	2.92236	3.19256	4.50333	4.0207	2.69781	0.059492	2.3889	1.48486	2.77976	4.23362	3.33714	4.34205	3.52771	3.12514	4.04873	3.68797	3.87001	3.84803	3.59218	2.06464	4.76964	2.67184	3.523	4.78103	2.3921	0.858693	2.52771	2.59856	2.8122</FloatingPoint>
				<FloatingPoint size="20">	0.0765667	0.934555	0.656132	0.423972	0.823744	0.685231	0.951628	0.951041	0.776602	0.504367	0.576484	0.950181	0.525074	0.233016	0.458733	0.446813	0.504936	0.575684	0.882219	0.869503</FloatingPoint>
			</Individual>
			<Individual size="2">
				<FitnessMax value="3.03747"/>
				<FloatingPoint size="50">	2.75535	0.380543	2.33941	2.2216	3.56215	1.25524	2.59526	3.392	4.67165	1.54042	2.70242	1.3444	0.432906	2.73765	3.67858	2.58905	0.306657	2.64006	1.81267	1.4369	3.24293	2.92719	3.19254	4.50605	3.99426	2.69776	0.0594902	2.38891	1.48398	2.78029	4.25398	3.27626	4.30107	3.52921	3.12999	4.04178	3.70305	3.90582	4.27342	3.4915	1.94015	4.76158	2.67697	3.52326	4.76488	2.3921	0.857114	2.52737	2.59856	2.81248</FloatingPoint>
				<FloatingPoint size="20">	0.271609	0.934584	0.655224	0.42466	0.842864	0.696448	0.951628	0.951041	0.77378	0.51297	0.572946	0.950181	0.475582	0.23328	0.467147	0.441837	0.510104	0.573395	0.882211	0.869503</FloatingPoint>
			</Individual>
			<Individual size="2">
				<FitnessMax value="3.03747"/>
				<FloatingPoint size="50">	2.75534	0.385477	2.34096	2.22172	3.56216	1.25605	2.48988	3.39203	2.93407	1.54133	2.70242	1.20769	0.257906	2.75985	3.67831	2.58905	0.306657	2.64005	1.81126	1.43566	3.23401	2.92236	3.19256	4.50333	4.0207	2.69781	0.059492	2.3889	1.48486	2.77976	4.23362	3.33714	4.34205	3.52771	3.12514	4.04873	3.68797	3.87001	3.84803	3.59218	2.06464	4.76964	2.67184	3.523	4.78103	2.3921	0.858693	2.52771	2.59856	2.8122</FloatingPoint>
				<FloatingPoint size="20">	0.134543	0.934386	0.619116	0.419436	0.811222	0.68715	0.951628	0.951041	0.774775	0.518915	0.573797	0.950181	0.48592	0.233438	0.46632	0.445077	0.34664	0.572266	0.882212	0.869503</FloatingPoint>
			</Individual>
			<Individual size="2">
				<FitnessMax value="3.03747"/>
				<FloatingPoint size="50">	2.75535	0.38538	2.33865	2.22172	3.56216	1.2541	2.65719	3.39199	4.74562	1.54647	2.70242	1.48111	0.257906	2.72449	3.67831	2.58905	0.306657	2.64007	1.80955	1.43566	3.22981	2.92236	3.19256	4.50333	4.0207	2.69779	0.059492	2.3889	1.48349	2.77969	4.23362	3.24709	4.34205	3.52957	3.13263	4.04397	3.7111	3.87001	3.84803	3.39969	1.81496	4.76964	2.67184	3.523	4.78103	2.3921	0.858693	2.52713	2.59856	2.8122</FloatingPoint>
				<FloatingPoint size="20">	0.330482	0.934579	0.655313	0.424798	0.82314	0.271659	0.951628	0.951041	0.76977	0.512589	0.573471	0.950181	0.440264	0.233204	0.460752	0.43903	0.508453	0.5838	0.882212	0.869504</FloatingPoint>
			</Individual>
			<Individual size="2">
				<FitnessMax value="3.03747"/>
				<FloatingPoint size="50">	2.75535	0.38538	2.33865	2.22172	3.56216	1.2541	2.65719	3.39199	4.74562	1.54647	2.70242	1.48111	0.257906	2.72449	3.67831	2.58905	0.306657	2.64007	1.80955	1.43566	3.22981	2.92236	3.19256	4.50333	4.0207	2.69779	0.059492	2.3889	1.48349	2.77969	4.23362	3.24709	4.34205	3.52957	3.13263	4.04397	3.7111	3.87001	3.84803	3.39969	1.81496	4.76964	2.67184	3.523	4.78103	2.3921	0.858693	2.52713	2.59856	2.8122</FloatingPoint>
				<FloatingPoint size="20">	0.126794	0.934536	0.649534	0.424299	0.831765	0.455432	0.951628	0.951041	0.774153	0.516688	0.570413	0.950181	0.507806	0.233101	0.463053	0.441448	0.509137	0.573359	0.882212	0.869503</FloatingPoint>
			</Individual>
			<Individual size="2">
				<FitnessMax value="3.03747"/>
				<FloatingPoint size="50">	2.75534	0.385584	2.34098	2.22174	3.56216	1.25613	2.49095	3.39207	4.8795	1.54049	2.70242	1.20769	0.232561	2.75985	3.67831	2.58905	0.306657	2.64005	1.81126	1.43558	3.2339	2.92529	3.19256	4.5027	4.02212	2.69781	0.0594923	2.3889	1.48487	2.77975	4.23339	3.33763	4.3411	3.52767	3.1244	4.04885	3.69278	3.86749	3.85305	3.58857	2.06672	4.77004	2.67198	3.52302	4.78169	2.3921	0.858671	2.52773	2.59856	2.81218</FloatingPoint>
				<FloatingPoint size="20">	0.0840795	0.934552	0.656085	0.423968	0.823832	0.68577	0.951628	0.951041	0.776466	0.504792	0.57695	0.950181	0.526782	0.233042	0.459454	0.446332	0.50539	0.575643	0.882218	0.869503</FloatingPoint>
			</Individual>
			<Individual size="2">
				<FitnessMax value="3.03747"/>
				<FloatingPoint size="50">	2.75534	0.385477	2.34096	2.22172	3.56216	1.25605	2.48988	3.39203	4.87551	1.54133	2.70242	1.20769	0.257906	2.75985	3.67831	2.58905	0.306657	2.64005	1.81126	1.43566	3.23401	2.92236	3.19256	4.50333	4.0207	2.69781	0.059492	2.3889	1.48486	2.77976	4.23362	3.33714	4.34205	3.52771	3.12514	4.04873	3.68797	3.87001	3.84803	3.59218	2.06464	4.76964	2.67184	3.523	4.78103	2.3921	0.858693	2.52771	2.59856	2.8122</FloatingPoint>
				<FloatingPoint size="20">	0.296855	0.934456	0.64079	0.419378	0.860518	0.69246	0.951628	0.951041	0.770938	0.415703	0.582804	0.950181	0.459972	0.233478	0.469452	0.441513	0.512943	0.5747	0.882235	0.869503</FloatingPoint>
			</Individual>
			<Individual size="2">
				<FitnessMax value="3.03747"/>
				<FloatingPoint size="50">	2.75535	0.377711	2.33722	2.22287	3.56214	4.93864	2.76557	3.39261	4.61752	1.5328	2.70242	1.20769	0.51317	2.75909	3.67832	2.58905	0.306657	2.64005	1.81267	1.43556	3.24439	2.7482	3.19258	4.5108	4.00355	2.69779	0.0594907	2.38891	1.4847	2.77992	4.23567	3.31333	4.35053	3.52928	3.12527	4.04187	3.70742	3.89125	3.84097	3.60699	2.02411	4.76324	2.65895	3.52458	4.76846	2.3921	0.856602	2.52769	2.59856	2.81347</FloatingPoint>
				<FloatingPoint size="20">	0.134543	0.934707	0.655039	0.423716	0.813119	0.711817	0.951628	0.951041	0.773001	0.516934	0.577589	0.950181	0.468801	0.233225	0.470096	0.432237	0.512052	0.579876	0.882222	0.869503</FloatingPoint>
			</Individual>
			<Individual size="2">
				<FitnessMax value="3.03747"/>
				<FloatingPoint size="50">	2.75534	0.385477	2.34096	2.22172	3.56216	1.25605	2.48988	3.39203	4.87551	1.54133	2.70242	1.20769	0.257906	2.75985	3.67831	2.58905	0.306657	2.64005	1.81126	1.43566	3.23401	2.92236	3.19256	4.50333	4.0207	2.69781	0.059492	2.3889	1.48486	2.77976	4.23362	3.33714	4.34205	3.52771	3.12514	4.04873	3.68797	3.87001	3.84803	3.59218	2.06464	4.76964	2.67184	3.523	4.78103	2.3921	0.858693	2.52771	2.59856	2.8122</FloatingPoint>
				<FloatingPoint size="20">	0.498118	0.934487	0.633779	0.419426	0.814122	0.701211	0.951628	0.951041	0.770889	0.230899	0.582797	0.950181	0.462285	0.233447	0.467625	0.444865	0.510638	0.594246	0.882218	0.869503</FloatingPoint>
			</Individual>
			<Individual size="2">
				<FitnessMax value="3.03747"/>
				<FloatingPoint size="50">	2.75535	0.380592	2.34054	2.2216	3.56216	1.25622	2.5116	3.39202	4.73659	1.53785	2.70242	1.20769	0.432906	2.75532	3.67858	2.58905	0.306657	2.64005	1.81353	1.4369	3.24503	2.92719	3.19254	4.50605	3.99426	2.69777	0.0594902	2.38891	1.48466	2.78032	4.25398	3.32129	4.30107	3.52828	3.12624	4.04416	3.69148	3.90582	4.27342	3.58774	2.06499	4.76158	2.67697	3.52326	4.76488	2.3921	0.857114	2.52766	2.59856	2.81248</FloatingPoint>
				<FloatingPoint size="20">	0.498118	0.934207	0.608067	0.417979	0.804655	0.707344	0.951628	0.951041	0.771094	0.521148	0.568941	0.950181	0.424382	0.233518	0.474839	0.437341	0.514819	0.571148	0.882204	0.869503</FloatingPoint>
			</Individual>
			<Individual size="2">
				<FitnessMax value="3.03747"/>
				<FloatingPoint size="50">	2.75535	0.380543	2.33941	2.2216	3.56215	1.25524	2.59526	3.392	4.67165	1.54042	2.70242	1.3444	0.432906	2.73765	3.67858	2.58905	0.306657	2.64006	1.81267	1.4369	3.24293	2.92719	3.19254	4.50605	3.99426	2.69776	0.0594902	2.38891	1.48398	2.78029	4.25398	3.27626	4.30107	3.52921	3.12999	4.04178	3.70305	3.90582	4.27342	3.4915	1.94015	4.76158	2.67697	3.52326	4.76488	2.3921	0.856916	2.5274	2.59856	2.81251</FloatingPoint>
				<FloatingPoint size="20">	0.271609	0.934584	0.655224	0.42466	0.842864	0.696448	0.951628	0.951041	0.77378	0.51297	0.572946	0.950181	0.475582	0.23328	0.467147	0.441837	0.510104	0.573395	0.882211	0.869503</FloatingPoint>
			</Individual>
			<Individual size="2">
				<FitnessMax value="3.03747"/>
				<FloatingPoint size="50">	2.75534	0.385477	2.34096	2.22172	3.56216	1.25605	2.48988	3.39203	4.87551	1.54133	2.70242	1.20769	0.257906	2.75985	3.67831	2.58905	0.306657	2.64005	1.81126	1.43566	3.23401	2.92236	3.19256	4.50333	4.0207	2.69781	0.059492	2.3889	1.48486	2.77976	4.23362	3.33714	4.34205	3.52771	3.12514	4.04873	3.68797	3.87001	3.84803	3.59218	2.06464	4.76964	2.67184	3.523	4.78103	2.3921	0.858693	2.52771	2.59856	2.8122</FloatingPoint>
				<FloatingPoint size="20">	0.499802	0.934203	0.621198	0.41795	0.806661	0.688146	0.951628	0.951041	0.77012	0.712114	0.601601	0.950181	0.435775	0.233385	0.474588	0.439474	0.511068	0.574201	0.88221	0.869503</FloatingPoint>
			</Individual>
			<Individual size="2">
				<FitnessMax value="3.03747"/>
				<FloatingPoint size="50">	2.75535	0.379128	2.3378	2.22365	3.56214	1.25506	2.74996	3.39331	4.597	1.52511	2.70241	1.20769	0.641639	2.75766	3.67843	2.58905	0.306657	2.64006	1.81282	1.43356	3.25066	2.73252	3.19283	4.51443	3.94579	2.6978	0.059489	2.38892	1.48404	2.78052	4.24945	3.30488	4.42987	3.52891	3.15839	4.04159	3.70598	3.88997	3.7688	3.61404	1.90958	4.75097	2.65343	3.52471	4.7628	2.3921	0.856853	2.52718	2.59856	2.81399</FloatingPoint>
				<FloatingPoint size="20">	0.0765667	0.934555	0.656132	0.423972	0.823744	0.685231	0.951628	0.951041	0.776602	0.504367	0.576484	0.950181	0.525074	0.233016	0.458733	0.446813	0.504936	0.575684	0.882219	0.869503</FloatingPoint>
			</Individual>
			<Individual size="2">
				<FitnessMax value="3.03747"/>
				<FloatingPoint size="50">	2.75534	0.385477	2.34096	2.22172	3.56216	1.25605	2.48988	3.39203	4.87551	1.54133	2.70242	1.20769	0.257906	2.75985	3.67831	2.58905	0.306657	2.64005	1.81126	1.43566	3.23401	2.92236	3.19256	4.50333	4.0207	2.69781	0.059492	2.3889	1.48486	2.77976	4.23362	3.33714	4.34205	3.52771	3.12514	4.04873	3.68797	3.87001	3.84803	3.59218	2.06464	4.76964	2.67184	3.523	4.78103	2.3921	0.858693	2.52771	2.59856	2.8122</FloatingPoint>
				<FloatingPoint size="20">	0.383626	0.934205	0.626456	0.415906	0.895049	0.686999	0.951628	0.951041	0.767584	0.322981	0.585444	0.950181	0.475148	0.233432	0.46746	0.444869	0.512044	0.574885	0.882242	0.869503</FloatingPoint>
			</Individual>
			<Individual size="2">
				<FitnessMax value="3.03747"/>
				<FloatingPoint size="50">	2.75534	0.385477	2.34096	2.22172	3.56216	1.25605	2.48988	3.39203	4.87551	1.54133	2.70242	1.20769	0.257906	2.75985	3.67831	2.58905	0.306657	2.64005	1.81126	1.43566	3.23401	2.92236	3.19256	4.50333	4.0207	2.69781	0.059492	2.3889	1.48486	2.77976	4.23362	3.33714	4.34205	3.52771	3.12514	4.04873	3.68797	3.87001	3.84803	3.59218	2.06464	4.76964	2.67184	3.523	4.78103	2.3921	0.858693	2.52771	2.59856	2.8122</FloatingPoint>
				<FloatingPoint size="20">	0.383626	0.934205	0.626456	0.415906	0.895049	0.686999	0.951628	0.951041	0.767584	0.322981	0.585444	0.950181	0.475148	0.233432	0.46746	0.444869	0.512044	0.574885	0.882242	0.869503</FloatingPoint>
			</Individual>
			<Individual size="2">
				<FitnessMax value="3.03747"/>
				<FloatingPoint size="50">	2.75534	0.383144	2.34096	2.22172	3.56216	1.2536	2.78306	3.39196	4.87551	1.55187	2.70242	1.43205	0.257906	2.75971	3.67831	2.58905	0.306657	2.64008	1.8133	1.43566	3.23212	2.92236	3.19256	4.50333	4.0207	2.69781	0.059492	2.3889	1.48486	2.77968	4.23362	3.25221	4.34205	3.52784	3.12514	4.03997	3.68281	3.87001	3.84803	3.59292	1.51132	4.76964	2.67184	3.523	4.78103	2.3921	0.858693	2.5274	2.59856	2.8122</FloatingPoint>
				<FloatingPoint size="20">	0.0840795	0.934552	0.656085	0.423968	0.823832	0.0594452	0.951628	0.951041	0.776466	0.504792	0.57695	0.950181	0.526782	0.233042	0.459454	0.446332	0.50539	0.575643	0.882218	0.869503</FloatingPoint>
			</Individual>
			<Individual size="2">
				<FitnessMax value="3.03747"/>
				<FloatingPoint size="50">	2.75534	0.385584	2.34098	2.22174	3.56216	1.25613	2.49095	3.39207	4.8795	1.54049	2.70242	1.20769	0.232561	2.75985	3.67831	2.58905	0.306657	2.64005	1.81126	1.43558	3.2339	2.92529	3.19256	4.5027	4.02212	2.69781	0.0594923	2.3889	1.48487	2.77975	4.23339	3.33763	4.3411	3.52767	3.1244	4.04885	3.69278	3.86749	3.85305	3.58857	2.06672	4.77004	2.67198	3.52302	4.78169	2.3921	0.858671	2.52773	2.59856	2.81218</FloatingPoint>
				<FloatingPoint size="20">	0.302474	0.934552	0.655323	0.423968	0.823772	0.68577	0.951628	0.951041	0.814272	0.525714	0.57695	0.950181	0.526782	0.233042	0.459454	0.450648	0.50539	0.569452	0.882221	0.869503</FloatingPoint>
			</Individual>
			<Individual size="2">
				<FitnessMax value="3.03747"/>
				<FloatingPoint size="50">	2.75534	0.385477	2.34096	2.22172	3.56216	1.25605	2.48988	3.39203	4.87551	1.54133	2.70242	1.20769	0.257906	2.75985	3.67831	2.58905	0.306657	2.64005	1.81126	1.43566	3.23401	2.92236	3.19256	4.50333	4.0207	2.69781	0.059492	2.3889	1.48486	2.77976	4.23362	3.33714	4.34205	3.52771	3.12514	4.04873	3.68797	3.87001	3.84803	3.59218	2.06464	4.76964	2.67184	3.523	4.78103	2.3921	0.858693	2.52771	2.59856	2.8122</FloatingPoint>
				<FloatingPoint size="20">	0.531428	0.93336	0.65604	0.415201	0.828913	0.69125	0.951628	0.951041	0.77371	0.532486	0.547928	0.950181	0.436244	0.233313	0.478633	0.439477	0.510139	0.575211	0.882224	0.869504</FloatingPoint>
			</Individual>
			<Individual size="2">
				<FitnessMax value="3.03747"/>
				<FloatingPoint size="50">	2.75535	0.375706	2.34016	2.22148	3.56215	1.25639	2.53333	3.39202	4.59768	1.53437	2.70241	1.20769	0.607906	2.7508	3.67886	2.58905	0.306657	2.64005	1.8158	1.43814	3.25606	2.93203	3.19253	4.50878	3.96782	2.69774	0.0594884	2.38891	1.48447	2.78088	4.27434	3.30544	4.31569	3.52873	3.12647	4.0436	3.69029	3.92829	4.19118	3.58887	2.06502	4.76847	2.67268	3.52307	4.75463	2.3921	0.855682	2.52768	2.59856	2.81228</FloatingPoint>
				<FloatingPoint size="20">	0.427735	0.934593	0.65515	0.415788	0.821581	0.686954	0.951628	0.951041	0.768401	0.735034	0.585849	0.950181	0.47063	0.233461	0.474936	0.444856	0.511791	0.596822	0.882248	0.869504</FloatingPoint>
			</Individual>
			<Individual size="2">
				<FitnessMax value="3.03747"/>
				<FloatingPoint size="50">	2.75534	0.383144	2.34096	2.22172	3.56216	1.2536	2.78306	3.39196	4.87551	1.55187	2.70242	1.43205	0.257906	2.75971	3.67831	2.58905	0.306657	2.64008	1.8133	1.43566	3.23212	2.92236	3.19256	4.50333	4.0207	2.69781	0.059492	2.3889	1.48486	2.77968	4.23362	3.25221	4.34205	3.52784	3.12514	4.03997	3.68281	3.87001	3.84803	3.59292	1.51132	4.76964	2.67184	3.523	4.78103	2.3921	0.858693	2.5274	2.59856	2.8122</FloatingPoint>
				<FloatingPoint size="20">	0.0840795	0.934552	0.656085	0.423968	0.823832	0.0594452	0.951628	0.951041	0.776466	0.504792	0.57695	0.950181	0.526782	0.233042	0.459454	0.446332	0.50539	0.575643	0.882218	0.869503</FloatingPoint>
			</Individual>
			<Individual size="2">
				<FitnessMax value="3.03747"/>
				<FloatingPoint size="50">	2.75534	0.385324	2.33785	2.22172	3.56215	1.25225	2.68864	3.39196	4.71765	1.54996	2.70242	1.20769	0.257906	2.73725	3.67831	2.58905	0.306657	2.64005	1.8076	1.43566	3.22985	2.92236	3.19256	4.50333	4.0207	2.69778	0.059492	2.3889	1.48417	2.77974	4.23362	3.18611	4.34205	3.5309	2.99546	4.04189	3.73476	3.87001	3.84803	3.31305	1.59936	4.76964	2.67184	3.523	4.78103	2.3921	0.858693	2.52439	2.59856	2.81564</FloatingPoint>
				<FloatingPoint size="20">	0.4286	0.934627	0.654886	0.420741	0.844347	0.718497	0.951628	0.951041	0.77351	0.517478	0.58017	0.950181	0.474117	0.233183	0.474973	0.432175	0.512305	0.580051	0.882223	0.869503</FloatingPoint>
			</Individual>
			<Individual size="2">
				<FitnessMax value="3.03747"/>
				<FloatingPoint size="50">	2.75535	0.38277	2.34058	2.2202	3.56216	1.25466	2.5018	3.39202	4.85142	1.5267	2.70241	1.20769	0.804772	2.76038	3.67838	2.58905	0.306657	2.64006	1.81491	1.43932	3.24003	2.91835	3.19281	4.5194	4.01566	2.69784	0.0594917	2.389	1.48506	2.77976	4.26789	3.34259	4.37713	3.52818	3.1397	4.04877	3.67716	3.87599	3.71574	3.60093	2.04506	4.75981	2.66341	3.52489	4.77701	2.3921	0.858643	2.52677	2.59856	2.81341</FloatingPoint>
				<FloatingPoint size="20">	0.499802	0.934586	0.652738	0.398737	0.805956	0.586566	0.951628	0.951041	0.774946	0.700243	0.570696	0.950181	0.5037	0.233413	0.477126	0.221679	0.512752	0.568764	0.882243	0.869504</FloatingPoint>
			</Individual>
			<Individual size="2">
				<FitnessMax value="3.03747"/>
				<FloatingPoint size="50">	2.75535	0.377041	2.33676	2.22428	3.56213	1.25474	2.83548	3.39372	4.50542	1.51978	2.70241	1.20769	0.767819	2.75694	3.67846	2.58905	0.306657	2.64006	1.81333	1.43286	3.25613	2.6701	3.19292	4.51808	3.92115	2.69779	0.059488	2.38892	1.48377	2.78078	4.25465	3.29427	4.45875	3.52931	3.16932	4.03924	3.7119	3.89653	3.74275	3.62123	1.85859	4.74484	2.64738	3.52527	4.75681	2.3921	0.856248	2.527	2.59856	2.81458</FloatingPoint>
				<FloatingPoint size="20">	0.0840795	0.934552	0.656085	0.423968	0.823832	0.68577	0.951628	0.951041	0.776466	0.504792	0.57695	0.950181	0.526782	0.233042	0.459454	0.446332	0.50539	0.575643	0.882218	0.869503</FloatingPoint>
			</Individual>
			<Individual size="2">
				<FitnessMax value="3.03747"/>
				<FloatingPoint size="50">	2.75535	0.375706	2.34012	2.22148	3.56215	1.25639	2.53333	3.39202	4.59768	1.53437	2.70241	1.20769	0.607906	2.7508	3.67886	2.58905	0.306657	2.64005	1.8158	1.43814	3.25606	2.93203	3.19253	4.50878	3.96782	2.69774	0.0594884	2.38891	1.48447	2.78088	4.27434	3.30544	4.26009	3.52884	3.12734	4.03959	3.69499	3.94163	4.69881	3.5833	2.06534	4.75352	2.6821	3.52351	4.74874	2.3921	0.855534	2.5276	2.59856	2.81275</FloatingPoint>
				<FloatingPoint size="20">	0.427735	0.934593	0.65515	0.415788	0.821581	0.686954	0.951628	0.951041	0.768401	0.735034	0.585849	0.950181	0.47063	0.233461	0.474936	0.444856	0.511791	0.596822	0.882248	0.869504</FloatingPoint>
			</Individual>
			<Individual size="2">
				<FitnessMax value="3.03747"/>
				<FloatingPoint size="50">	2.75535	0.384276	2.3387	2.2224	3.56214	2.6258	2.53064	3.39215	4.73392	1.53595	2.70242	1.20769	0.387475	2.75935	3.67831	2.58905	0.306657	2.64005	1.81238	1.43556	3.23925	2.88294	3.19256	4.50857	4.01729	2.69779	0.0594913	2.3889	1.48478	2.77988	4.23455	3.31357	4.34704	3.52913	3.12492	4.04775	3.69682	3.88498	3.84101	3.60184	2.03033	4.76426	2.67137	3.52411	4.77489	2.3921	0.857946	2.52769	2.59856	2.81276</FloatingPoint>
				<FloatingPoint size="20">	0.302474	0.934552	0.655323	0.423968	0.823772	0.68577	0.951628	0.951041	0.814272	0.525714	0.57695	0.950181	0.526782	0.233042	0.459454	0.450648	0.50539	0.569452	0.882221	0.869503</FloatingPoint>
			</Individual>
			<Individual size="2">
				<FitnessMax value="3.03608"/>
				<FloatingPoint size="50">	2.75534	0.385477	2.34096	2.22172	3.56216	1.25605	2.48988	3.39203	4.87551	1.54133	2.70242	1.20769	0.257906	2.75985	3.67831	2.58905	0.306657	2.64005	1.81126	1.43566	3.23401	2.92236	3.19256	4.50333	4.0207	2.69781	0.059492	2.3889	1.48486	2.77976	4.23362	3.33714	4.34205	3.52771	3.12514	4.04873	3.68797	3.87001	3.84803	3.59218	2.06464	4.76964	2.67184	3.523	4.78103	2.3921	0.858693	2.52771	2.59856	2.8122</FloatingPoint>
				<FloatingPoint size="20">	0.154731	0.934794	0.654808	0.420214	0.860297	0.719405	0.951628	0.951041	0.770131	0.518671	0.579994	0.982174	0.4438	0.405679	0.465049	0.409284	0.512159	0.581056	0.882231	0.869503</FloatingPoint>
			</Individual>
			<Individual size="2">
				<FitnessMax value="3.03747"/>
				<FloatingPoint size="50">	2.75535	0.377082	2.33683	2.2242	3.56211	5.26351	2.73346	3.39267	4.63659	1.52843	2.70241	1.23088	0.699771	2.74266	3.67851	2.58906	0.306657	2.64006	1.81335	1.4331	3.25393	2.65327	3.19267	4.52522	3.9283	2.69779	0.0594903	2.38891	1.4845	2.78044	4.25426	3.26389	4.48535	3.5293	3.1702	4.04229	3.71179	3.89544	4.11238	3.61854	2.01562	4.75881	2.65982	3.52518	4.75857	2.3921	0.855717	2.52739	2.59856	2.8122</FloatingPoint>
				<FloatingPoint size="20">	0.4286	0.934627	0.654886	0.420741	0.844347	0.718497	0.951628	0.951041	0.77351	0.517478	0.58017	0.950181	0.474117	0.233183	0.474973	0.432175	0.512305	0.580051	0.882223	0.869503</FloatingPoint>
			</Individual>
			<Individual size="2">
				<FitnessMax value="3.03747"/>
				<FloatingPoint size="50">	2.75535	0.382595	2.34012	2.22166	3.56216	1.2562	2.49898	3.39202	4.86359	1.53628	2.70242	1.2076	0.464825	2.75311	3.6787	2.58905	0.306657	2.64005	1.81215	1.43692	3.24589	2.92696	3.19255	4.50458	3.98138	2.69776	0.0594891	2.38891	1.48459	2.77979	4.2708	3.3265	4.31568	3.52873	3.12647	4.0436	3.69028	3.92831	4.1913	3.58893	2.0651	4.76847	2.67268	3.52307	4.75462	2.3921	0.855681	2.52768	2.59856	2.81228</FloatingPoint>
				<FloatingPoint size="20">	0.240171	0.933244	0.655343	0.417913	0.82382	0.491079	0.951628	0.951041	0.768947	0.723013	0.605089	0.950181	0.484133	0.233148	0.474551	0.444904	0.506685	0.593637	0.88223	0.869504</FloatingPoint>
			</Individual>
			<Individual size="2">
				<FitnessMax value="3.03747"/>
				<FloatingPoint size="50">	2.75535	0.384877	2.33983	2.22206	3.56215	1.94092	2.51026	3.39209	4.80471	1.53864	2.70242	1.20769	0.32269	2.7596	3.67831	2.58905	0.306657	2.64005	1.81182	1.43561	3.23663	2.90265	3.19256	4.50595	4.01899	2.6978	0.0594917	2.3889	1.48482	2.77982	4.23409	3.32536	4.34454	3.52842	3.12503	4.04824	3.6924	3.8775	3.84452	3.59701	2.04749	4.76695	2.67161	3.52356	4.77796	2.3921	0.85832	2.5277	2.59856	2.81248</FloatingPoint>
				<FloatingPoint size="20">	0.296855	0.934456	0.64079	0.419378	0.860518	0.69246	0.951628	0.951041	0.770938	0.415703	0.582804	0.950181	0.459972	0.233478	0.469452	0.441513	0.512943	0.5747	0.882235	0.869503</FloatingPoint>
			</Individual>
			<Individual size="2">
				<FitnessMax value="3.03747"/>
				<FloatingPoint size="50">	2.75534	0.385477	2.34096	2.22172	3.56216	1.25605	2.48988	3.39203	4.87551	1.54133	2.70242	1.20769	0.257906	2.75985	3.67831	2.58905	0.306657	2.64005	1.81126	1.43566	3.23401	2.92236	3.19256	4.50333	4.0207	2.69781	0.059492	2.3889	1.48486	2.77976	4.23362	3.33714	4.34205	3.52771	3.12514	4.04873	3.68797	3.87001	3.84803	3.59218	2.06464	4.76964	2.67184	3.523	4.78103	2.3921	0.858693	2.52771	2.59856	2.8122</FloatingPoint>
				<FloatingPoint size="20">	0.427735	0.930502	0.656039	0.405731	0.820462	0.661351	0.951628	0.951041	0.77256	0.589907	0.418365	0.950181	0.50593	0.23346	0.469791	0.447309	0.512759	0.568469	0.882228	0.869504</FloatingPoint>
			</Individual>
			<Individual size="2">
				<FitnessMax value="3.03747"/>
				<FloatingPoint size="50">	2.75534	0.38561	2.34597	2.22172	3.56216	1.25767	2.40192	3.39195	4.57313	1.55629	2.70242	1.20769	0.257906	2.70928	3.67831	2.58905	0.306657	2.64008	1.81038	1.43566	3.23199	2.92236	3.19256	4.50333	4.0207	2.69774	0.059492	2.3889	1.4816	2.7796	4.23362	3.20476	4.34205	3.52747	3.12425	4.03771	3.67406	3.87001	3.84803	3.48056	1.6263	4.76964	2.67184	3.523	4.78103	2.3921	0.858693	2.52613	2.59856	2.8122</FloatingPoint>
				<FloatingPoint size="20">	0.221709	0.932886	0.655984	0.422748	0.824002	0.68899	0.951628	0.951041	0.774178	0.510899	0.573362	0.950181	0.502236	0.233092	0.467092	0.444077	0.505976	0.579475	0.882219	0.869504</FloatingPoint>
			</Individual>
			<Individual size="2">
				<FitnessMax value="3.03747"/>
				<FloatingPoint size="50">	2.75535	0.382977	2.34054	2.22169	3.56216	1.25547	2.72935	3.392	4.86955	1.54387	2.70242	1.20764	0.361365	2.74931	3.6785	2.58905	0.306657	2.64006	1.81254	1.43629	3.23756	2.92466	3.19255	4.50395	4.00104	2.69778	0.0594906	2.3889	1.48473	2.77972	4.25221	3.27353	4.32886	3.52861	3.1258	4.04163	3.68476	3.89916	4.01967	3.59616	1.69626	4.76905	2.67226	3.52304	4.76782	2.3921	0.857187	2.52745	2.59856	2.81224</FloatingPoint>
				<FloatingPoint size="20">	0.240171	0.933244	0.655343	0.417913	0.82382	0.491079	0.951628	0.951041	0.768947	0.723013	0.605089	0.950181	0.484133	0.233148	0.474551	0.444904	0.506685	0.593637	0.88223	0.869504</FloatingPoint>
			</Individual>
			<Individual size="2">
				<FitnessMax value="3.03747"/>
				<FloatingPoint size="50">	2.75534	0.385477	2.34096	2.22172	3.56216	1.25605	2.48988	3.39203	4.87551	1.54133	2.70242	1.20769	0.257906	2.75985	3.67831	2.58905	0.306657	2.64005	1.81126	1.43566	3.23401	2.92236	3.19256	4.50333	4.0207	2.69781	0.059492	2.3889	1.48486	2.77976	4.23362	3.33714	4.34205	3.52771	3.12514	4.04873	3.68797	3.87001	3.84803	3.59218	2.06464	4.76964	2.67184	3.523	4.78103	2.3921	0.858693	2.52771	2.59856	2.8122</FloatingPoint>
				<FloatingPoint size="20">	0.427735	0.930502	0.656039	0.405731	0.820462	0.661351	0.951628	0.951041	0.77256	0.546321	0.418365	0.950181	0.50593	0.23346	0.955685	0.447309	0.512759	0.568469	0.882228	0.869504</FloatingPoint>
			</Individual>
			<Individual size="2">
				<FitnessMax value="3.03747"/>
				<FloatingPoint size="50">	2.75535	0.3825	2.3391	2.22165	3.56216	1.25478	2.62032	3.392	4.70158	1.54287	2.70242	1.39971	0.362103	2.73233	3.67847	2.58905	0.306657	2.64006	1.81141	1.4364	3.23762	2.92524	3.19255	4.50495	4.00496	2.69777	0.059491	2.38891	1.48378	2.78005	4.24575	3.26446	4.31765	3.52935	3.13106	4.04266	3.70631	3.89134	4.10131	3.45435	1.8895	4.76484	2.6749	3.52315	4.77141	2.3921	0.857752	2.52727	2.59856	2.81237</FloatingPoint>
				<FloatingPoint size="20">	0.0840795	0.934574	0.652155	0.424479	0.835057	0.54495	0.951628	0.951041	0.774115	0.515983	0.570903	0.950181	0.487989	0.233183	0.541496	0.441649	0.510014	0.573377	0.882211	0.869503</FloatingPoint>
			</Individual>
			<Individual size="2">
				<FitnessMax value="3.03747"/>
				<FloatingPoint size="50">	2.75534	0.385477	2.34096	2.22172	3.56216	1.25605	2.48988	3.39203	4.87551	1.54133	2.70242	1.20769	0.257906	2.75985	3.67831	2.58905	0.306657	2.64005	1.81126	1.43566	3.23401	2.92236	3.19256	4.50333	4.0207	2.69781	0.059492	2.3889	1.48486	2.77976	4.23362	3.33714	4.34205	3.52771	3.12514	4.04873	3.68797	3.87001	3.84803	3.59218	2.06464	4.76964	2.67184	3.523	4.78103	2.3921	0.858693	2.52771	2.59856	2.8122</FloatingPoint>
				<FloatingPoint size="20">	0.297727	0.934505	0.654674	0.422648	0.820982	0.661663	0.951628	0.951041	0.77414	0.54137	0.580033	0.950181	0.483244	0.233504	0.475861	0.429152	0.513111	0.573869	0.882213	0.869504</FloatingPoint>
			</Individual>
			<Individual size="2">
				<FitnessMax value="2.33423"/>
				<FloatingPoint size="50">	2.75534	0.385477	2.34096	2.22172	3.56216	1.25162	2.5018	3.39202	4.85142	1.55294	2.70241	1.20769	0.257906	2.68004	3.67838	2.58905	0.306657	2.64008	1.81549	1.43566	3.24003	2.91835	3.19256	4.5194	4.0207	2.69784	0.059492	2.3889	1.48506	2.77976	4.23362	3.13383	4.37713	3.52919	3.1397	4.03532	3.67716	3.87599	3.71574	3.60144	2.04506	4.76964	2.66341	3.52489	4.77701	2.3921	1.03328	2.5264	2.59856	2.8122</FloatingPoint>
				<FloatingPoint size="20">	0.342558	0.934544	0.631166	0.419367	0.839892	0.137385	0.951628	0.951041	0.767852	0.398488	0.584078	0.950181	0.514818	0.233141	0.464022	0.445255	0.507007	0.575375	0.88222	0.869503</FloatingPoint>
			</Individual>
			<Individual size="2">
				<FitnessMax value="3.03747"/>
				<FloatingPoint size="50">	2.75534	0.385477	2.34096	2.22172	3.56216	1.25605	2.48988	3.39203	4.87551	1.54133	2.70242	1.20769	0.257906	2.75985	3.67831	2.58905	0.306657	2.64005	1.81126	1.43566	3.23401	2.92236	3.19256	4.50333	4.0207	2.69781	0.059492	2.3889	1.48486	2.77976	4.23362	3.33714	4.34205	3.52771	3.12514	4.04873	3.68797	3.87001	3.84803	3.59218	2.06464	4.76964	2.67184	3.523	4.78103	2.3921	0.858693	2.52771	2.59856	2.8122</FloatingPoint>
				<FloatingPoint size="20">	0.0840795	0.934552	0.656085	0.423968	0.823832	0.68577	0.951628	0.951041	0.776466	0.504792	0.57695	0.950181	0.526782	0.233042	0.459454	0.446332	0.50539	0.575643	0.882218	0.869503</FloatingPoint>
			</Individual>
			<Individual size="2">
				<FitnessMax value="3.03747"/>
				<FloatingPoint size="50">	2.75535	0.375706	2.34012	2.22148	3.56215	1.25639	2.53333	3.39202	4.59768	1.53437	2.70241	1.20769	0.607906	2.7508	3.67886	2.58905	0.306657	2.64005	1.8158	1.43814	3.25606	2.93203	3.19253	4.50878	3.96782	2.69774	0.0594884	2.38891	1.48447	2.78088	4.27434	3.30544	4.26009	3.52884	3.12734	4.03959	3.77473	4.28172	3.90116	2.6342	2.43381	4.73586	2.67274	3.5214	4.75038	2.3921	0.857382	2.52692	2.59856	2.81465</FloatingPoint>
				<FloatingPoint size="20">	0.210084	0.934707	0.655123	0.422849	0.825986	0.697921	0.951628	0.951041	0.774291	0.508425	0.580164	0.950181	0.444795	0.233525	0.471443	0.438158	0.513841	0.574516	0.882228	0.869503</FloatingPoint>
			</Individual>
			<Individual size="2">
				<FitnessMax value="3.03747"/>
				<FloatingPoint size="50">	2.75534	0.385477	2.34096	2.22172	3.56216	1.25605	2.48988	3.39203	4.87551	1.54133	2.70242	1.20769	0.257906	2.75985	3.67831	2.58905	0.306657	2.64005	1.81126	1.43566	3.23401	2.92236	3.19256	4.50333	4.0207	2.69781	0.059492	2.3889	1.48486	2.77976	4.23362	3.33714	4.34205	3.52771	3.12514	4.04873	3.68797	3.87001	3.84803	3.59218	2.06464	4.76964	2.67184	3.523	4.78103	2.3921	0.858693	2.52771	2.59856	2.8122</FloatingPoint>
				<FloatingPoint size="20">	0.220931	0.934617	0.655942	0.421946	0.832017	0.71531	0.951628	0.951041	0.77521	0.50866	0.577761	0.950181	0.496956	0.233119	0.47011	0.444138	0.505563	0.579852	0.88222	0.869503</FloatingPoint>
			</Individual>
			<Individual size="2">
				<FitnessMax value="3.03747"/>
				<FloatingPoint size="50">	2.75534	0.385477	2.34096	2.22172	3.56216	1.25605	2.48988	3.39203	4.87551	1.54133	2.70242	1.20769	0.257906	2.75985	3.67831	2.58905	0.306657	2.64005	1.81126	1.43566	3.23401	2.92236	3.19256	4.50333	4.0207	2.69781	0.059492	2.3889	1.48486	2.77976	4.23362	3.33714	4.34205	3.52771	3.12514	4.04873	3.68797	3.87001	3.84803	3.59218	2.06464	4.76964	2.67184	3.523	4.78103	2.3921	0.858693	2.52771	2.59856	2.8122</FloatingPoint>
				<FloatingPoint size="20">	0.515615	0.933973	0.654389	0.406969	0.817434	0.638908	0.951628	0.951041	0.774328	0.616365	0.559312	0.950181	0.469972	0.233363	0.477879	0.330578	0.511445	0.571987	0.882233	0.869504</FloatingPoint>
			</Individual>
			<Individual size="2">
				<FitnessMax value="3.03747"/>
				<FloatingPoint size="50">	2.75534	0.383144	2.34096	2.22172	3.56216	1.2536	2.78306	3.39196	4.87551	1.55187	2.70242	1.43205	0.257906	2.75971	3.67831	2.58905	0.306657	2.64008	1.8133	1.43566	3.23212	2.92236	3.19256	4.50333	4.0207	2.69781	0.059492	2.3889	1.48486	2.77968	4.26084	3.324	4.36991	3.52811	3.1367	4.04696	3.67832	3.87476	3.74295	3.59928	1.93526	4.76183	2.66514	3.5245	4.77784	2.3921	0.858653	2.5269	2.59856	2.81316</FloatingPoint>
				<FloatingPoint size="20">	0.0840795	0.934552	0.656085	0.423968	0.823832	0.0594452	0.951628	0.951041	0.776466	0.504792	0.57695	0.950181	0.526782	0.233042	0.459454	0.446332	0.50539	0.575643	0.882218	0.869503</FloatingPoint>
			</Individual>
			<Individual size="2">
				<FitnessMax value="3.03747"/>
				<FloatingPoint size="50">	2.75535	0.383922	2.33805	2.2217	3.56216	1.25241	2.61231	3.39303	4.4715	1.52834	2.70244	1.46205	0.0677771	2.75554	3.67841	2.58905	0.306657	2.64006	1.81544	1.43591	3.22705	2.64982	3.19258	4.51021	4.00101	2.69779	0.0594916	2.38889	1.48331	2.77991	4.24463	3.30995	4.38978	3.52968	3.16441	4.04257	3.71359	3.90001	3.8354	3.64491	1.58328	4.74643	2.67373	3.52313	4.77316	2.3921	0.85632	2.5277	2.59856	2.81204</FloatingPoint>
				<FloatingPoint size="20">	0.126794	0.934536	0.649534	0.424299	0.831765	0.455432	0.951628	0.951041	0.774153	0.516688	0.570413	0.950181	0.507806	0.233101	0.63222	0.441448	0.509137	0.573359	0.882212	0.869503</FloatingPoint>
			</Individual>
			<Individual size="2">
				<FitnessMax value="3.03747"/>
				<FloatingPoint size="50">	2.75535	0.379425	2.34056	2.2216	3.56216	1.255	2.65819	3.39199	4.73659	1.54312	2.70242	1.31987	0.432906	2.75525	3.67858	2.58905	0.306657	2.64007	1.81455	1.4369	3.24409	2.92719	3.19254	4.50605	3.99426	2.69777	0.0594902	2.38891	1.48466	2.78028	4.25398	3.27883	4.30107	3.52834	3.12624	4.03978	3.6889	3.90582	4.27342	3.58811	1.78833	4.76158	2.67697	3.52326	4.76488	2.3921	0.857114	2.5275	2.59856	2.81248</FloatingPoint>
				<FloatingPoint size="20">	0.0840795	0.934552	0.656085	0.423968	0.823832	0.0594452	0.951628	0.951041	0.776466	0.504792	0.57695	0.950181	0.526782	0.233042	0.459454	0.446332	0.50539	0.575643	0.882218	0.869503</FloatingPoint>
			</Individual>
			<Individual size="2">
				<FitnessMax value="3.03747"/>
				<FloatingPoint size="50">	2.75535	0.375706	2.34016	2.22148	3.56215	1.25639	2.53333	3.39202	4.59768	1.53437	2.70241	1.20769	0.607906	2.7508	3.67886	2.58905	0.306657	2.64005	1.8158	1.43814	3.25606	2.93203	3.19253	4.50878	3.96782	2.69774	0.0594884	2.38891	1.48447	2.78088	4.27434	3.30544	4.26009	3.52884	3.12734	4.03959	3.69499	3.94163	4.69881	3.5833	2.06534	4.75352	2.6821	3.52351	4.74874	2.3921	0.855534	2.5276	2.59856	2.81275</FloatingPoint>
				<FloatingPoint size="20">	0.440598	0.934159	0.655728	0.418562	0.823307	0.570483	0.951628	0.951041	0.776834	0.509858	0.607874	0.950181	0.490783	0.233086	0.46528	0.442681	0.507775	0.575695	0.882219	0.869503</FloatingPoint>
			</Individual>
			<Individual size="2">
				<FitnessMax value="3.03747"/>
				<FloatingPoint size="50">	2.75535	0.382596	2.34012	2.22166	3.56216	1.2562	2.49892	3.39202	4.86355	1.53629	2.70242	1.20769	0.464754	2.7531	3.6787	2.58905	0.306657	2.64005	1.81215	1.43692	3.24589	2.92696	3.19255	4.50457	3.98139	2.69776	0.0594891	2.38891	1.48459	2.77979	4.27079	3.32648	4.31569	3.52873	3.12647	4.0436	3.69029	3.92829	4.19118	3.58887	2.06502	4.76847	2.67268	3.52307	4.75463	2.3921	0.855682	2.52768	2.59856	2.81228</FloatingPoint>
				<FloatingPoint size="20">	0.427735	0.934593	0.65515	0.415788	0.821581	0.686954	0.951628	0.951041	0.768401	0.735034	0.585849	0.950181	0.47063	0.233461	0.474936	0.444856	0.511791	0.596822	0.882248	0.869504</FloatingPoint>
			</Individual>
			<Individual size="2">
				<FitnessMax value="3.03747"/>
				<FloatingPoint size="50">	2.75535	0.375706	2.34016	2.22148	3.56215	1.25639	2.53333	3.39202	4.59768	1.53437	2.70241	1.20769	0.607906	2.7508	3.67886	2.58905	0.306657	2.64005	1.8158	1.43814	3.25606	2.93203	3.19253	4.50878	3.96782	2.69774	0.0594884	2.38891	1.48447	2.78088	4.27434	3.30544	4.26009	3.52884	3.12734	4.03959	3.69499	3.94163	4.69881	3.5833	2.06534	4.75352	2.6821	3.52351	4.74874	2.3921	0.855534	2.5276	2.59856	2.81275</FloatingPoint>
				<FloatingPoint size="20">	0.48849	0.93425	0.655472	0.411944	0.82421	0.708526	0.951628	0.951041	0.77588	0.523638	0.55042	0.950181	0.450209	0.233191	0.47473	0.43761	0.511531	0.572411	0.882221	0.869504</FloatingPoint>
			</Individual>
			<Individual size="2">
				<FitnessMax value="3.03747"/>
				<FloatingPoint size="50">	2.75534	0.383144	2.34096	2.22172	3.56216	1.2536	2.78306	3.39196	4.87551	1.55187	2.70242	1.43205	0.257906	2.75971	3.67831	2.58905	0.306657	2.64008	1.8133	1.43566	3.23212	2.92236	3.19256	4.50333	4.0207	2.69781	0.059492	2.3889	1.48486	2.77968	4.23362	3.25221	4.34205	3.52784	3.12514	4.03997	3.68281	3.87001	3.84803	3.59292	1.51132	4.76964	2.67184	3.523	4.78103	2.3921	0.858693	2.5274	2.59856	2.8122</FloatingPoint>
				<FloatingPoint size="20">	0.221709	0.934608	0.656048	0.42408	0.813785	0.691656	0.951628	0.951041	0.772648	0.511114	0.576769	0.950181	0.501585	0.233146	0.464487	0.432875	0.508282	0.575354	0.882216	0.869503</FloatingPoint>
			</Individual>
			<Individual size="2">
				<FitnessMax value="3.03747"/>
				<FloatingPoint size="50">	2.75535	0.372255	2.34022	2.22128	3.56215	0.846053	2.75883	3.39219	4.62908	1.53087	2.70241	1.20769	0.542474	2.75908	3.67882	2.58905	0.306657	2.64005	1.81516	1.43847	3.26015	2.88673	3.19252	4.51067	3.96909	2.69774	0.0594901	2.38891	1.48487	2.77944	4.24169	3.31372	4.25491	3.5287	3.14289	4.03957	3.71711	3.89752	5.12792	3.60528	2.06802	4.75501	2.67917	3.5234	4.76912	2.3921	0.85786	2.52725	2.59856	2.81327</FloatingPoint>
				<FloatingPoint size="20">	0.4286	0.934627	0.654886	0.420741	0.844347	0.718497	0.951628	0.951041	0.77351	0.517478	0.58017	0.950181	0.474117	0.790214	0.474973	0.432175	0.512305	0.580051	0.882223	0.869503</FloatingPoint>
			</Individual>
			<Individual size="2">
				<FitnessMax value="3.03747"/>
				<FloatingPoint size="50">	2.75535	0.38538	2.33865	2.22172	3.56216	1.2541	2.65719	3.39199	4.74562	1.54647	2.70242	1.48111	0.257906	2.72449	3.67831	2.58905	0.306657	2.64007	1.80955	1.43566	3.22981	2.92236	3.19256	4.50333	4.0207	2.69779	0.059492	2.3889	1.48349	2.77969	4.23362	3.24709	4.34205	3.52957	3.13263	4.04397	3.7111	3.87001	3.84803	3.39969	1.81496	4.76964	2.67184	3.523	4.78103	2.3921	0.858693	2.52713	2.59856	2.8122</FloatingPoint>
				<FloatingPoint size="20">	0.582279	0.933248	0.656729	0.420265	0.805246	0.307515	0.951628	0.951041	0.779766	0.497807	0.695573	0.950181	0.537767	0.232848	0.456291	0.44916	0.501284	0.582354	0.882226	0.869504</FloatingPoint>
			</Individual>
			<Individual size="2">
				<FitnessMax value="3.03747"/>
				<FloatingPoint size="50">	2.75535	0.377041	2.33676	2.22428	3.56213	1.25474	2.83548	3.39372	4.50542	1.51978	2.70241	1.20769	0.767819	2.75694	3.67846	2.58905	0.306657	2.64006	1.81333	1.43286	3.25613	2.6701	3.19292	4.51808	3.92115	2.69779	0.059488	2.38892	1.48377	2.78078	4.25465	3.29427	4.45875	3.52931	3.16932	4.03924	3.7119	3.89653	3.74275	3.62123	1.85859	4.74484	2.64738	3.52527	4.75681	2.3921	0.856248	2.527	2.59856	2.81458</FloatingPoint>
				<FloatingPoint size="20">	0.221709	0.934554	0.656114	0.42397	0.82379	0.685522	0.951628	0.951041	0.776523	0.504604	0.57657	0.950181	0.526425	0.233023	0.458837	0.446574	0.504937	0.57568	0.882219	0.869503</FloatingPoint>
			</Individual>
			<Individual size="2">
				<FitnessMax value="3.03747"/>
				<FloatingPoint size="50">	2.75535	0.375706	2.34012	2.22148	3.56215	1.25639	2.53333	3.39202	4.59768	1.53437	2.70241	1.20769	0.607906	2.7508	3.67886	2.58905	0.306657	2.64005	1.8158	1.43814	3.25606	2.93203	3.19253	4.50878	3.96782	2.69774	0.0594884	2.38891	1.48447	2.78088	4.27434	3.30544	4.26009	3.52884	3.12734	4.03959	3.69499	3.94163	4.69881	3.5833	2.06534	4.75352	2.6821	3.52351	4.74874	2.3921	0.855534	2.5276	2.59856	2.81275</FloatingPoint>
				<FloatingPoint size="20">	0.298029	0.931416	0.655835	0.419504	0.824257	0.695016	0.951628	0.951041	0.774147	0.516479	0.56709	0.950181	0.469351	0.233107	0.468917	0.443598	0.507334	0.581761	0.88222	0.869504</FloatingPoint>
			</Individual>
			<Individual size="2">
				<FitnessMax value="3.03747"/>
				<FloatingPoint size="50">	2.75534	0.385477	2.34096	2.22172	3.56216	1.25605	2.48988	3.39203	4.87551	1.54133	2.70242	1.20769	0.257906	2.75985	3.67831	2.58905	0.306657	2.64005	1.81126	1.43566	3.23401	2.92236	3.19256	4.50333	4.0207	2.69781	0.059492	2.3889	1.48486	2.77976	4.23362	3.33714	4.34205	3.52771	3.12514	4.04873	3.68797	3.87001	3.84803	3.59218	2.06464	4.76964	2.67184	3.523	4.78103	2.3921	0.858693	2.52771	2.59856	2.8122</FloatingPoint>
				<FloatingPoint size="20">	0.531428	0.934406	0.620295	0.419972	0.859535	0.706065	0.951628	0.951041	0.769685	0.528997	0.575419	0.950181	0.457975	0.233437	0.466996	0.443783	0.510504	0.600485	0.882223	0.869503</FloatingPoint>
			</Individual>
			<Individual size="2">
				<FitnessMax value="3.03747"/>
				<FloatingPoint size="50">	2.75534	0.380498	2.34096	2.22172	3.56216	1.25162	2.5018	3.39202	4.85142	1.55294	2.70241	1.20769	0.257906	2.68004	3.67838	2.58905	0.306657	2.64008	1.81549	1.43566	3.24003	2.91835	3.19256	4.5194	4.0207	2.69784	0.059492	2.3889	1.48506	2.77976	4.23362	3.13383	4.37713	3.52919	3.1397	4.03532	3.67716	3.87599	3.71574	3.60144	2.04506	4.76964	2.66341	3.52489	4.77701	2.3921	0.858643	2.5264	2.59856	2.8122</FloatingPoint>
				<FloatingPoint size="20">	0.221709	0.934722	0.656085	0.423968	0.823832	0.0594452	0.951628	0.951041	0.776466	0.504792	0.57695	0.950181	0.526782	0.233042	0.459454	0.446332	0.50539	0.575643	0.882218	0.869503</FloatingPoint>
			</Individual>
			<Individual size="2">
				<FitnessMax value="3.03747"/>
				<FloatingPoint size="50">	2.75535	0.385257	2.33575	2.22172	3.56215	1.25164	2.86759	3.39194	4.58228	1.55294	2.70242	1.20769	0.257906	2.68004	3.67831	2.58905	0.306657	2.64008	1.80739	1.43566	3.22453	2.92236	3.19256	4.50333	4.0207	2.69776	0.059492	2.3889	1.48177	2.77961	4.23362	3.13383	4.34205	3.53191	3.14205	4.03797	3.74019	3.87001	3.84803	3.15763	1.50099	4.76964	2.67184	3.523	4.78103	2.3921	0.858693	2.5264	2.59856	2.8122</FloatingPoint>
				<FloatingPoint size="20">	0.0840795	0.934552	0.656085	0.423873	0.823832	0.0594452	0.951628	0.951041	0.776466	0.51363	0.586629	0.950181	0.562256	0.233588	0.459454	0.436329	0.514829	0.575643	0.882218	0.869503</FloatingPoint>
			</Individual>
			<Individual size="2">
				<FitnessMax value="3.03747"/>
				<FloatingPoint size="50">	2.75534	0.377085	2.33799	2.22258	3.56215	1.25616	2.70395	3.39255	4.55513	1.52814	2.7024	1.20769	0.609073	2.75334	3.67863	2.58905	0.306657	2.64005	1.8156	1.4373	3.25606	2.79167	3.19255	4.50967	3.93619	2.69776	0.0594882	2.38891	1.48424	2.78083	4.25997	3.30484	4.32569	3.52853	3.14321	4.04096	3.69527	3.91715	4.32312	3.58541	1.84392	4.74339	2.6676	3.5238	4.76079	2.3921	0.855679	2.52762	2.59856	2.81368</FloatingPoint>
				<FloatingPoint size="20">	0.362709	0.934568	0.651746	0.419149	0.811899	0.686991	0.951628	0.951041	0.771376	0.56909	0.583179	0.950181	0.503853	0.233448	0.467844	0.445052	0.51084	0.591528	0.882217	0.869503</FloatingPoint>
			</Individual>
			<Individual size="2">
				<FitnessMax value="2.82205"/>
				<FloatingPoint size="50">	2.75534	0.385477	2.34096	2.22172	3.56216	1.25605	2.48988	3.39203	4.87551	1.54133	2.70242	1.20769	0.257906	2.75985	3.67831	2.58905	0.306657	2.64005	1.81126	1.43566	3.23401	2.92236	3.19256	4.50333	4.0207	2.69781	0.059492	2.3889	1.48486	2.77976	4.23362	3.33714	4.34205	3.52771	3.12514	4.04873	3.68797	3.87001	3.84803	3.59218	2.06464	4.76964	2.67184	3.523	4.78103	2.3921	0.858693	2.52771	2.59856	2.8122</FloatingPoint>
				<FloatingPoint size="20">	0.427735	0.934596	0.653	0.423911	0.822589	0.707545	0.951628	0.951041	0.771002	0.482601	0.575957	0.866389	0.460064	0.233341	0.468633	0.440744	0.51248	0.57446	0.882234	0.869503</FloatingPoint>
			</Individual>
			<Individual size="2">
				<FitnessMax value="3.03747"/>
				<FloatingPoint size="50">	2.75535	0.380543	2.33941	2.2216	3.56215	1.25524	2.59526	3.392	4.67165	1.54042	2.70242	1.3444	0.432906	2.73765	3.67858	2.58905	0.306657	2.64006	1.81267	1.4369	3.24293	2.92719	3.19254	4.50605	3.99426	2.69776	0.0594902	2.38891	1.48398	2.78029	4.25398	3.27626	4.30107	3.52921	3.12999	4.04178	3.70305	3.90582	4.27342	3.4915	1.94015	4.76158	2.67697	3.52326	4.76488	2.3921	0.857114	2.52737	2.59856	2.81248</FloatingPoint>
				<FloatingPoint size="20">	0.247264	0.934608	0.655123	0.42405	0.829534	0.696839	0.951628	0.951041	0.773677	0.513481	0.583542	0.950181	0.5427	0.233519	0.472796	0.437571	0.513763	0.574475	0.882208	0.869503</FloatingPoint>
			</Individual>
			<Individual size="2">
				<FitnessMax value="3.03747"/>
				<FloatingPoint size="50">	2.75534	0.380498	2.34096	2.22172	3.56216	1.25162	2.86759	3.39194	4.87551	1.55294	2.70242	1.20769	0.257906	2.68004	3.67831	2.58905	0.306657	2.64008	1.81549	1.43566	3.22453	2.92236	3.19256	4.50333	4.0207	2.69781	0.059492	2.3889	1.48486	2.77961	4.23362	3.13383	4.34205	3.52919	3.12514	4.03532	3.6799	3.87001	3.84803	3.60144	1.50099	4.76964	2.67184	3.523	4.78103	2.3921	0.858693	2.5264	2.59856	2.8122</FloatingPoint>
				<FloatingPoint size="20">	0.383626	0.934554	0.656108	0.423969	0.823753	0.24652	0.951628	0.951041	0.776587	0.434456	0.576788	0.950181	0.525721	0.233042	0.459345	0.446521	0.50496	0.575678	0.882219	0.869503</FloatingPoint>
			</Individual>
			<Individual size="2">
				<FitnessMax value="3.03747"/>
				<FloatingPoint size="50">	2.75535	0.382841	2.33745	2.22157	3.56215	1.25582	2.7623	3.39201	4.73852	1.54108	2.70242	1.27605	0.520406	2.74422	3.67845	2.58905	0.306657	2.64006	1.81252	1.43752	3.23843	2.92524	3.19254	4.50808	3.91329	2.69778	0.0594854	2.38891	1.48423	2.77999	4.24973	3.28999	4.29274	3.52847	3.12866	4.04386	3.69379	3.89066	4.11419	3.5431	1.93076	4.76022	2.67447	3.52305	4.77406	2.3921	0.856324	2.52751	2.59856	2.81231</FloatingPoint>
				<FloatingPoint size="20">	0.427735	0.933264	0.655986	0.40909	0.821687	0.687535	0.951628	0.951041	0.77297	0.559096	0.575132	0.950181	0.53177	0.233315	0.472805	0.437219	0.513169	0.572296	0.882214	0.869503</FloatingPoint>
			</Individual>
			<Individual size="2">
				<FitnessMax value="3.03747"/>
				<FloatingPoint size="50">	2.75535	0.377168	2.33621	2.22341	3.56216	6.051	2.74328	3.39262	4.62306	1.53045	2.70242	1.23139	0.509489	2.74018	3.6783	2.58905	0.306657	2.64006	1.81267	1.43568	3.24258	2.62941	3.19253	4.50572	3.99456	2.69777	0.0594905	2.38891	1.48447	2.7805	4.25058	3.27351	4.29725	3.5293	3.12591	4.04173	3.70725	3.89555	4.19571	3.6069	2.00321	4.76215	2.66106	3.52291	4.76784	2.3921	0.857133	2.52768	2.59856	2.81228</FloatingPoint>
				<FloatingPoint size="20">	0.4286	0.934627	0.654886	0.420741	0.844347	0.718497	0.951628	0.951041	0.77351	0.517478	0.58017	0.950181	0.474117	0.233183	0.474973	0.432175	0.512305	0.580051	0.882223	0.869503</FloatingPoint>
			</Individual>
			<Individual size="2">
				<FitnessMax value="3.03747"/>
				<FloatingPoint size="50">	2.75535	0.382595	2.34012	2.22166	3.56216	1.2562	2.49898	3.39202	4.86359	1.53628	2.70242	1.2076	0.464825	2.75311	3.6787	2.58905	0.306657	2.64005	1.81215	1.43692	3.24589	2.92696	3.19255	4.50458	3.98138	2.69776	0.0594891	2.38891	1.48459	2.77979	4.2708	3.3265	4.31568	3.52873	3.12647	4.0436	3.69028	3.92831	4.1913	3.58893	2.0651	4.76847	2.67268	3.52307	4.75462	2.3921	0.855681	2.52768	2.59856	2.81228</FloatingPoint>
				<FloatingPoint size="20">	0.406113	0.93396	0.655496	0.423743	0.823831	0.317716	0.951628	0.951041	0.77412	0.624761	0.597954	0.950181	0.514128	0.233076	0.465563	0.445229	0.505549	0.578016	0.882229	0.869503</FloatingPoint>
			</Individual>
			<Individual size="2">
				<FitnessMax value="3.03747"/>
				<FloatingPoint size="50">	2.75535	0.385257	2.33575	2.22172	3.56215	1.25164	2.86759	3.39194	4.58228	1.55294	2.70242	1.20769	0.257906	2.6872	3.67831	2.58905	0.306657	2.64008	1.80739	1.43566	3.22453	2.92236	3.19256	4.50333	4.0207	2.69776	0.059492	2.3889	1.48177	2.77961	4.23362	3.13383	4.34205	3.53191	3.14205	4.03797	3.74019	3.87001	3.84803	3.15763	1.50099	4.76964	2.67184	3.523	4.78103	2.3921	0.858693	2.5264	2.59856	2.8122</FloatingPoint>
				<FloatingPoint size="20">	0.0840795	0.934552	0.656085	0.423873	0.823832	0.0594452	0.951628	0.951041	0.776466	0.51363	0.586629	0.950181	0.562256	0.233588	0.459454	0.436329	0.514829	0.575643	0.882218	0.869503</FloatingPoint>
			</Individual>
			<Individual size="2">
				<FitnessMax value="3.03747"/>
				<FloatingPoint size="50">	2.75534	0.385324	2.33785	2.22172	3.56215	1.25225	2.68864	3.39196	4.71765	1.54996	2.70242	1.20769	0.257906	2.73725	3.67831	2.58905	0.306657	2.64005	1.8076	1.43566	3.22985	2.92236	3.19256	4.50333	4.0207	2.69778	0.059492	2.3889	1.48417	2.77974	4.23362	3.18611	4.34205	3.5309	2.99546	4.04189	3.73476	3.87001	3.84803	3.31305	1.59936	4.76964	2.67184	3.523	4.78103	2.3921	0.858693	2.52704	2.59856	2.8122</FloatingPoint>
				<FloatingPoint size="20">	0.0840795	0.934552	0.656085	0.423968	0.823832	0.0594452	0.951628	0.951041	0.776466	0.504792	0.57695	0.950181	0.526782	0.233042	0.459454	0.446332	0.50539	0.575643	0.882218	0.869503</FloatingPoint>
			</Individual>
			<Individual size="2">
				<FitnessMax value="3.03747"/>
				<FloatingPoint size="50">	2.75534	0.385477	2.34096	2.22172	3.56216	1.25605	2.48988	3.39203	4.87551	1.54133	2.70242	1.20769	0.257906	2.75985	3.67831	2.58905	0.306657	2.64005	1.81126	1.43566	3.23401	2.92236	3.19256	4.50333	4.0207	2.69781	0.059492	2.3889	1.48486	2.77976	4.23362	3.33714	4.34205	3.52771	3.12514	4.04873	3.68797	3.87001	3.84803	3.59218	2.06464	4.76964	2.67184	3.523	4.78103	2.3921	0.858693	2.52771	2.59856	2.8122</FloatingPoint>
				<FloatingPoint size="20">	0.452958	0.93431	0.630935	0.418137	0.83818	0.695447	0.951628	0.951041	0.770334	0.566172	0.592204	0.950181	0.455204	0.372604	0.472902	0.438998	0.511621	0.575834	0.882221	0.869503</FloatingPoint>
			</Individual>
			<Individual size="2">
				<FitnessMax value="3.03747"/>
				<FloatingPoint size="50">	2.75534	0.380498	2.34096	2.22172	3.56216	1.25162	2.86759	3.39194	4.87551	1.55294	2.70242	1.20769	0.257906	2.68004	3.67831	2.58905	0.306657	2.64008	1.81549	1.43566	3.22453	2.92236	3.19256	4.50333	4.0207	2.69781	0.059492	2.3889	1.48486	2.77961	4.23362	3.13383	4.34205	3.52919	3.12514	4.03532	3.6799	3.87001	3.84803	3.60144	1.50099	4.76964	2.67184	3.523	4.78103	2.3921	0.858693	2.5264	2.59856	2.8122</FloatingPoint>
				<FloatingPoint size="20">	0.221709	0.934427	0.649068	0.423427	0.811866	0.313646	0.951628	0.951041	0.775319	0.517241	0.57613	0.950181	0.522145	0.233094	0.461285	0.445247	0.508983	0.573308	0.882213	0.869503</FloatingPoint>
			</Individual>
			<Individual size="2">
				<FitnessMax value="3.03747"/>
				<FloatingPoint size="50">	2.75535	0.375706	2.34012	2.22148	3.56215	1.25639	2.53333	3.39202	4.59768	1.53437	2.70241	1.20769	0.607906	2.7508	3.67886	2.58905	0.306657	2.64005	1.8158	1.43814	3.25606	2.93203	3.19253	4.50878	3.96782	2.69774	0.0594884	2.38891	1.48447	2.78088	4.27434	3.30544	4.26009	3.52884	3.12734	4.03959	3.69499	3.94163	4.69881	3.5833	2.06534	4.75352	2.6821	3.52351	4.74874	2.3921	0.855534	2.5276	2.59856	2.81275</FloatingPoint>
				<FloatingPoint size="20">	0.362709	0.934568	0.651746	0.419149	0.811899	0.686991	0.951628	0.951041	0.771376	0.56909	0.583179	0.950181	0.479044	0.233448	0.467844	0.445052	0.51084	0.591528	0.882217	0.869503</FloatingPoint>
			</Individual>
			<Individual size="2">
				<FitnessMax value="3.03747"/>
				<FloatingPoint size="50">	2.75534	0.380498	2.34096	2.22172	3.56216	1.25162	2.86759	3.39194	4.87551	1.55294	2.70242	1.20769	0.257906	2.68004	3.67831	2.58905	0.306657	2.64008	1.81549	1.43566	3.22453	2.92236	3.19256	4.50333	4.0207	2.69781	0.059492	2.3889	1.48486	2.77961	4.23362	3.13383	4.34205	3.52919	3.12514	4.03532	3.6799	3.87001	3.84803	3.60144	1.50099	4.76964	2.67184	3.523	4.78103	2.3921	0.858693	2.5264	2.59856	2.8122</FloatingPoint>
				<FloatingPoint size="20">	0.333953	0.934523	0.651971	0.421999	0.828879	0.516899	0.951628	0.951041	0.77439	0.517731	0.578138	0.950181	0.4997	0.233122	0.468232	0.438488	0.510545	0.576919	0.882217	0.869503</FloatingPoint>
			</Individual>
			<Individual size="2">
				<FitnessMax value="3.03747"/>
				<FloatingPoint size="50">	2.75534	0.38514	2.34101	2.22154	3.56216	1.25592	2.60262	3.39201	4.8054	1.54174	2.70242	1.20769	0.76662	2.75985	3.67831	2.58905	0.306657	2.64005	1.81237	1.43955	3.23393	2.92329	3.19253	4.51011	3.98808	2.69781	0.0594806	2.38892	1.48485	2.7797	4.23812	3.30371	4.28441	3.52812	3.12385	4.04594	3.68452	3.87551	3.8388	3.59469	1.92137	4.75886	2.67197	3.52284	4.78324	2.3921	0.856392	2.52757	2.59856	2.81213</FloatingPoint>
				<FloatingPoint size="20">	0.443304	0.93187	0.65525	0.415549	0.835649	0.697243	0.951628	0.951041	0.773235	0.583029	0.43695	0.950181	0.501299	0.23329	0.475472	0.446166	0.51274	0.576909	0.882228	0.869504</FloatingPoint>
			</Individual>
			<Individual size="2">
				<FitnessMax value="3.03747"/>
				<FloatingPoint size="50">	2.75535	0.377711	2.33722	2.22287	3.56214	4.93864	2.76557	3.39261	4.61752	1.5328	2.70242	1.20769	0.51317	2.75909	3.67832	2.58905	0.306657	2.64005	1.81267	1.43556	3.24439	2.7482	3.19258	4.5108	4.00355	2.69779	0.0594907	2.38891	1.4847	2.77992	4.23567	3.31333	4.35053	3.52928	3.12527	4.04187	3.70742	3.89125	3.84097	3.60699	2.02411	4.76324	2.65895	3.52458	4.76846	2.3921	0.856602	2.52769	2.59856	2.81347</FloatingPoint>
				<FloatingPoint size="20">	0.298029	0.93471	0.655329	0.424918	0.808929	0.708615	0.951628	0.951041	0.771402	0.516249	0.57494	0.950181	0.461376	0.233236	0.468471	0.432779	0.51205	0.573531	0.882216	0.869503</FloatingPoint>
			</Individual>
			<Individual size="2">
				<FitnessMax value="3.03747"/>
				<FloatingPoint size="50">	2.75535	0.385276	2.33924	2.22166	3.56216	1.25491	2.6055	3.392	4.74205	1.54402	2.70242	1.39693	0.32515	2.73312	3.67841	2.58905	0.306657	2.64006	1.81198	1.43627	3.24131	2.92541	3.19256	4.5054	3.99904	2.69777	0.0594913	2.3889	1.48365	2.7801	4.24027	3.27321	4.32822	3.52925	3.13111	4.04264	3.70963	3.89114	3.88614	3.47032	1.83801	4.76182	2.67263	3.52315	4.77596	2.3921	0.858389	2.5273	2.59856	2.81236</FloatingPoint>
				<FloatingPoint size="20">	0.0840795	0.934574	0.652155	0.424479	0.835057	0.54495	0.951628	0.951041	0.774115	0.515983	0.570903	0.950181	0.487989	0.233183	0.541496	0.441649	0.510014	0.573377	0.882211	0.869503</FloatingPoint>
			</Individual>
			<Individual size="2">
				<FitnessMax value="3.03747"/>
				<FloatingPoint size="50">	2.75535	0.377082	2.33683	2.2242	3.56211	5.26351	2.73346	3.39267	4.63659	1.52843	2.70241	1.23088	0.699771	2.74266	3.67851	2.58906	0.306657	2.64006	1.81335	1.4331	3.25393	2.65327	3.19267	4.52522	3.9283	2.69779	0.0594903	2.38891	1.4845	2.78044	4.25426	3.26389	4.48535	3.5293	3.1702	4.04229	3.71179	3.89544	4.11238	3.61854	2.01562	4.75881	2.65982	3.52518	4.75857	2.3921	0.855717	2.52739	2.59856	2.8122</FloatingPoint>
				<FloatingPoint size="20">	0.4286	0.934661	0.654889	0.420769	0.830194	0.704384	0.951628	0.951041	0.775035	0.517967	0.579446	0.950181	0.464388	0.233195	0.470387	0.43872	0.16133	0.577469	0.882223	0.869503</FloatingPoint>
			</Individual>
			<Individual size="2">
				<FitnessMax value="3.03747"/>
				<FloatingPoint size="50">	2.75533	0.378464	2.33586	2.22368	3.56214	1.25593	2.87457	3.39309	4.51258	1.52191	2.70239	1.20769	0.61024	2.75588	3.67841	2.58905	0.306657	2.64005	1.81539	1.43646	3.25606	2.6513	3.19258	4.51055	3.90455	2.69779	0.0594881	2.38891	1.484	2.78078	4.2456	3.30424	4.39129	3.52822	3.15907	4.04233	3.69556	3.89268	3.94743	3.58752	1.6225	4.73327	2.6531	3.52409	4.77284	2.3921	0.855824	2.52763	2.59856	2.81461</FloatingPoint>
				<FloatingPoint size="20">	0.0840795	0.934552	0.656085	0.423968	0.823832	0.68577	0.951628	0.951041	0.776466	0.504792	0.57695	0.950181	0.526782	0.233042	0.459454	0.446332	0.50539	0.575643	0.882218	0.869503</FloatingPoint>
			</Individual>
			<Individual size="2">
				<FitnessMax value="3.03747"/>
				<FloatingPoint size="50">	2.75534	0.38514	2.34101	2.22154	3.56216	1.25592	2.60262	3.39201	4.8054	1.54174	2.70242	1.20769	0.76662	2.75985	3.67831	2.58905	0.306657	2.64005	1.81237	1.43955	3.23393	2.92329	3.19253	4.51011	3.98808	2.69781	0.0594806	2.38892	1.48485	2.7797	4.23812	3.30371	4.28441	3.52812	3.12385	4.04594	3.68452	3.87551	3.8388	3.59469	1.92137	4.75886	2.67197	3.52284	4.78324	2.3921	0.856392	2.52757	2.59856	2.81213</FloatingPoint>
				<FloatingPoint size="20">	0.427735	0.930502	0.656039	0.405731	0.820462	0.661351	0.951628	0.951041	0.77256	0.589907	0.418365	0.950181	0.50593	0.23346	0.478256	0.447309	0.512759	0.568469	0.882228	0.869504</FloatingPoint>
			</Individual>
			<Individual size="2">
				<FitnessMax value="3.03747"/>
				<FloatingPoint size="50">	2.75534	0.38561	2.34597	2.22172	3.56216	1.25767	2.40192	3.39195	4.57313	1.55629	2.70242	1.20769	0.257906	2.70928	3.67831	2.58905	0.306657	2.64008	1.81038	1.43566	3.23199	2.92236	3.19256	4.50333	4.0207	2.69774	0.059492	2.3889	1.4816	2.7796	4.23362	3.20476	4.34205	3.52747	3.12425	4.03771	3.67406	3.87001	3.84803	3.48056	1.6263	4.76964	2.67184	3.523	4.78103	2.3921	0.858693	2.52613	2.59856	2.8122</FloatingPoint>
				<FloatingPoint size="20">	0.0840795	0.934552	0.656085	0.42386	0.82383	0.686377	0.951628	0.951041	0.777359	0.505286	0.576277	0.950181	0.525014	0.233044	0.459513	0.446434	0.505551	0.575497	0.882218	0.869503</FloatingPoint>
			</Individual>
			<Individual size="2">
				<FitnessMax value="3.03747"/>
				<FloatingPoint size="50">	2.75535	0.377041	2.33676	2.22428	3.56213	1.25474	2.83548	3.39372	4.50542	1.51978	2.70241	1.20769	0.767819	2.75694	3.67846	2.58905	0.306657	2.64006	1.81333	1.43286	3.25613	2.6701	3.19292	4.51808	3.92115	2.69779	0.059488	2.38892	1.48377	2.78078	4.25465	3.29427	4.45875	3.52931	3.16932	4.03924	3.7119	3.89653	3.74275	3.62123	1.85859	4.74484	2.64738	3.52527	4.75681	2.3921	0.856248	2.527	2.59856	2.81458</FloatingPoint>
				<FloatingPoint size="20">	0.0840795	0.93463	0.654887	0.420659	0.837122	0.711938	0.951628	0.951041	0.774541	0.518104	0.579844	0.950181	0.473211	0.233187	0.474483	0.431756	0.381744	0.579827	0.882223	0.869503</FloatingPoint>
			</Individual>
		</Deme>
	</Population>
</ECF>
