<?xml version="1.0" encoding="ISO-8859-1"?>
<ECF milestone="Mon Jun 18 09:16:27 2018
">
	<Registry>
		<Entry key="1FloatingPoint.dimension">20</Entry>
		<Entry key="1FloatingPoint.lbound">0</Entry>
		<Entry key="1FloatingPoint.ubound">1</Entry>
		<Entry key="FloatingPoint.dimension">50</Entry>
		<Entry key="FloatingPoint.lbound">0</Entry>
		<Entry key="FloatingPoint.ubound">6.99</Entry>
		<Entry key="SteadyStateTournament.tsize">3</Entry>
		<Entry key="batch.logfile_">*</Entry>
		<Entry key="batch.remaining_">0</Entry>
		<Entry key="batch.repeats">1</Entry>
		<Entry key="batch.singlemilestone">1</Entry>
		<Entry key="batch.statsfile">stats/ohlc_bitfinex_iotusd_86400_10_100_0.9_0.9.csv</Entry>
		<Entry key="data.balance">16.3878</Entry>
		<Entry key="data.input">data/train/ohlc_bitfinex_iotusd_86400.csv</Entry>
		<Entry key="data.test">data/test/ohlc_bitfinex_iotusd_86400.csv</Entry>
		<Entry key="fuzzy.langvars">conf/ohlc_bitfinex_iotusd_86400.conf</Entry>
		<Entry key="fuzzy.numrules">10</Entry>
		<Entry key="fuzzy.threshold">0.9</Entry>
		<Entry key="log.frequency">10</Entry>
		<Entry key="log.level">3</Entry>
		<Entry key="milestone.elapsedtime_">186</Entry>
		<Entry key="milestone.filename">milestones/ohlc_bitfinex_iotusd_86400_10_100_0.9_0.9.txt</Entry>
		<Entry key="milestone.generation_">2999</Entry>
		<Entry key="mutation.indprob">0.9</Entry>
		<Entry key="operator.logfile">log/ohlc_bitfinex_iotusd_86400_10_100_0.9_0.9.csv</Entry>
		<Entry key="population.size">100</Entry>
		<Entry key="term.eval">300000</Entry>
	</Registry>
	<Population size="1">
		<HallOfFame size="1">
			<Individual size="2" gen="2988">
				<FitnessMax value="3.27587"/>
				<FloatingPoint size="50">	2.69451	0.5963	2.55823	4.43701	3.38242	2.52462	0.387357	2.53758	1.70421	2.42188	3.23655	0.439506	2.59696	4.48982	3.54009	2.41633	0.665413	2.71635	3.60277	2.32664	2.84939	0.477192	2.4209	2.94785	3.5639	3.49349	0.460268	2.47475	3.31634	3.56938	2.34652	0.505098	2.5052	3.64106	3.48482	3.75931	0.328155	2.847	4.05242	3.48722	2.46761	0.152599	2.647	1.41617	2.27451	2.58392	0.419364	2.25585	2.37631	2.61546</FloatingPoint>
				<FloatingPoint size="20">	0.927545	0.937009	0.657629	0.908963	0.886978	0.990575	0.599261	0.788407	0.892173	0.940217	0.181728	0.971881	0.720439	0.166284	0.186186	0.549019	0.909097	0.894979	0.965829	0.95514</FloatingPoint>
			</Individual>
		</HallOfFame>
		<Deme size="100">
			<HallOfFame size="1">
				<Individual size="2" gen="2988">
					<FitnessMax value="3.27587"/>
					<FloatingPoint size="50">	2.69451	0.5963	2.55823	4.43701	3.38242	2.52462	0.387357	2.53758	1.70421	2.42188	3.23655	0.439506	2.59696	4.48982	3.54009	2.41633	0.665413	2.71635	3.60277	2.32664	2.84939	0.477192	2.4209	2.94785	3.5639	3.49349	0.460268	2.47475	3.31634	3.56938	2.34652	0.505098	2.5052	3.64106	3.48482	3.75931	0.328155	2.847	4.05242	3.48722	2.46761	0.152599	2.647	1.41617	2.27451	2.58392	0.419364	2.25585	2.37631	2.61546</FloatingPoint>
					<FloatingPoint size="20">	0.927545	0.937009	0.657629	0.908963	0.886978	0.990575	0.599261	0.788407	0.892173	0.940217	0.181728	0.971881	0.720439	0.166284	0.186186	0.549019	0.909097	0.894979	0.965829	0.95514</FloatingPoint>
				</Individual>
			</HallOfFame>
			<Individual size="2">
				<FitnessMax value="3.27551"/>
				<FloatingPoint size="50">	2.50596	0.562502	2.5458	4.42551	3.38127	2.34021	0.386727	2.54679	1.69118	2.43241	3.46523	0.413321	2.59721	4.50156	3.49987	2.42771	0.726659	2.65247	3.60426	2.32613	2.84509	0.487235	2.41217	2.69098	3.56544	3.50655	0.485713	2.74996	3.28869	3.53546	2.34451	0.525708	2.51417	3.64009	3.49212	5.52364	2.23799	3.90521	1.66645	3.59185	2.51957	0.175376	2.64713	1.42078	2.45595	2.57486	0.412052	2.59477	2.37545	2.61499</FloatingPoint>
				<FloatingPoint size="20">	0.927543	0.937005	0.692158	0.910273	0.887176	0.990585	0.583584	0.78833	0.892175	0.93959	0.181727	0.971881	0.720663	0.166394	0.32207	0.369411	0.72109	0.941665	0.965822	0.955134</FloatingPoint>
			</Individual>
			<Individual size="2">
				<FitnessMax value="3.27128"/>
				<FloatingPoint size="50">	2.50587	0.562778	2.48711	4.42551	3.38633	2.34609	0.386398	2.51895	1.78011	2.44112	3.48801	0.327442	2.59561	4.40503	3.48725	2.28847	0.693342	2.68152	3.59672	2.57369	2.8408	0.476224	2.44729	2.7465	3.56305	3.54547	0.487043	2.47402	3.28458	3.57478	2.34758	0.527137	2.50795	3.83489	3.49228	6.33763	1.7595	2.99457	2.02103	3.45885	2.45802	0.224556	2.64668	1.41466	2.27517	2.58574	0.417772	2.29297	2.37556	2.6162</FloatingPoint>
				<FloatingPoint size="20">	0.927543	0.937005	0.605078	0.910021	0.887321	0.990595	0.585968	0.788312	0.892181	0.93959	0.149453	0.971999	0.720618	0.166177	0.273409	0.695718	0.781038	0.938831	0.965822	0.955139</FloatingPoint>
			</Individual>
			<Individual size="2">
				<FitnessMax value="3.27551"/>
				<FloatingPoint size="50">	2.4865	0.567252	2.55902	4.4255	3.38064	2.52115	0.385945	2.5418	1.69106	2.42027	3.35724	0.432248	2.59747	4.45753	3.53038	2.41633	0.742025	2.46138	3.58162	2.32385	2.83345	0.499862	2.41137	2.78524	3.56371	3.4711	0.490639	2.8651	3.29801	3.54576	2.34604	0.512692	2.50713	3.70133	3.5056	3.5424	2.05705	2.85019	3.87818	3.78402	2.47185	0.188611	2.64544	1.3954	2.35984	2.59087	0.420745	2.39488	2.37584	2.61273</FloatingPoint>
				<FloatingPoint size="20">	0.927541	0.936987	0.346319	0.910302	0.887499	0.990599	0.57838	0.78836	0.892174	0.938948	0.18173	0.973626	0.720629	0.166355	0.0664592	0.879802	0.609974	0.959561	0.965822	0.955134</FloatingPoint>
			</Individual>
			<Individual size="2">
				<FitnessMax value="3.1417"/>
				<FloatingPoint size="50">	2.69451	3.12362	2.55823	4.43701	3.38242	2.52462	0.387357	2.53758	1.70421	2.42188	3.23655	0.439506	2.59696	4.48982	3.54009	2.41633	0.665413	2.71635	3.60277	2.32664	2.84939	0.477192	2.4209	2.94785	3.5639	3.49349	0.460268	2.47475	3.31634	3.56938	2.34652	0.505098	2.5052	3.64106	3.48482	3.75931	0.328155	2.847	4.05242	3.48722	2.46761	0.152599	2.647	1.41617	2.27451	2.58392	0.419364	2.25585	2.37631	2.61546</FloatingPoint>
				<FloatingPoint size="20">	0.927538	0.937006	0.634608	0.909905	0.887108	0.990593	0.592476	0.788366	0.892175	0.940149	0.181728	0.97189	0.720587	0.166227	0.270064	0.274068	0.906899	0.906709	0.965828	0.955139</FloatingPoint>
			</Individual>
			<Individual size="2">
				<FitnessMax value="3.27551"/>
				<FloatingPoint size="50">	2.7405	0.543029	2.56014	4.4255	3.37323	2.52907	0.387763	2.68391	1.69914	2.42258	3.52085	0.414146	2.59711	4.50443	3.52189	2.41634	0.659589	2.7461	3.58369	2.32209	2.84558	0.471476	2.41138	2.66897	3.56613	3.46527	0.454045	2.47496	3.17569	3.58965	2.3494	0.523968	2.48874	3.71616	3.49487	5.81225	2.15191	2.57587	3.66078	3.46866	2.46627	0.377203	2.64593	1.40951	2.27199	2.58734	0.418767	2.31947	2.37683	2.61935</FloatingPoint>
				<FloatingPoint size="20">	0.927544	0.936989	0.346065	0.911062	0.887597	0.990667	0.582173	0.788343	0.892174	0.93946	0.181728	0.97188	0.720643	0.166365	0.248145	0.253969	0.816155	0.918312	0.965825	0.95514</FloatingPoint>
			</Individual>
			<Individual size="2">
				<FitnessMax value="3.27551"/>
				<FloatingPoint size="50">	2.5222	0.573723	2.55908	4.42551	3.37841	2.52234	0.385951	2.5229	1.76205	2.42015	3.35346	0.406124	2.59752	4.39078	3.49152	2.41633	0.736716	2.82826	3.47669	2.33258	2.80333	0.487858	2.40887	2.67561	3.56713	3.52275	0.46951	2.47525	3.30202	3.5886	2.34591	0.536697	2.5113	3.76294	3.49848	3.8361	1.8502	3.90351	1.76137	3.3301	2.66898	0.21481	2.6521	1.41828	2.26932	2.58507	0.421132	2.32605	2.37604	2.61517</FloatingPoint>
				<FloatingPoint size="20">	0.927543	0.937007	0.514254	0.909316	0.887246	0.990591	0.58435	0.788339	0.891412	0.938849	0.181728	0.974005	0.720619	0.166138	0.303171	0.572065	0.658459	0.943521	0.965822	0.955134</FloatingPoint>
			</Individual>
			<Individual size="2">
				<FitnessMax value="3.27551"/>
				<FloatingPoint size="50">	2.50714	0.572094	2.5582	4.4255	3.3843	2.52934	0.662343	2.54226	1.69552	2.41937	3.58131	0.578777	2.59695	4.51279	3.54475	2.41633	0.67584	2.67141	3.61013	2.3252	2.84472	0.451234	2.41237	2.6651	3.56298	3.46748	0.728821	2.47513	3.29561	3.56339	2.3517	0.502727	2.51172	3.84704	3.48939	3.04803	2.18213	1.97126	3.78303	3.48977	2.49411	0.238758	2.6471	1.38102	2.81265	2.59742	0.411287	2.29081	2.37737	2.62601</FloatingPoint>
				<FloatingPoint size="20">	0.927543	0.937005	0.605078	0.910021	0.887321	0.990595	0.585968	0.788312	0.892181	0.939521	0.181727	0.972311	0.720636	0.166243	0.289412	0.686775	0.757695	0.940477	0.965822	0.955137</FloatingPoint>
			</Individual>
			<Individual size="2">
				<FitnessMax value="1.90092"/>
				<FloatingPoint size="50">	2.52264	0.530451	2.4835	4.4255	3.38117	2.53175	0.387531	2.58911	1.69866	2.43436	3.52242	0.434497	2.5971	4.50262	3.49652	2.41632	0.684186	2.72923	3.59843	2.32402	2.84362	0.465376	2.41031	2.68647	3.56574	3.51217	0.473656	2.47391	3.20268	3.57058	2.34851	0.524741	2.49284	3.67961	3.49533	5.60715	2.24816	2.58909	3.65758	3.43564	2.46609	0.444608	2.646	1.42612	2.27495	2.5968	0.418584	2.32097	2.37615	2.61969</FloatingPoint>
				<FloatingPoint size="20">	0.927545	0.937004	0.129474	0.912286	0.88745	0.990627	0.585038	0.788232	0.892181	0.939521	0.181726	0.971881	0.720439	0.166284	0.186186	0.549019	0.72806	0.894979	0.965829	0.247528</FloatingPoint>
			</Individual>
			<Individual size="2">
				<FitnessMax value="3.27551"/>
				<FloatingPoint size="50">	2.51908	0.533775	2.51702	4.4255	3.50568	2.44674	0.386499	2.52528	1.72223	2.66285	3.48619	0.411781	2.59711	4.51148	3.51496	2.41632	0.684079	2.73461	3.48065	2.31513	2.82317	0.468171	2.4109	2.65776	3.56677	3.51166	0.709515	2.47428	3.22064	3.58001	2.34762	0.530413	2.49397	3.68114	3.49519	4.36369	2.50368	2.25983	2.40537	3.29711	2.46341	0.289726	2.64846	1.43467	2.27318	2.59193	0.412461	2.33253	2.37604	2.61967</FloatingPoint>
				<FloatingPoint size="20">	0.927545	0.937004	0.0925271	0.912286	0.88745	0.990627	0.585038	0.788232	0.892181	0.939521	0.181726	0.971881	0.720439	0.166284	0.186186	0.270354	0.786449	0.930938	0.965826	0.955139</FloatingPoint>
			</Individual>
			<Individual size="2">
				<FitnessMax value="2.63328"/>
				<FloatingPoint size="50">	2.73759	0.5423	2.55835	4.4255	3.38065	2.52917	0.387756	2.68194	1.69911	2.42276	3.52169	0.414501	2.59711	4.50439	3.5364	2.41634	0.674895	2.8077	3.58519	2.3211	2.84557	0.47561	2.41252	2.66504	3.54719	3.45792	0.456594	2.47485	3.29958	3.58799	2.34973	0.504592	2.66376	3.7804	3.4943	3.62155	2.28427	2.20628	3.77529	3.50426	2.48837	0.23438	2.64546	1.37408	2.44386	2.58565	0.418182	2.28847	2.37705	1.08802</FloatingPoint>
				<FloatingPoint size="20">	0.927544	0.937003	0.175086	0.909844	0.887326	0.990633	0.587521	0.788312	0.891199	0.939644	0.181728	0.971881	0.720624	0.166184	0.500523	0.628615	0.823109	0.942375	0.965823	0.955139</FloatingPoint>
			</Individual>
			<Individual size="2">
				<FitnessMax value="3.27587"/>
				<FloatingPoint size="50">	2.69451	0.5963	2.55823	4.43701	3.38242	2.52462	0.387357	2.53758	1.70421	2.42188	3.23655	0.439506	2.59696	4.48982	3.54009	2.41633	0.665413	2.71635	3.60277	2.32664	2.84939	0.477192	2.4209	2.94785	3.5639	3.49349	0.460268	2.47475	3.31634	3.56938	2.34652	0.505098	2.5052	3.64106	3.48482	3.75931	0.328155	2.847	4.05242	3.48722	2.46761	0.152599	2.647	1.41617	2.27451	2.58392	0.419364	2.25585	2.37631	2.61546</FloatingPoint>
				<FloatingPoint size="20">	0.927544	0.937009	0.657629	0.908963	0.886978	0.990575	0.599261	0.788407	0.892173	0.940217	0.181728	0.971881	0.720439	0.166284	0.186186	0.549019	0.344887	0.894979	0.965829	0.95514</FloatingPoint>
			</Individual>
			<Individual size="2">
				<FitnessMax value="3.27551"/>
				<FloatingPoint size="50">	2.50714	0.572094	2.5582	4.4255	3.3843	2.52934	0.662343	2.54226	1.69552	2.41937	3.58131	0.578777	2.59695	4.51279	3.54475	2.41633	0.67584	2.67141	3.61013	2.3252	2.84472	0.451234	2.41237	2.6651	3.56298	3.46748	0.728821	2.47513	3.29561	3.56339	2.3517	0.502727	2.51172	3.84704	3.48939	3.04803	2.18213	1.97126	3.78303	3.48977	2.49411	0.238758	2.6471	1.38102	2.81265	2.59742	0.411287	2.29081	2.37737	2.62601</FloatingPoint>
				<FloatingPoint size="20">	0.927543	0.936998	0.582264	0.909843	0.887331	0.990616	0.58638	0.788311	0.892176	0.939569	0.181727	0.972096	0.72063	0.166209	0.308792	0.513666	0.800821	0.941489	0.965822	0.955138</FloatingPoint>
			</Individual>
			<Individual size="2">
				<FitnessMax value="3.27551"/>
				<FloatingPoint size="50">	2.50685	0.569906	2.54151	4.4255	3.38477	2.48631	0.597542	2.53678	1.72209	2.42617	3.15571	0.50986	2.59652	4.48	3.52658	2.41633	0.682416	2.67071	3.60644	2.40537	2.84304	0.473019	2.4229	2.66643	3.56292	3.49038	0.674408	2.4748	3.47831	3.56655	2.35083	0.510405	2.51108	3.8613	3.49072	3.22147	2.20927	2.2246	3.18989	3.48001	2.48479	0.241776	2.64697	1.38879	2.68649	2.59484	0.412669	2.29459	2.37688	2.62377</FloatingPoint>
				<FloatingPoint size="20">	0.927545	0.937001	0.463268	0.911228	0.887365	0.990661	0.588984	0.788326	0.892174	0.939434	0.181726	0.972157	0.720526	0.166296	0.288314	0.47616	0.776794	0.914048	0.965827	0.955137</FloatingPoint>
			</Individual>
			<Individual size="2">
				<FitnessMax value="3.27128"/>
				<FloatingPoint size="50">	2.69451	0.564243	2.48146	4.42551	3.38227	2.24068	0.386512	2.54528	1.69377	2.43838	3.53067	0.407774	2.5972	4.49859	3.48441	2.42299	0.725363	2.65756	3.61856	2.32868	2.83464	0.473977	2.41326	2.6955	3.56567	3.52372	0.484948	2.60608	3.29163	3.5355	2.34449	0.530845	2.51561	3.62323	3.49378	6.02426	2.36723	4.25434	2.97722	3.47374	2.50401	0.181237	2.65145	1.44095	2.40304	2.58245	0.410872	2.3839	2.37579	2.61965</FloatingPoint>
				<FloatingPoint size="20">	0.927543	0.937005	0.605078	0.910021	0.887321	0.990595	0.585968	0.788312	0.892181	0.93959	0.149453	0.971999	0.720618	0.166177	0.273409	0.695718	0.781038	0.938831	0.965822	0.955139</FloatingPoint>
			</Individual>
			<Individual size="2">
				<FitnessMax value="3.27551"/>
				<FloatingPoint size="50">	2.73759	0.5423	2.55835	4.4255	3.38065	2.52917	0.387756	2.68194	1.69911	2.42276	3.52169	0.414501	2.59711	4.50439	3.53444	2.41634	0.668814	2.7634	3.58495	2.32186	2.84547	0.471619	2.41156	2.66517	3.55833	3.46339	0.456056	2.47492	3.19869	3.58822	2.34943	0.519599	2.54763	3.73332	3.49448	4.95431	2.20106	2.49571	3.75276	3.49062	2.48238	0.286059	2.64573	1.37818	2.37101	2.58643	0.418504	2.29441	2.37698	2.61956</FloatingPoint>
				<FloatingPoint size="20">	0.927544	0.937003	0.175086	0.909844	0.887326	0.990633	0.587521	0.788312	0.891199	0.939644	0.181728	0.971881	0.720624	0.166184	0.500523	0.628615	0.823109	0.942375	0.965823	0.955139</FloatingPoint>
			</Individual>
			<Individual size="2">
				<FitnessMax value="3.27551"/>
				<FloatingPoint size="50">	2.50714	0.572094	2.5582	4.4255	3.3843	2.52934	0.662343	2.54226	1.69552	2.41937	3.58131	0.578777	2.59695	4.51279	3.54475	2.41633	0.67584	2.67141	3.61013	2.3252	2.84472	0.472147	2.41237	2.6651	3.56298	3.46748	0.728821	2.47513	3.29561	3.56339	2.3517	0.502727	2.51172	3.84704	3.48939	3.04803	2.18213	1.97126	3.78303	3.48977	2.49411	0.238758	2.6471	1.38102	2.81265	2.59742	0.411287	2.29081	2.37737	2.62601</FloatingPoint>
				<FloatingPoint size="20">	0.927543	0.936999	0.572857	0.909814	0.887289	0.990615	0.593553	0.788355	0.892173	0.939796	0.181727	0.971896	0.720655	0.166288	0.310392	0.800243	0.772638	0.948819	0.965822	0.955139</FloatingPoint>
			</Individual>
			<Individual size="2">
				<FitnessMax value="3.27551"/>
				<FloatingPoint size="50">	2.50596	0.484417	2.4166	4.42551	3.38226	2.53716	0.387242	2.52575	1.69635	2.43699	3.58786	0.442701	2.59707	4.50088	3.46535	2.41632	0.696305	2.71501	3.61423	2.32772	2.83178	0.464835	2.409	2.72526	3.56567	3.55029	0.47986	2.47362	3.28501	3.55878	2.34654	0.527109	2.51006	3.67233	3.49586	5.40275	2.34544	4.56266	3.62893	3.41973	2.46522	0.450223	2.64731	1.4412	2.27897	2.60306	0.416158	2.33403	2.37611	2.62013</FloatingPoint>
				<FloatingPoint size="20">	0.927548	0.936977	0.397557	0.911122	0.887294	0.990629	0.580197	0.788238	0.892175	0.939267	0.181726	0.971849	0.7209	0.166144	0.342589	0.832516	0.733772	0.943955	0.96583	0.95514</FloatingPoint>
			</Individual>
			<Individual size="2">
				<FitnessMax value="2.03571"/>
				<FloatingPoint size="50">	2.69451	0.5963	2.55823	4.43701	3.38242	2.52462	0.387357	2.53758	1.70421	2.42188	3.23655	0.439506	2.59696	4.48982	3.54009	2.41633	0.665413	2.71635	3.60277	2.32664	2.84939	0.477192	2.4209	2.94785	3.5639	3.49349	0.460268	2.47475	3.31634	3.56938	2.34652	0.505098	2.5052	3.64106	3.48482	3.75931	0.328155	2.847	4.05242	3.48722	2.46761	0.152599	2.647	1.41617	2.27451	2.58392	0.419364	2.25585	2.37631	2.61546</FloatingPoint>
				<FloatingPoint size="20">	0.927543	0.937009	0.674552	0.908971	0.886687	0.990572	0.60621	0.788423	0.892173	0.685558	0.181728	0.971881	0.720288	0.16618	0.148972	0.580185	0.100695	0.874393	0.965833	0.955147</FloatingPoint>
			</Individual>
			<Individual size="2">
				<FitnessMax value="3.27551"/>
				<FloatingPoint size="50">	2.50587	0.562778	2.48711	4.42551	3.38633	2.34609	0.386398	2.51895	1.80865	2.44835	3.58256	0.285307	2.5951	4.37315	3.46739	2.41632	0.703843	2.66843	3.59444	2.66658	2.83757	0.47586	2.45722	2.67079	3.56273	3.56501	0.49711	2.47374	3.27264	3.57681	2.34798	0.535423	2.50899	3.90777	3.49508	3.7866	2.29768	3.05006	1.25724	3.44818	2.45442	0.251611	2.64656	1.4141	2.27542	2.58642	0.417174	2.30692	2.37528	2.61647</FloatingPoint>
				<FloatingPoint size="20">	0.927541	0.937008	0.56036	0.892047	0.887367	0.990634	0.585981	0.788363	0.892174	0.939473	0.181726	0.971925	0.720618	0.166395	0.318443	0.53328	0.866022	0.923824	0.965824	0.955134</FloatingPoint>
			</Individual>
			<Individual size="2">
				<FitnessMax value="3.27551"/>
				<FloatingPoint size="50">	2.52264	0.574961	2.49785	4.42551	3.37948	2.3914	0.385954	2.52373	1.73824	2.43776	3.45324	0.402867	2.59726	4.52384	3.53029	2.41632	0.730737	2.66135	3.42362	2.31003	2.81017	0.465122	2.41493	2.639	3.56754	3.51025	0.508726	2.4743	3.3042	3.56229	2.34622	0.533019	2.51917	3.66931	3.49559	3.84249	2.89365	1.09909	1.83471	3.17583	2.45211	0.211316	2.6541	1.43629	2.27039	2.59735	0.410686	2.84948	2.37595	2.62022</FloatingPoint>
				<FloatingPoint size="20">	0.927543	0.937007	0.475541	0.910031	0.88729	0.990608	0.586992	0.788298	0.892179	0.939583	0.181727	0.971971	0.720639	0.166305	0.440577	0.658923	0.822891	0.932902	0.965823	0.955139</FloatingPoint>
			</Individual>
			<Individual size="2">
				<FitnessMax value="3.27587"/>
				<FloatingPoint size="50">	2.69451	0.5963	2.55823	4.43701	3.38242	2.52462	0.387357	2.53758	1.70421	2.42188	3.23655	0.439506	2.59696	4.48982	3.54009	2.41633	0.665413	2.71635	3.60277	2.32664	2.84939	0.477192	2.4209	2.94785	3.5639	3.49349	0.460268	2.47475	3.31634	3.56938	2.34652	0.505098	2.5052	3.64106	3.48482	3.75931	0.328155	2.847	4.05242	3.48722	2.46761	0.152599	2.647	1.41617	2.27451	2.58392	0.419364	2.25585	2.37631	2.61546</FloatingPoint>
				<FloatingPoint size="20">	0.927544	0.937009	0.657629	0.908963	0.886978	0.990575	0.599261	0.788407	0.892173	0.940217	0.181728	0.971881	0.720439	0.166284	0.186186	0.549019	0.344887	0.894979	0.965829	0.95514</FloatingPoint>
			</Individual>
			<Individual size="2">
				<FitnessMax value="3.27128"/>
				<FloatingPoint size="50">	2.50487	0.558356	2.51182	4.42551	3.38249	2.449	0.524342	2.56711	1.69949	2.42726	3.52339	0.49754	2.59706	4.51052	3.5337	2.41633	0.690088	2.71003	3.5889	2.32356	2.8398	0.472493	2.41214	2.67161	3.55106	3.48399	0.594308	2.47509	3.27305	3.56798	2.34985	0.511586	2.50423	3.78337	3.49228	3.39527	2.28012	2.70988	3.64691	3.3168	2.48243	0.230138	2.64881	1.39435	2.57787	2.59502	0.293838	2.34342	2.37696	2.62333</FloatingPoint>
				<FloatingPoint size="20">	0.927544	0.936994	0.633135	0.909279	0.721229	0.990627	0.595259	0.788328	0.892172	0.940096	0.181727	0.971881	0.720683	0.166252	0.310701	0.59556	0.830174	0.949701	0.965822	0.955125</FloatingPoint>
			</Individual>
			<Individual size="2">
				<FitnessMax value="3.27551"/>
				<FloatingPoint size="50">	2.50685	0.569906	2.54151	4.4255	3.38477	2.48631	0.597542	2.53678	1.72209	2.42617	3.15571	0.50986	2.59652	4.48	3.52658	2.41633	0.682416	2.67071	3.60644	2.40537	2.84304	0.473019	2.4229	2.66643	3.56292	3.49038	0.674408	2.4748	3.47831	3.56655	2.35083	0.510405	2.51108	3.8613	3.49072	3.22147	2.20927	2.2246	3.18989	3.48001	2.48479	0.241776	2.64697	1.38879	2.68649	2.02329	0.412669	2.29459	2.37688	2.62377</FloatingPoint>
				<FloatingPoint size="20">	0.927542	0.937005	0.533705	0.908587	0.887201	0.990564	0.582582	0.788344	0.891122	0.938626	0.181727	0.97471	0.720655	0.166078	0.30884	0.608652	0.613315	0.954764	0.965821	0.955132</FloatingPoint>
			</Individual>
			<Individual size="2">
				<FitnessMax value="3.27551"/>
				<FloatingPoint size="50">	2.50714	0.572094	2.5582	4.4255	3.3843	2.52934	0.662343	2.54226	1.69552	2.41937	3.58131	0.578777	2.59695	4.51279	3.54475	2.41633	0.67584	2.67141	3.61013	2.3252	2.84472	0.472147	2.41237	2.6651	3.56298	3.46748	0.728821	2.47513	3.29561	3.56339	2.3517	0.502727	2.51172	3.84704	3.48939	3.04803	2.18213	1.97126	3.78303	3.48977	2.49411	0.238758	2.6471	1.38102	2.81265	2.59742	0.411287	2.29081	2.37737	2.62601</FloatingPoint>
				<FloatingPoint size="20">	0.927544	0.936994	0.633135	0.909279	0.887278	0.990627	0.595259	0.788328	0.892172	0.940096	0.181727	0.971881	0.720683	0.166252	0.310701	0.59556	0.830174	0.949701	0.965822	0.955125</FloatingPoint>
			</Individual>
			<Individual size="2">
				<FitnessMax value="3.27551"/>
				<FloatingPoint size="50">	2.50619	0.570051	2.39179	4.42552	3.38273	2.14902	0.385952	2.54116	1.69526	2.44986	3.54362	0.404472	2.59712	4.49778	3.46527	2.41631	0.724025	2.6693	3.6225	2.33063	2.82787	0.464706	2.41365	2.71363	3.56611	3.55941	0.482547	2.4734	3.29754	3.55521	2.34446	0.542359	2.52035	3.61869	3.49462	6.06843	2.42485	4.80926	3.68074	3.41615	2.46235	0.187447	2.65329	1.45336	2.27933	2.60476	0.410569	2.32846	2.37606	2.61971</FloatingPoint>
				<FloatingPoint size="20">	0.927543	0.937005	0.605078	0.910021	0.887321	0.990595	0.585968	0.788312	0.892181	0.93959	0.181727	0.971999	0.720618	0.166177	0.273409	0.695718	0.781038	0.938831	0.965822	0.955139</FloatingPoint>
			</Individual>
			<Individual size="2">
				<FitnessMax value="2.83037"/>
				<FloatingPoint size="50">	2.74913	0.550897	2.39179	4.42552	3.38177	2.14902	0.411685	2.54116	1.69526	2.42077	3.6543	0.430191	2.59702	4.50011	3.46527	2.41632	0.724025	2.73225	3.6225	2.33063	2.82787	0.459094	2.41365	2.70014	3.56611	3.55941	0.482547	2.45295	3.29754	3.55521	2.34446	0.542359	2.52035	3.61869	3.49462	3.75464	2.43192	4.80926	3.59661	3.48524	2.46014	0.248835	2.65029	1.45336	2.27745	2.59374	0.410569	2.32846	2.37873	2.61971</FloatingPoint>
				<FloatingPoint size="20">	0.927541	0.937441	0.343193	0.910331	0.887498	0.224907	0.578476	0.788358	0.892174	0.938956	0.18173	0.973601	0.720627	0.166354	0.0681855	0.875032	0.611677	0.95863	0.965823	0.955134</FloatingPoint>
			</Individual>
			<Individual size="2">
				<FitnessMax value="3.24713"/>
				<FloatingPoint size="50">	2.50596	0.484417	2.4166	4.42551	3.38248	2.53716	0.387242	2.52575	1.69635	2.43699	3.58786	0.442701	2.59707	4.50088	3.6598	2.41632	0.696305	2.71501	3.61423	2.32772	2.83178	0.464835	2.409	2.72526	3.56567	3.55029	0.47986	2.47362	3.28501	3.55878	2.34654	0.527109	2.51006	3.67233	3.49586	5.40275	2.34544	4.56266	3.62893	3.41973	2.46522	0.450223	2.64731	1.4412	2.27897	2.60306	0.416158	2.33403	2.37611	2.62013</FloatingPoint>
				<FloatingPoint size="20">	0.927545	0.936977	0.498457	0.911029	0.887376	0.990633	0.58427	0.788313	0.892175	0.939392	0.181726	0.971871	0.72074	0.584736	0.352929	0.70112	0.711769	0.943469	0.965827	0.955139</FloatingPoint>
			</Individual>
			<Individual size="2">
				<FitnessMax value="3.03559"/>
				<FloatingPoint size="50">	2.73759	0.5423	2.55835	4.4255	3.38065	2.52917	0.387756	2.68194	1.69911	2.42276	3.52169	0.414501	2.59711	4.50439	3.52119	2.41634	0.659122	2.74572	3.5833	2.32216	2.84541	0.471394	2.41135	2.66825	3.56612	3.46632	0.454366	2.47494	3.17705	3.58927	2.34936	0.524007	2.48901	3.65687	3.49473	5.9655	2.31827	3.91938	3.67272	3.4366	2.46389	0.262564	2.6504	1.43624	2.27647	2.59797	0.413786	2.32499	2.37636	2.61957</FloatingPoint>
				<FloatingPoint size="20">	0.927542	0.937005	0.585607	0.905039	0.887315	0.990599	0.585963	0.788329	0.892029	0.939502	0.181728	0.328346	0.720645	0.166263	0.323305	0.406068	0.759169	0.941871	0.965822	0.955137</FloatingPoint>
			</Individual>
			<Individual size="2">
				<FitnessMax value="3.27551"/>
				<FloatingPoint size="50">	2.50461	0.590116	2.55884	4.42552	3.38281	2.5004	0.38595	2.49977	1.7982	2.41596	3.76667	0.451328	2.59713	4.53961	3.57407	2.41631	0.762168	2.74786	3.62488	2.3218	2.81685	0.440774	2.41671	2.73177	3.56749	3.5703	0.598286	2.47663	3.29529	3.54946	2.35301	0.477623	2.52875	3.68734	3.49261	3.62866	2.55217	4.59237	3.6779	3.59653	2.46446	0.158458	2.65187	1.4319	2.25482	2.57851	0.412987	2.32199	2.39328	2.61581</FloatingPoint>
				<FloatingPoint size="20">	0.927544	0.937008	0.722884	0.909197	0.887096	0.990573	0.587955	0.78838	0.892174	0.93935	0.181728	0.972999	0.720691	0.166454	0.252853	0.944688	0.644777	0.940259	0.965822	0.955139</FloatingPoint>
			</Individual>
			<Individual size="2">
				<FitnessMax value="3.27551"/>
				<FloatingPoint size="50">	2.50714	0.573723	2.55908	4.42551	3.3843	2.52234	0.662343	2.54226	1.69552	2.42015	3.35346	0.578777	2.59752	4.39078	3.54475	2.41633	0.736716	2.82826	3.47669	2.33258	2.84472	0.487858	2.65683	2.67561	3.56298	3.46748	0.46951	2.47513	3.29561	3.5886	2.3517	0.502727	2.51172	3.84704	3.48939	3.8361	1.8502	1.97126	1.76137	3.48977	2.66898	0.21481	2.6521	1.41828	2.26932	2.59742	0.421132	2.29081	2.37604	2.62601</FloatingPoint>
				<FloatingPoint size="20">	0.927543	0.937007	0.514254	0.909316	0.887246	0.990591	0.58435	0.788339	0.891412	0.938849	0.181728	0.974005	0.720619	0.166138	0.303171	0.572065	0.658459	0.943521	0.965822	0.955134</FloatingPoint>
			</Individual>
			<Individual size="2">
				<FitnessMax value="2.54801"/>
				<FloatingPoint size="50">	2.58457	0.576384	2.53861	4.4305	3.38134	2.46697	0.386492	2.5331	3.28876	2.44293	3.40117	0.418297	2.59704	4.49866	3.50331	2.41957	0.700828	2.70729	3.60377	2.32567	2.83541	0.470511	2.41624	2.80547	3.56518	3.5198	0.56239	2.51293	3.29784	3.56584	2.34705	0.526859	2.51305	3.69383	3.49043	3.9216	1.45017	2.46043	4.80144	3.498	2.47637	0.199032	2.64638	1.4117	2.27236	2.58495	0.417067	2.34283	2.37665	2.61557</FloatingPoint>
				<FloatingPoint size="20">	0.927544	0.937007	0.629681	0.909213	0.104201	0.990592	0.595932	0.78838	0.892004	0.940022	0.181728	0.971889	0.729197	0.166273	0.248373	0.575667	0.471646	0.908892	0.965827	0.955139</FloatingPoint>
			</Individual>
			<Individual size="2">
				<FitnessMax value="3.27551"/>
				<FloatingPoint size="50">	2.50685	0.569906	2.71197	4.4255	3.38477	2.48631	0.597542	2.53678	1.72209	2.42617	3.5816	0.50986	2.59652	4.48	3.52658	2.41633	0.682416	2.67071	3.60644	2.40537	2.84304	0.473019	2.41249	2.67278	3.56612	3.50456	0.46356	2.47351	3.22922	3.58031	2.34703	0.541266	2.50585	3.76416	3.49494	2.9042	2.79592	2.91392	3.6637	3.46124	2.47764	0.267926	2.64593	1.39547	2.27093	2.58547	0.419074	2.3099	2.37684	2.617</FloatingPoint>
				<FloatingPoint size="20">	0.927543	0.937	0.71067	0.910768	0.88756	0.990639	0.585236	0.788315	0.892175	0.939527	0.181727	0.971935	0.720693	0.166369	0.358361	0.650362	0.704374	0.925448	0.965823	0.955139</FloatingPoint>
			</Individual>
			<Individual size="2">
				<FitnessMax value="3.27551"/>
				<FloatingPoint size="50">	2.50461	0.590116	2.55884	4.42552	3.38281	2.5004	0.38595	2.49977	1.7982	2.41596	3.76667	0.451328	2.59713	4.53961	3.57407	2.41631	0.762168	2.74786	3.62488	2.3218	2.81685	0.440774	2.41671	2.73177	3.56749	3.5703	0.598286	2.47663	3.29529	3.54946	2.35301	0.477623	2.52875	3.68734	3.49261	3.62866	2.55217	4.59237	3.6779	3.59653	2.46446	0.158458	2.65187	1.4319	2.25482	2.57851	0.412987	2.32199	2.39328	2.61581</FloatingPoint>
				<FloatingPoint size="20">	0.927535	0.936991	0.427451	0.909241	0.887431	0.990569	0.585266	0.78837	0.89217	0.939826	0.181728	0.971881	0.720746	0.166158	0.494657	0.190053	0.836466	0.938094	0.965822	0.955139</FloatingPoint>
			</Individual>
			<Individual size="2">
				<FitnessMax value="3.27551"/>
				<FloatingPoint size="50">	2.50461	0.590116	2.55884	4.42552	3.38281	2.5004	0.38595	2.49977	1.7982	2.41596	3.76667	0.451328	2.59713	4.53961	3.57407	2.41631	0.762168	2.74786	3.62488	2.3218	2.81685	0.440774	2.41671	2.73177	3.56749	3.5703	0.598286	2.47663	3.29529	3.54946	2.35301	0.477623	2.52875	3.68734	3.49261	3.62866	2.55217	4.59237	3.6779	3.59653	2.46446	0.158458	2.65187	1.4319	2.25482	2.57851	0.412987	2.32199	2.39328	2.61581</FloatingPoint>
				<FloatingPoint size="20">	0.92754	0.937008	0.611639	0.909148	0.887556	0.990569	0.580632	0.788375	0.892172	0.939851	0.181728	0.971881	0.720693	0.16647	0.472545	0.576539	0.679974	0.930039	0.965822	0.955128</FloatingPoint>
			</Individual>
			<Individual size="2">
				<FitnessMax value="3.27498"/>
				<FloatingPoint size="50">	2.52288	0.559601	2.54457	4.42669	3.38037	2.44131	0.386411	2.52658	1.73214	2.48039	3.49222	0.41671	2.59706	4.51231	3.52675	2.42178	0.691944	2.71727	3.52325	2.31278	2.823	0.469164	2.41304	2.7214	3.56565	3.50341	0.682135	2.57018	3.27715	3.57157	2.34915	0.529767	2.49378	3.68311	3.49387	4.08377	2.28489	2.20512	2.39045	3.26003	2.467	0.22455	2.6487	1.42659	2.27103	2.58726	0.412684	2.39974	2.37649	2.61551</FloatingPoint>
				<FloatingPoint size="20">	0.927544	0.937003	0.559055	0.909844	0.887326	0.990633	0.587521	0.788312	0.891578	0.939527	0.181729	0.971909	0.751332	0.166243	0.405524	0.643009	0.79198	0.944052	0.965823	0.955139</FloatingPoint>
			</Individual>
			<Individual size="2">
				<FitnessMax value="2.63328"/>
				<FloatingPoint size="50">	2.52933	0.557687	2.55753	4.4255	3.38021	2.44659	0.385951	2.56008	1.64651	2.45165	3.32667	0.380481	2.59741	4.52352	3.42633	2.41631	0.708836	2.63859	3.61944	2.32889	2.85707	0.476529	2.41194	2.67324	3.56892	3.54058	0.438903	2.47201	3.29432	3.54088	2.34104	0.575175	2.51495	3.59372	3.48306	6.66401	2.31358	4.91676	2.5994	3.30914	2.47692	0.0881585	2.6541	1.42713	2.2774	2.54952	0.409164	3.13869	2.36796	2.60701</FloatingPoint>
				<FloatingPoint size="20">	0.927543	0.937007	0.616367	0.901241	0.887418	0.990587	0.587478	0.788368	0.891953	0.939517	0.181728	0.972317	0.720692	0.166453	0.290061	0.615884	0.73748	0.942457	0.965822	0.955134</FloatingPoint>
			</Individual>
			<Individual size="2">
				<FitnessMax value="3.25315"/>
				<FloatingPoint size="50">	2.50668	0.570177	2.55827	4.4255	3.38117	2.52905	0.452056	2.54105	1.69861	2.42043	3.44724	0.433905	2.59713	4.48858	3.5364	2.41634	0.674895	2.8077	3.58519	2.3211	2.84557	0.47561	2.41252	2.66504	3.54719	3.45792	0.456594	2.47485	3.29958	3.58799	2.34973	0.504592	2.49547	3.7804	3.4943	3.62155	2.28427	2.20628	3.77529	3.50426	2.48837	0.23438	2.64546	1.37408	2.44386	2.58565	0.418182	2.28847	2.37705	2.61979</FloatingPoint>
				<FloatingPoint size="20">	0.927535	0.936991	0.426903	0.90924	0.887431	0.990569	0.0497754	0.78837	0.89217	0.939828	0.181728	0.971868	0.720747	0.166157	0.494985	0.188345	0.83716	0.938024	0.965822	0.955139</FloatingPoint>
			</Individual>
			<Individual size="2">
				<FitnessMax value="3.27551"/>
				<FloatingPoint size="50">	2.5222	0.574961	2.55791	4.42551	3.38096	2.3914	0.385954	2.52373	1.73824	2.44135	3.45357	0.400914	2.59726	4.52384	3.46894	2.41631	0.724217	2.67011	3.42362	2.31003	2.84547	0.466218	2.41493	2.69012	3.56754	3.54915	0.48487	2.47335	3.2946	3.56229	2.34622	0.54704	2.51917	3.62072	3.49559	3.84249	2.89365	1.09909	1.83471	3.17583	2.45211	0.108433	2.6541	1.42388	2.27039	2.55788	0.410686	2.84948	2.37595	2.60955</FloatingPoint>
				<FloatingPoint size="20">	0.927545	0.937008	0.629113	0.908949	0.88747	0.990569	0.587551	0.788379	0.892172	0.939959	0.181728	0.971881	0.720693	0.166461	0.248893	0.496503	0.756351	0.929668	0.965822	0.955128</FloatingPoint>
			</Individual>
			<Individual size="2">
				<FitnessMax value="3.27551"/>
				<FloatingPoint size="50">	2.5222	0.56704	2.55791	4.42551	3.38096	2.46211	0.385951	2.54268	1.69026	2.44135	3.45357	0.400914	2.59733	4.51255	3.46894	2.41631	0.724217	2.67011	3.62101	2.32684	2.84547	0.466218	2.41331	2.69012	3.56851	3.54915	0.48487	2.47335	3.2946	3.53503	2.34449	0.54704	2.51893	3.62072	3.48582	5.78861	2.38239	4.82321	2.91045	3.39202	2.47333	0.108433	2.65345	1.42388	2.27089	2.55788	0.410267	2.90315	2.37526	2.60955</FloatingPoint>
				<FloatingPoint size="20">	0.927545	0.937008	0.629113	0.908949	0.88747	0.990569	0.587551	0.788379	0.892172	0.939959	0.181728	0.971881	0.720693	0.166461	0.248893	0.496503	0.756351	0.929668	0.965822	0.955128</FloatingPoint>
			</Individual>
			<Individual size="2">
				<FitnessMax value="2.94487"/>
				<FloatingPoint size="50">	2.50596	0.562502	2.5458	4.42551	3.38127	2.34021	0.386727	2.54679	1.69118	2.43241	3.46523	0.413321	2.59721	4.50156	3.49987	2.42771	0.726659	2.65247	3.60426	2.32613	2.84509	0.487235	2.41217	2.69098	3.56544	3.50655	0.485713	2.74996	3.28869	3.53546	2.34451	0.525708	2.51417	3.64009	3.49212	5.52364	2.23799	3.90521	1.66645	3.59185	2.51957	0.175376	2.64713	1.42078	2.45595	2.57486	0.412052	2.59477	2.37545	3.29638</FloatingPoint>
				<FloatingPoint size="20">	0.927543	0.937005	0.648742	0.910149	0.887191	0.99059	0.590053	0.788351	0.892174	0.939743	0.181727	0.972255	0.720531	0.166331	0.311403	0.383181	0.769968	0.927636	0.965826	0.955134</FloatingPoint>
			</Individual>
			<Individual size="2">
				<FitnessMax value="3.27551"/>
				<FloatingPoint size="50">	2.52264	0.574961	2.49785	4.42551	3.37948	2.3914	0.385954	2.52373	1.73824	2.43776	3.45324	0.402867	2.59726	4.52384	3.53029	2.41632	0.730737	2.66135	3.42362	2.31003	2.81017	0.465122	2.41493	2.639	3.56754	3.51025	0.508726	2.4743	3.3042	3.56229	2.34622	0.533019	2.51917	3.66931	3.49559	3.84249	2.89365	1.09909	1.83471	3.17583	2.45211	0.211316	2.6541	1.43629	2.27039	2.59735	0.410686	2.84948	2.37595	2.62022</FloatingPoint>
				<FloatingPoint size="20">	0.927544	0.937007	0.464656	0.910983	0.887279	0.990612	0.588264	0.788296	0.892179	0.939557	0.181727	0.971881	0.720647	0.166373	0.825945	0.553393	0.669436	0.915293	0.965826	0.955139</FloatingPoint>
			</Individual>
			<Individual size="2">
				<FitnessMax value="3.27551"/>
				<FloatingPoint size="50">	2.73759	0.5423	2.55835	4.4255	3.38065	2.52917	0.387756	2.68194	1.69911	2.42276	3.52169	0.414501	2.59711	4.50439	3.5364	2.41634	0.674895	2.8077	3.58519	2.3211	2.84557	0.47561	2.41252	2.66504	3.54719	3.45792	0.456594	2.47485	3.29958	3.58799	2.34973	0.504592	2.66376	3.7804	3.4943	3.62155	2.28427	2.20628	3.77529	3.50426	2.48837	0.23438	2.64546	1.37408	2.44386	2.58565	0.418182	2.28847	2.37705	2.61979</FloatingPoint>
				<FloatingPoint size="20">	0.927544	0.937003	0.175086	0.909844	0.887326	0.990633	0.587521	0.788312	0.891199	0.939644	0.181728	0.971881	0.720624	0.166184	0.500523	0.628615	0.823109	0.942375	0.965823	0.955139</FloatingPoint>
			</Individual>
			<Individual size="2">
				<FitnessMax value="3.25984"/>
				<FloatingPoint size="50">	2.52288	0.559601	2.54457	4.42669	3.38037	2.44131	0.386411	2.52658	1.73214	2.48039	3.49222	0.41671	2.59706	4.51231	3.52675	2.42178	0.691944	2.71727	3.52325	2.31278	2.823	0.469164	2.41304	2.7214	3.56565	3.50341	0.682135	2.57018	3.27715	3.57157	2.34915	0.529767	2.49378	3.68311	3.49387	4.08377	2.28489	2.20512	2.39045	3.26003	2.467	0.22455	2.6487	1.42659	2.27103	2.58726	0.412684	2.39974	2.37649	2.61551</FloatingPoint>
				<FloatingPoint size="20">	0.927544	0.937003	0.559055	0.909844	0.887326	0.990633	0.587521	0.788312	0.891578	0.939527	0.181729	0.971909	0.751332	0.166243	0.405524	0.603092	0.602099	0.923211	0.965825	0.986785</FloatingPoint>
			</Individual>
			<Individual size="2">
				<FitnessMax value="3.24097"/>
				<FloatingPoint size="50">	2.5222	0.574961	2.55791	4.42551	3.38096	2.3914	0.385954	2.52373	1.73824	2.44135	3.45357	0.400914	2.59726	4.52384	3.46894	2.41631	0.724217	2.67011	3.42362	2.31003	2.84547	0.466218	2.41493	2.69012	3.56754	3.54915	0.48487	2.47335	3.2946	3.56229	2.34622	0.54704	2.51917	3.62072	3.49559	3.84249	2.89365	1.09909	1.83471	3.17583	2.45211	0.108433	2.6541	1.42388	2.27039	2.55788	0.410686	2.84948	2.37595	2.60955</FloatingPoint>
				<FloatingPoint size="20">	0.927543	0.937005	0.605078	0.909973	0.887321	0.990595	0.585968	0.1801	0.892181	0.93959	0.181727	0.971999	0.720618	0.166177	0.273409	0.161626	0.781038	0.938831	0.965822	0.955139</FloatingPoint>
			</Individual>
			<Individual size="2">
				<FitnessMax value="2.94045"/>
				<FloatingPoint size="50">	2.50685	0.570135	2.51394	4.42551	3.38198	2.26323	0.412072	2.54128	1.69535	2.42313	3.36016	0.431888	2.59721	3.55446	3.49399	2.41631	0.792553	2.75323	3.61269	2.32671	2.83532	0.471434	2.41246	2.71499	3.56349	3.53522	0.473567	2.5293	3.29755	3.55683	2.34687	0.540544	2.5176	3.75875	3.49474	2.90264	2.15009	4.12096	3.65209	2.25826	2.48316	0.220267	2.64767	1.38107	2.27834	2.58034	0.419583	2.29811	2.37682	2.61635</FloatingPoint>
				<FloatingPoint size="20">	0.097891	0.937008	0.657507	0.899699	0.887156	0.990577	0.591485	0.746023	0.892174	0.939039	0.181728	0.974034	0.720691	0.16645	0.398698	0.693892	0.684977	0.952575	0.965822	0.955131</FloatingPoint>
			</Individual>
			<Individual size="2">
				<FitnessMax value="3.27551"/>
				<FloatingPoint size="50">	2.73759	0.5423	2.55835	4.4255	3.38065	2.52917	0.387756	2.68194	1.69911	2.42276	3.52169	0.414501	2.59711	4.50439	3.52119	2.41634	0.659122	2.74572	3.5833	2.32216	2.84541	0.471394	2.41135	2.66825	3.56612	3.46632	0.454366	2.47494	3.17705	3.58927	2.34936	0.524007	2.48901	3.65687	3.49473	5.9655	2.31827	3.91938	3.67272	3.4366	2.46389	0.262564	2.6504	1.43624	2.27647	2.59797	0.413786	2.32499	2.37636	2.61957</FloatingPoint>
				<FloatingPoint size="20">	0.927543	0.937005	0.605078	0.910021	0.887321	0.990595	0.585968	0.788312	0.892181	0.93959	0.181727	0.971999	0.720618	0.166177	0.273409	0.161626	0.781038	0.938831	0.965822	0.955139</FloatingPoint>
			</Individual>
			<Individual size="2">
				<FitnessMax value="3.27551"/>
				<FloatingPoint size="50">	2.74913	0.550897	2.51196	4.42551	3.38177	2.51611	0.411685	2.53238	1.75301	2.42077	3.6543	0.430191	2.59702	4.50011	3.49159	2.41632	0.742643	2.73225	3.59348	2.33771	2.8287	0.459094	2.41222	2.70014	3.55283	3.5525	0.477507	2.45295	3.29506	3.56134	2.34969	0.521555	2.4244	3.70044	3.49567	3.75464	2.43192	4.39107	3.59661	3.48524	2.46014	0.248835	2.65029	1.43167	2.27745	2.59374	0.395757	2.38028	2.37873	2.62045</FloatingPoint>
				<FloatingPoint size="20">	0.927541	0.937441	0.343193	0.910331	0.887498	0.9906	0.578476	0.788358	0.892174	0.938956	0.18173	0.973601	0.720627	0.166354	0.0681855	0.875032	0.611677	0.95863	0.965823	0.955134</FloatingPoint>
			</Individual>
			<Individual size="2">
				<FitnessMax value="2.37254"/>
				<FloatingPoint size="50">	2.5026	0.555901	2.53526	4.4255	3.38111	2.32506	0.402788	2.57557	1.72838	2.42232	3.48392	0.430116	2.59717	4.35758	3.49656	2.41632	0.71038	2.7459	3.59199	2.32617	2.84021	0.470366	2.41225	2.70346	3.563	3.51642	0.473152	2.47193	3.29706	3.56287	2.34863	0.539461	2.47426	3.69528	3.49475	4.16053	2.30285	4.10028	3.65687	2.85594	2.48178	4.53146	2.6477	1.41494	2.27813	2.59352	0.412425	2.34305	2.37746	2.61724</FloatingPoint>
				<FloatingPoint size="20">	0.927543	0.937008	0.741798	0.909129	0.88702	0.990579	0.598572	0.703667	0.892174	0.938777	0.181728	0.974752	0.720691	0.166442	0.453691	0.729773	0.687332	0.959377	0.965822	0.955131</FloatingPoint>
			</Individual>
			<Individual size="2">
				<FitnessMax value="3.25858"/>
				<FloatingPoint size="50">	2.50461	0.590116	2.55884	4.42552	3.38281	2.5004	0.38595	2.49977	1.7982	2.41596	3.76667	0.451328	2.59713	4.53961	3.57407	2.41631	0.762168	2.74786	3.62488	2.3218	2.81685	0.440774	2.41671	2.73177	3.56749	3.5703	0.598286	2.47663	3.29529	3.54946	2.35301	0.477623	2.52875	3.68734	3.49261	3.62866	2.55217	4.59237	3.6779	3.59653	2.46446	0.158458	2.65187	1.4319	2.25482	2.57851	0.412987	2.32199	2.39328	2.61581</FloatingPoint>
				<FloatingPoint size="20">	0.92754	0.937008	0.611639	0.909148	0.887556	0.990569	0.589002	0.788375	0.211072	0.939851	0.181728	0.971881	0.720693	0.16647	0.472545	0.576539	0.679974	0.930039	0.965822	0.955128</FloatingPoint>
			</Individual>
			<Individual size="2">
				<FitnessMax value="3.27498"/>
				<FloatingPoint size="50">	2.505	0.545448	2.54658	4.4255	3.38076	2.52585	0.391005	2.59113	1.73039	2.4222	3.55726	0.428235	2.59708	4.50338	3.49713	2.41632	0.691784	2.73581	3.58537	2.32514	2.84224	0.468886	2.41219	2.69028	3.56214	3.49697	0.468778	2.4586	3.27331	3.56351	2.34951	0.523487	2.45308	3.66564	3.4948	4.96275	2.42594	4.01933	3.6681	3.46227	2.46363	0.251684	2.65033	1.43444	2.27742	2.59624	0.412242	2.34505	2.37839	2.61967</FloatingPoint>
				<FloatingPoint size="20">	0.927545	0.937006	0.565277	0.910026	0.8873	0.990625	0.588887	0.788328	0.892178	0.939555	0.322804	0.972237	0.720581	0.166314	0.262964	0.336146	0.68347	0.932342	0.965826	0.955138</FloatingPoint>
			</Individual>
			<Individual size="2">
				<FitnessMax value="3.27551"/>
				<FloatingPoint size="50">	2.50633	0.568428	2.28975	4.42551	3.38276	2.14651	0.387536	2.60313	1.69547	2.42466	3.53438	0.419348	2.59711	4.48565	3.53611	2.42274	0.680382	2.74953	3.45936	2.31324	2.82361	0.468748	2.41155	2.6448	3.56702	3.50207	0.736711	2.47445	3.2132	3.58607	2.3481	0.528385	2.48894	3.69389	3.49509	4.0112	2.49122	1.70328	2.25439	3.21186	2.46493	0.245816	2.64842	1.42981	2.2874	2.58855	0.412018	2.33107	2.3761	2.61966</FloatingPoint>
				<FloatingPoint size="20">	0.927543	0.93699	0.55945	0.909665	0.88734	0.990638	0.586792	0.788311	0.892171	0.939617	0.181727	0.971881	0.720624	0.166175	0.328171	0.340557	0.843947	0.942501	0.965822	0.955139</FloatingPoint>
			</Individual>
			<Individual size="2">
				<FitnessMax value="2.84065"/>
				<FloatingPoint size="50">	2.50461	0.590116	2.55884	4.42552	3.38281	2.5004	0.38595	2.49977	1.7982	2.41596	3.76667	0.451328	2.59713	4.53961	3.57407	2.41631	0.762168	2.74786	3.62488	2.3218	2.81685	0.440774	2.41671	2.73177	3.56749	3.5703	0.598286	2.47663	3.29529	3.54946	2.35301	0.477623	2.52875	3.68734	3.49261	3.62866	2.55217	4.59237	3.6779	3.59653	2.46446	0.158458	2.65187	1.4319	2.25482	2.57851	0.412987	2.32199	2.39328	2.61581</FloatingPoint>
				<FloatingPoint size="20">	0.927543	0.657581	0.741798	0.909129	0.88702	0.990579	0.598572	0.788389	0.892174	0.939031	0.181728	0.973684	0.720673	0.166414	0.442707	0.552781	0.735252	0.944102	0.965823	0.955135</FloatingPoint>
			</Individual>
			<Individual size="2">
				<FitnessMax value="3.27551"/>
				<FloatingPoint size="50">	2.73759	0.5423	2.55835	4.4255	3.38065	2.52917	0.387756	2.68194	1.69911	2.42276	3.52169	0.414501	2.59711	4.50439	3.52119	2.41634	0.659122	2.74572	3.5833	2.32216	2.84541	0.471394	2.41135	2.66825	3.56612	3.46632	0.454366	2.47494	3.17705	3.58927	2.34936	0.524007	2.48901	3.71561	3.49488	5.80716	2.15431	2.55056	3.66038	3.46806	2.46626	0.37811	2.64595	1.4099	2.27208	2.58753	0.418734	2.31965	2.37682	2.61936</FloatingPoint>
				<FloatingPoint size="20">	0.927544	0.936989	0.346065	0.911062	0.887597	0.990667	0.582173	0.788343	0.892174	0.93946	0.181728	0.97188	0.720643	0.166365	0.248145	0.253969	0.816155	0.918312	0.965825	0.95514</FloatingPoint>
			</Individual>
			<Individual size="2">
				<FitnessMax value="3.27551"/>
				<FloatingPoint size="50">	2.50668	0.570177	2.55827	4.4255	3.38117	2.52905	0.452056	2.54105	1.69861	2.42043	3.44724	0.433905	2.59713	4.48858	3.5364	2.41634	0.674895	2.8077	3.58519	2.3211	2.84557	0.47561	2.41252	2.66504	3.54719	3.45792	0.456594	2.47485	3.29958	3.58799	2.34973	0.504592	2.49547	3.7804	3.4943	3.62155	2.28427	2.20628	3.77529	3.50426	2.48837	0.23438	2.64546	1.37408	2.44386	2.58565	0.418182	2.28847	2.37705	2.61979</FloatingPoint>
				<FloatingPoint size="20">	0.927544	0.937003	0.175086	0.909844	0.887326	0.990633	0.587521	0.788312	0.891199	0.939644	0.181728	0.971881	0.720624	0.166184	0.500523	0.628615	0.892652	0.942375	0.965823	0.955139</FloatingPoint>
			</Individual>
			<Individual size="2">
				<FitnessMax value="3.13897"/>
				<FloatingPoint size="50">	2.50714	0.572094	2.5582	4.4255	3.3843	2.52934	0.662343	2.54226	1.69552	2.41937	3.58131	0.578777	2.59695	4.51279	3.54475	2.41633	0.67584	2.67141	3.61013	2.3252	2.84472	0.451234	2.41237	2.6651	3.56298	3.46748	0.728821	2.47513	3.29561	3.56339	2.3517	2.43694	2.51172	3.84704	3.48939	3.04803	2.18213	1.97126	3.78303	3.48977	2.49411	0.238758	2.6471	1.38102	2.81789	2.59742	0.411287	2.29081	2.37737	2.62601</FloatingPoint>
				<FloatingPoint size="20">	0.927542	0.937005	0.335342	0.909304	0.887261	0.990579	0.584275	0.788355	0.891648	0.939074	0.181727	0.973331	0.720645	0.166206	0.282443	0.647713	0.685505	0.950727	0.965822	0.955136</FloatingPoint>
			</Individual>
			<Individual size="2">
				<FitnessMax value="3.27461"/>
				<FloatingPoint size="50">	2.505	0.545448	2.54658	4.4255	3.38076	2.52585	0.391005	2.59113	1.73039	2.4222	3.55726	0.428235	2.59708	4.50338	3.49713	2.41632	0.691784	2.73581	3.58537	2.32514	2.84224	0.468886	2.41219	2.69028	3.56214	3.49697	0.468778	2.4586	3.27331	3.56351	2.34951	0.523487	2.45308	3.66564	3.4948	4.96275	2.42594	4.01933	3.6681	3.46227	2.46363	0.251684	2.65033	1.43444	2.27742	2.59624	0.412242	2.34505	2.37839	2.61967</FloatingPoint>
				<FloatingPoint size="20">	0.927543	0.937005	0.605078	0.910021	0.887321	0.990595	0.585968	0.788312	0.892181	0.93959	0.355381	0.971999	0.720618	0.166177	0.273409	0.161626	0.781038	0.938831	0.965822	0.955139</FloatingPoint>
			</Individual>
			<Individual size="2">
				<FitnessMax value="3.24097"/>
				<FloatingPoint size="50">	2.50638	0.573232	2.55837	4.42551	3.38407	2.52112	0.510816	2.53595	1.7492	2.41621	3.62481	0.462344	2.59706	4.53243	3.5661	2.41632	0.681103	2.68745	3.62065	2.32472	2.84307	0.47182	2.4124	2.68061	3.56505	3.51923	0.673263	2.47516	3.29556	3.55963	2.35229	0.486157	2.52522	3.80068	3.49172	3.4212	2.33966	2.43507	3.72986	3.59103	2.47188	0.216996	2.64727	1.42497	2.51213	2.59295	0.412088	2.30709	2.39285	2.6177</FloatingPoint>
				<FloatingPoint size="20">	0.927543	0.936999	0.572857	0.909814	0.887289	0.990615	0.593553	0.146623	0.892173	0.939796	0.181727	0.971896	0.720655	0.166288	0.310392	0.800243	0.772638	0.948819	0.965822	0.955139</FloatingPoint>
			</Individual>
			<Individual size="2">
				<FitnessMax value="3.27498"/>
				<FloatingPoint size="50">	2.505	0.56451	2.45039	4.42552	3.38192	2.1975	0.38647	2.66515	1.69748	2.44153	3.52655	0.408194	2.59712	4.50278	3.48547	2.41633	0.681279	2.66938	3.58447	2.98973	2.83971	0.467611	2.38373	2.67278	3.56612	3.50456	0.46356	2.47351	3.22922	3.58031	2.34703	0.541266	2.50585	3.76416	3.49494	2.9042	2.02248	2.91392	3.6637	3.46124	2.47764	0.267926	2.64593	1.39547	2.27093	2.58547	0.419074	2.3099	2.37684	2.617</FloatingPoint>
				<FloatingPoint size="20">	0.927546	0.936991	0.416088	0.909241	0.887431	0.990569	0.579879	0.788317	0.892175	0.939826	0.181728	0.958197	0.720746	0.166158	0.494657	0.698151	0.821159	0.938094	0.965829	0.95514</FloatingPoint>
			</Individual>
			<Individual size="2">
				<FitnessMax value="3.10887"/>
				<FloatingPoint size="50">	2.5142	0.571887	2.47543	4.42552	3.38057	2.33568	0.385952	2.53203	1.72865	2.435	3.44854	0.405298	2.59732	4.44428	3.47839	2.41632	0.73037	2.74878	3.54959	2.33161	2.8156	0.476282	2.41126	2.69462	3.56662	3.54108	0.476028	2.47432	3.29978	3.57191	2.34519	0.539528	2.51582	3.76697	3.49673	3.11725	1.93608	3.426	2.76799	1.90556	2.57701	0.222902	2.64883	1.39815	2.27012	2.5848	0.420605	2.31534	2.37646	2.61562</FloatingPoint>
				<FloatingPoint size="20">	0.927543	0.937008	0.741798	0.909129	0.88702	0.990579	0.598572	0.788389	0.892174	0.938777	0.76636	0.974752	0.720691	0.166442	0.453691	0.729773	0.687332	0.959377	0.965822	0.955131</FloatingPoint>
			</Individual>
			<Individual size="2">
				<FitnessMax value="3.27061"/>
				<FloatingPoint size="50">	2.69451	0.5963	2.55823	4.43701	3.38242	2.52462	0.387357	2.53758	1.70421	2.42188	3.23655	0.439506	2.59696	4.48982	3.54009	2.41633	0.665413	2.71635	3.60277	2.32664	2.84939	0.477192	2.4209	2.94785	3.5639	3.49349	0.460268	2.47475	3.31634	3.56938	2.34652	0.505098	2.5052	3.64106	3.48482	3.75931	0.328155	2.847	4.05242	3.48722	2.46761	0.152599	2.647	1.41617	2.27451	2.58392	0.419364	2.25585	2.37631	2.61546</FloatingPoint>
				<FloatingPoint size="20">	0.927544	0.937004	0.684149	0.909865	0.887269	0.990607	0.592248	0.788361	0.892174	0.939872	0.181728	0.971908	0.720566	0.166327	0.272274	0.599691	0.806735	0.910214	0.965826	0.955139</FloatingPoint>
			</Individual>
			<Individual size="2">
				<FitnessMax value="3.27551"/>
				<FloatingPoint size="50">	2.50714	0.572094	2.5582	4.4255	3.3843	2.52934	0.662343	2.54226	1.69552	2.41937	3.35346	0.406124	2.59752	4.39078	3.49152	2.41633	0.736716	2.82826	3.47669	2.33258	2.80333	0.487858	2.40887	2.67561	3.56713	3.52275	0.46951	2.47525	3.30202	3.5886	2.34591	0.536697	2.5113	3.76294	3.49848	3.8361	1.8502	3.90351	1.76137	3.3301	2.66898	0.21481	2.6521	1.41828	2.26932	2.58507	0.421132	2.32605	2.37604	2.61517</FloatingPoint>
				<FloatingPoint size="20">	0.927543	0.937007	0.729047	0.909316	0.887246	0.990591	0.58435	0.788339	0.891412	0.938849	0.181728	0.974005	0.720619	0.166138	0.303171	0.572065	0.658459	0.943521	0.965822	0.955134</FloatingPoint>
			</Individual>
			<Individual size="2">
				<FitnessMax value="1.91508"/>
				<FloatingPoint size="50">	2.50685	0.588783	2.55829	4.43159	3.38098	2.52694	0.387536	2.5516	1.70204	2.42202	3.43675	0.42551	2.59699	4.50374	3.5382	2.41633	0.665788	2.73972	3.58705	2.3228	2.84607	0.472338	2.4136	2.85168	3.56324	3.48926	0.457697	2.47475	3.25406	3.57251	2.34714	0.510497	2.50634	3.70527	3.49353	4.01906	0.714033	2.61876	3.84701	3.48988	2.47519	0.154819	2.64601	1.40456	2.36836	2.58615	0.419111	2.25905	2.37657	2.61883</FloatingPoint>
				<FloatingPoint size="20">	0.927545	0.937009	0.657629	0.908963	0.886978	0.990575	0.599261	0.788407	0.892173	0.196496	0.181728	0.971881	0.720439	0.166284	0.186186	0.549019	0.909097	0.894979	0.965829	0.95514</FloatingPoint>
			</Individual>
			<Individual size="2">
				<FitnessMax value="3.27551"/>
				<FloatingPoint size="50">	2.50461	0.590116	2.55884	4.42552	3.38281	2.5004	0.38595	2.49977	1.7982	2.41596	3.76667	0.451328	2.59713	4.53961	3.57407	2.41631	0.762168	2.74786	3.62488	2.3218	2.81685	0.440774	2.41671	2.73177	3.56749	3.5703	0.598286	2.47663	3.29529	3.54946	2.35301	0.477623	2.52875	3.68734	3.49261	3.62866	2.55217	4.59237	3.6779	3.59653	2.46446	0.158458	2.65187	1.4319	2.25482	2.57851	0.412987	2.32199	2.39328	2.61581</FloatingPoint>
				<FloatingPoint size="20">	0.927545	0.937005	0.644286	0.910312	0.887397	0.990576	0.587264	0.78836	0.892174	0.939435	0.181726	0.973094	0.720641	0.166291	0.336091	0.642649	0.682705	0.912968	0.965825	0.955139</FloatingPoint>
			</Individual>
			<Individual size="2">
				<FitnessMax value="2.96901"/>
				<FloatingPoint size="50">	2.505	0.56451	2.45039	4.42552	3.38192	2.1975	0.38647	2.66515	1.69748	2.44153	3.52655	0.408194	2.59712	4.50278	4.93518	2.41633	0.681279	2.66938	3.58447	2.32436	2.83971	0.467611	2.41249	2.67278	3.56612	3.50456	0.46356	2.47351	3.22922	3.58031	2.34703	0.541266	2.50585	3.76416	3.49494	2.9042	2.79592	2.91392	3.6637	3.46124	2.47764	0.267926	2.64593	1.39547	2.27093	2.58547	0.419074	2.3099	2.37684	2.617</FloatingPoint>
				<FloatingPoint size="20">	0.927546	0.936976	0.4143	0.909241	0.887738	0.99065	0.579846	0.788317	0.892175	0.939206	0.181726	0.971854	0.720845	0.166155	0.332686	0.698441	0.821867	0.941137	0.965829	0.95514</FloatingPoint>
			</Individual>
			<Individual size="2">
				<FitnessMax value="3.25894"/>
				<FloatingPoint size="50">	2.68064	0.597581	2.55827	4.42665	3.38298	2.5281	0.388382	2.53573	1.69866	2.42157	3.21214	0.431855	2.59713	4.4879	3.53724	2.41634	0.668277	2.79882	3.60006	2.31918	2.84971	0.475416	2.4191	2.88858	3.5407	3.49368	0.456462	2.4747	3.31426	3.57402	2.34883	0.504117	2.4974	3.53902	3.50076	3.76101	0.299036	2.90768	4.11466	3.50466	2.47223	0.21327	2.64692	1.42427	2.47723	2.5852	0.417974	2.27517	2.37698	2.61586</FloatingPoint>
				<FloatingPoint size="20">	0.927544	0.937009	0.657629	0.908963	0.886978	0.990575	0.599261	0.788407	0.0574705	0.940217	0.181728	0.971881	0.720439	0.166284	0.186186	0.549019	0.344887	0.894979	0.965829	0.95514</FloatingPoint>
			</Individual>
			<Individual size="2">
				<FitnessMax value="2.45593"/>
				<FloatingPoint size="50">	2.50884	0.569362	2.55886	4.4255	3.38179	2.50755	0.385946	2.53786	1.78188	2.41991	3.63079	0.44065	2.59716	4.46307	3.55957	2.41632	0.751817	2.58339	3.62312	2.32279	2.81785	0.443122	2.41526	2.7664	3.56626	3.53937	0.507405	2.53677	3.29623	3.54889	2.34849	0.507548	2.52742	3.6929	3.50497	3.58589	2.41591	1.9999	3.75388	3.70438	5.69924	0.159876	2.64549	1.40242	2.26697	2.58692	0.419231	2.36585	2.37767	2.61507</FloatingPoint>
				<FloatingPoint size="20">	0.927545	0.937003	0.603656	0.909441	0.887355	0.990618	0.584681	0.788339	0.892172	0.939625	0.131855	0.971881	0.720655	0.166354	0.44741	0.398654	0.780132	0.930627	0.965822	0.955136</FloatingPoint>
			</Individual>
			<Individual size="2">
				<FitnessMax value="2.93505"/>
				<FloatingPoint size="50">	2.73759	0.5423	2.55835	3.32821	3.38065	2.52917	0.387756	2.68194	1.69911	2.42276	3.52169	0.414501	2.59711	4.50439	3.52119	2.41634	0.659122	2.74572	3.5833	2.32216	2.84541	0.471394	2.41135	2.66825	3.56612	3.46632	0.454366	2.47494	3.17705	3.58927	2.34936	0.524007	2.48901	3.71561	3.49488	5.80716	2.15431	2.55056	3.66038	3.46806	2.46626	0.37811	2.64595	1.4099	2.27208	2.58753	0.418734	2.31965	2.37682	2.61936</FloatingPoint>
				<FloatingPoint size="20">	0.927543	0.937005	0.693036	0.910271	0.887175	0.990584	0.583587	0.78833	0.892175	0.939591	0.181727	0.971881	0.720663	0.166394	0.322257	0.369704	0.720849	0.941724	0.965822	0.955134</FloatingPoint>
			</Individual>
			<Individual size="2">
				<FitnessMax value="3.04531"/>
				<FloatingPoint size="50">	2.50685	0.569195	2.54104	4.42551	3.38131	2.42798	0.386148	2.57299	1.69068	2.4347	2.42108	0.410543	2.59719	4.50955	3.48585	2.41661	0.720598	2.68708	3.5363	2.31855	2.84496	0.468143	2.41321	2.68963	3.56837	3.52344	0.599779	2.47802	3.28275	3.56529	2.34483	0.546973	2.50549	3.62827	3.48812	4.44146	2.31922	3.15062	2.70133	3.33497	2.47122	0.145163	2.65243	1.42384	2.31772	2.56445	0.411832	2.47502	2.37593	2.61033</FloatingPoint>
				<FloatingPoint size="20">	0.927545	0.937008	0.629113	0.908949	0.88747	0.990569	0.587551	0.788379	0.892172	0.939959	0.181728	0.971881	0.720693	0.166461	0.248893	0.496503	0.756351	0.929668	0.965822	0.955128</FloatingPoint>
			</Individual>
			<Individual size="2">
				<FitnessMax value="3.25425"/>
				<FloatingPoint size="50">	2.50466	0.561037	2.55811	4.42551	3.38857	2.51671	0.385954	2.49262	1.88368	2.36756	3.60946	0.25645	2.59491	4.34725	3.23832	2.41629	0.719089	2.66794	3.64432	2.32042	2.83688	0.476522	2.46479	2.67028	3.56169	3.58257	0.515346	2.47667	3.30187	3.57039	2.3494	0.534537	2.51886	3.94866	3.49536	3.90497	3.04554	3.18558	1.21	3.38467	2.4367	0.223372	2.65284	1.42837	2.27609	2.59437	0.416161	2.30399	2.37448	2.61569</FloatingPoint>
				<FloatingPoint size="20">	0.927544	0.937004	0.543874	0.917595	0.868591	0.990611	0.587913	0.788288	0.891976	0.939423	0.142334	0.972192	0.720529	0.16636	0.231356	0.162012	0.709425	0.929943	0.757888	0.955133</FloatingPoint>
			</Individual>
			<Individual size="2">
				<FitnessMax value="3.27128"/>
				<FloatingPoint size="50">	2.50587	0.562778	2.48711	4.42551	3.38633	2.34609	0.386398	2.51895	1.80865	2.44835	3.58256	0.285307	2.5951	4.37315	3.46739	2.24039	0.703843	2.66843	3.59444	2.66658	2.83757	0.47586	2.45722	2.67079	3.56273	3.56501	0.49711	2.47374	3.27264	3.57681	2.34798	0.535423	2.50899	3.90777	3.49508	3.7866	2.29768	3.05006	1.25724	3.44818	2.45442	0.251611	2.64656	1.4141	2.27542	2.58642	0.417174	2.30692	2.37528	2.61647</FloatingPoint>
				<FloatingPoint size="20">	0.927543	0.937005	0.605078	0.910021	0.887321	0.990595	0.585968	0.788312	0.892181	0.93959	0.149453	0.971999	0.720618	0.166177	0.273409	0.695718	0.781038	0.938831	0.965822	0.955139</FloatingPoint>
			</Individual>
			<Individual size="2">
				<FitnessMax value="1.92595"/>
				<FloatingPoint size="50">	2.50981	0.589402	2.47084	4.42482	3.37992	2.74289	0.385795	2.50676	1.75315	2.41304	3.83198	0.360235	2.5934	4.53841	3.54214	2.41633	0.76312	2.67756	3.60534	2.32099	2.8434	0.42883	2.51275	2.73994	1.92475	3.55502	0.609597	2.47627	3.29268	3.55298	2.35278	0.578764	2.50944	3.70266	3.49265	3.75517	1.37323	0.96066	3.78985	3.45501	2.46169	0.158152	2.65458	1.43385	6.18496	2.58357	0.413143	2.35584	2.37684	2.6162</FloatingPoint>
				<FloatingPoint size="20">	0.927545	0.937009	0.657629	0.908963	0.886978	0.990575	0.599261	0.788407	0.892173	0.940217	0.181728	0.971881	0.720439	0.166284	0.186186	0.549019	0.909097	0.894979	0.965829	0.95514</FloatingPoint>
			</Individual>
			<Individual size="2">
				<FitnessMax value="3.27551"/>
				<FloatingPoint size="50">	2.50668	0.570177	2.55827	4.4255	3.38117	2.52905	0.452056	2.54105	1.69861	2.42043	3.44724	0.433905	2.59713	4.48858	3.5364	2.41634	0.674895	2.8077	3.58519	2.3211	2.84557	0.47561	2.41252	2.66504	3.54719	3.45792	0.456594	2.47485	3.29958	3.58799	2.34973	0.504592	2.49547	3.7804	3.4943	3.62155	2.28427	2.20628	3.77529	3.50426	2.48837	0.23438	2.64546	1.37408	2.44386	2.58565	0.418182	2.28847	2.37705	2.61979</FloatingPoint>
				<FloatingPoint size="20">	0.927544	0.937007	0.490455	0.909837	0.8872	0.990632	0.591865	0.788349	0.892174	0.939062	0.181728	0.974365	0.720614	0.166369	0.275088	0.615613	0.25569	0.933359	0.965824	0.955132</FloatingPoint>
			</Individual>
			<Individual size="2">
				<FitnessMax value="3.27551"/>
				<FloatingPoint size="50">	2.505	0.56451	2.45039	4.42552	3.38192	2.1975	0.38647	2.66515	1.69748	2.44153	3.52655	0.408194	2.59712	4.50278	3.48547	2.41633	0.681279	2.66938	3.58447	2.98973	2.83971	0.467611	2.38373	2.67278	3.56612	3.50456	0.46356	2.47351	3.22922	3.58031	2.34703	0.541266	2.50585	3.76416	3.49494	2.9042	2.02248	2.91392	3.6637	3.46124	2.47764	0.267926	2.64593	1.39547	2.27093	2.58547	0.419074	2.3099	2.37684	2.617</FloatingPoint>
				<FloatingPoint size="20">	0.927546	0.936977	0.416088	0.909232	0.887737	0.99065	0.579879	0.788317	0.892175	0.939208	0.181726	0.971855	0.720844	0.166156	0.332841	0.698151	0.821159	0.941043	0.965829	0.95514</FloatingPoint>
			</Individual>
			<Individual size="2">
				<FitnessMax value="3.27551"/>
				<FloatingPoint size="50">	2.50668	0.570177	2.55827	4.4255	3.38117	2.52905	0.452056	2.54105	1.69861	2.42043	3.44724	0.433905	2.59713	4.48858	3.5364	2.41634	0.674895	2.8077	3.58519	2.3211	2.84557	0.47561	2.41252	2.66504	3.54719	3.45792	0.456594	2.47485	3.29958	3.58799	2.34973	0.504592	2.49547	3.7804	3.4943	3.62155	2.28427	2.20628	3.77529	3.50426	2.48837	0.23438	2.64546	1.37408	2.44386	2.58565	0.418182	2.28847	2.37705	2.61979</FloatingPoint>
				<FloatingPoint size="20">	0.927543	0.937007	0.652954	0.909454	0.887167	0.990585	0.594374	0.788356	0.892174	0.938687	0.181729	0.977047	0.720666	0.166346	0.359525	0.893779	0.55085	0.966857	0.965822	0.95513</FloatingPoint>
			</Individual>
			<Individual size="2">
				<FitnessMax value="3.27551"/>
				<FloatingPoint size="50">	2.50339	0.568535	2.55911	4.4255	3.37941	2.51989	0.3863	2.53969	1.71431	2.42006	3.20584	0.429538	2.59717	4.50272	3.51738	2.41633	0.74591	2.76426	3.54454	2.33098	2.82883	0.468881	2.41193	2.80163	3.56652	3.54525	0.486416	2.71252	3.29461	3.52736	2.34713	0.538399	2.49867	3.68382	3.49475	3.88039	2.40336	4.00733	3.75987	2.50829	2.47358	0.213009	2.64569	1.40684	2.35313	2.59187	0.418435	2.37116	2.37586	2.61796</FloatingPoint>
				<FloatingPoint size="20">	0.927543	0.937007	0.540081	0.909982	0.901983	0.990588	0.594	0.788349	0.891846	0.939356	0.181728	0.975273	0.720658	0.166347	0.334241	0.592276	0.606132	0.955046	0.965823	0.955137</FloatingPoint>
			</Individual>
			<Individual size="2">
				<FitnessMax value="3.27551"/>
				<FloatingPoint size="50">	2.69451	0.5963	2.55823	4.43701	3.38242	2.52462	0.387357	2.53758	1.70421	2.42188	3.23655	0.439506	2.59696	4.48982	3.54009	2.41633	0.665413	2.71635	3.60277	2.32664	2.84939	0.477192	2.4209	2.94785	3.5639	3.49349	0.460268	2.47475	3.31634	3.56938	2.3517	0.502727	2.51172	3.84704	3.48939	3.04803	2.18213	1.97126	3.78303	3.48977	2.49411	0.238758	2.6471	1.38102	2.81265	2.59742	0.411287	2.29081	2.37737	2.62601</FloatingPoint>
				<FloatingPoint size="20">	0.927545	0.937007	0.514069	0.909452	0.887047	0.990582	0.586076	0.788362	0.892163	0.940116	0.181728	0.971948	0.720547	0.166185	0.110066	0.670633	0.664808	0.921803	0.965824	0.955139</FloatingPoint>
			</Individual>
			<Individual size="2">
				<FitnessMax value="3.27551"/>
				<FloatingPoint size="50">	2.50596	0.484417	2.4166	4.42551	3.97025	2.53716	0.387242	2.52575	1.69635	2.43699	3.58786	0.442701	2.59707	4.50088	3.46535	2.41632	0.696305	2.71501	3.61423	2.32772	2.83178	0.464835	2.409	2.72526	3.56567	3.55029	0.47986	2.47362	3.28501	3.55878	2.34654	0.527109	2.51006	3.67233	3.49586	5.40275	2.34544	4.56266	3.62893	3.41973	2.46522	0.450223	2.64731	1.4412	2.27897	2.60306	0.416158	2.33403	2.37611	2.62013</FloatingPoint>
				<FloatingPoint size="20">	0.927545	0.937004	0.129474	0.912286	0.88745	0.990627	0.585038	0.788232	0.892181	0.939521	0.181726	0.971881	0.720439	0.166284	0.186186	0.270354	0.786449	0.930938	0.965826	0.955139</FloatingPoint>
			</Individual>
			<Individual size="2">
				<FitnessMax value="3.27587"/>
				<FloatingPoint size="50">	2.69451	0.5963	2.55823	4.43701	3.38242	2.52462	0.387357	2.53758	1.70421	2.42188	3.23655	0.439506	2.59696	4.48982	3.54009	2.41633	0.665413	2.71635	3.60277	2.32664	2.84939	0.477192	2.4209	2.94785	3.5639	3.49349	0.460268	2.47475	3.31634	3.56938	2.34652	0.505098	2.5052	3.64106	3.48482	3.75931	0.328155	2.847	4.05242	3.48722	2.46761	0.152599	2.647	1.41617	2.27451	2.58392	0.419364	2.25585	2.37631	2.61546</FloatingPoint>
				<FloatingPoint size="20">	0.927545	0.937009	0.657629	0.908963	0.886978	0.990575	0.599261	0.788407	0.892173	0.940217	0.181728	0.971881	0.720439	0.166284	0.186186	0.549019	0.909097	0.894979	0.965829	0.95514</FloatingPoint>
			</Individual>
			<Individual size="2">
				<FitnessMax value="3.27551"/>
				<FloatingPoint size="50">	2.50884	0.561922	2.55811	4.4255	3.3856	2.5196	0.395343	2.53491	1.79015	2.42378	3.59574	0.572375	2.59519	4.35171	3.31134	2.4163	0.693273	2.66868	3.6205	2.70694	2.84223	0.474562	2.42576	2.66545	3.56213	3.48401	0.688862	2.47533	3.29796	3.56487	2.35045	0.51189	2.5138	3.89508	3.49437	3.55959	2.78777	3.02412	2.36525	3.40615	2.49079	0.238168	2.64816	1.38489	2.80651	2.59566	0.412982	2.29597	2.37631	2.62241</FloatingPoint>
				<FloatingPoint size="20">	0.927539	0.937001	0.552322	0.910637	0.887399	0.990633	0.591361	0.788332	0.892174	0.939477	0.181726	0.972833	0.720537	0.166327	0.256222	0.411514	0.65252	0.914362	0.965827	0.955129</FloatingPoint>
			</Individual>
			<Individual size="2">
				<FitnessMax value="2.45672"/>
				<FloatingPoint size="50">	2.50461	0.590116	2.55884	4.42552	3.38281	2.5004	2.50008	2.49977	1.7982	2.41596	3.76667	0.451328	2.59713	4.53961	3.57407	2.41631	0.762168	2.74786	3.62488	2.3218	2.81685	0.440774	2.41671	2.73177	3.56749	3.5703	0.598286	2.47663	3.29529	3.54946	2.35301	0.477623	2.52875	3.68734	3.49261	3.62866	2.55217	4.59237	3.6779	3.59653	2.46446	0.158458	2.65187	1.4319	2.25482	2.57851	0.412987	2.32199	2.39328	2.61581</FloatingPoint>
				<FloatingPoint size="20">	0.927546	0.936977	0.416087	0.909232	0.887737	0.99065	0.579878	0.788317	0.892175	0.939208	0.181726	0.971855	0.720844	0.166156	0.332844	0.698154	0.821173	0.941042	0.965829	0.95514</FloatingPoint>
			</Individual>
			<Individual size="2">
				<FitnessMax value="3.27551"/>
				<FloatingPoint size="50">	2.50714	0.572094	2.5582	4.4255	3.3843	2.52934	0.662343	2.54226	1.69552	2.41937	3.58131	0.578777	2.59695	4.51279	3.54475	2.41633	0.67584	2.67141	3.61013	2.3252	2.84472	0.472147	2.41237	2.6651	3.56298	3.46748	0.728821	2.47513	3.29561	3.56339	2.3517	0.502727	2.51172	3.84704	3.48939	3.04803	2.18213	1.97126	3.78303	3.48977	2.49411	0.238758	2.6471	1.38102	2.81265	2.59742	0.411287	2.29081	2.37737	2.62601</FloatingPoint>
				<FloatingPoint size="20">	0.927548	0.936999	0.542127	0.909829	0.899644	0.990599	0.593809	0.788354	0.891896	0.939751	0.181728	0.974335	0.720657	0.166328	0.330401	0.670336	0.726236	0.952199	0.965823	0.955138</FloatingPoint>
			</Individual>
			<Individual size="2">
				<FitnessMax value="3.27551"/>
				<FloatingPoint size="50">	2.50461	0.590116	2.55884	4.42552	3.38281	2.5004	0.38595	2.49977	1.7982	2.41596	3.76667	0.451328	2.59713	4.53961	3.57407	2.41631	0.762168	2.74786	3.62488	2.3218	2.81685	0.440774	2.41671	2.73177	3.56749	3.5703	0.598286	2.47663	3.29529	3.54946	2.35301	0.477623	2.52875	3.68734	3.49261	3.62866	2.55217	4.59237	3.6779	3.59653	2.46446	0.158458	2.65187	1.4319	2.25482	2.57851	0.412987	2.32199	2.39328	2.61581</FloatingPoint>
				<FloatingPoint size="20">	0.927535	0.937008	0.434764	0.910055	0.88728	0.990636	0.589353	0.788329	0.892174	0.939436	0.181728	0.972381	0.720564	0.166422	0.256895	0.500449	0.680593	0.924038	0.965826	0.955136</FloatingPoint>
			</Individual>
			<Individual size="2">
				<FitnessMax value="3.2579"/>
				<FloatingPoint size="50">	2.50619	0.563999	2.61246	4.42659	3.38278	2.44693	0.452902	2.53203	1.73078	2.48033	3.51711	0.484791	2.59658	4.48387	3.52666	2.41724	0.683719	2.68781	3.56374	2.31951	2.83699	0.471931	2.4129	2.6997	3.56588	3.50361	0.59715	2.56295	3.25246	3.57535	2.3474	0.533724	2.50415	3.7303	3.49415	3.38254	2.64629	2.61167	3.58732	3.37516	2.47309	0.234026	2.64677	1.41679	2.27096	2.58683	0.418128	2.35257	2.37653	2.61602</FloatingPoint>
				<FloatingPoint size="20">	0.927543	0.937	0.71067	0.910768	0.88756	0.990639	0.38013	0.788315	0.892175	0.939527	0.181727	0.971935	0.720693	0.166369	0.358361	0.650362	0.704374	0.925448	0.965823	0.955139</FloatingPoint>
			</Individual>
			<Individual size="2">
				<FitnessMax value="2.7648"/>
				<FloatingPoint size="50">	2.73759	0.5423	2.55835	4.4255	3.38065	2.52917	0.387756	2.68194	1.69911	2.42276	3.52169	0.414501	2.59711	4.50439	3.5364	2.41634	0.674895	2.8077	3.58519	2.3211	2.84557	0.47561	2.41252	2.66504	2.38838	3.45792	0.456594	2.47485	3.29958	3.58799	2.34973	0.504592	2.66376	3.7804	3.4943	3.62155	2.28427	2.20628	3.77529	3.50426	2.48837	0.23438	2.64546	1.37408	2.44386	2.58565	0.418182	2.28847	2.37705	1.08802</FloatingPoint>
				<FloatingPoint size="20">	0.927544	0.937003	0.175086	0.910055	0.88728	0.990636	0.587521	0.788312	0.892174	0.939644	0.181728	0.972381	0.720624	0.166184	0.256895	0.500449	0.680593	0.942375	0.965823	0.955136</FloatingPoint>
			</Individual>
			<Individual size="2">
				<FitnessMax value="0.938954"/>
				<FloatingPoint size="50">	2.50461	0.590116	2.55884	4.42552	3.38281	2.5004	0.38595	2.49977	1.7982	2.41596	3.76667	0.451328	2.59713	4.53961	3.57407	2.41631	0.762168	2.74786	3.62488	2.3218	2.81685	0.440774	2.41671	2.73177	3.56749	3.5703	0.598286	2.47663	3.29529	3.54946	2.35301	0.477623	2.52875	3.68734	3.49261	3.62866	2.55217	4.59237	3.6779	3.59653	2.46446	0.158458	2.65187	1.4319	2.25482	2.57851	0.412987	2.32199	2.39328	2.61581</FloatingPoint>
				<FloatingPoint size="20">	0.927535	0.937	0.530378	0.90917	0.887537	0.874453	0.580359	0.788342	0.892174	0.939837	0.181728	0.961381	0.720713	0.16633	0.480059	0.58214	0.78266	0.93752	0.965823	0.955131</FloatingPoint>
			</Individual>
			<Individual size="2">
				<FitnessMax value="2.53941"/>
				<FloatingPoint size="50">	2.50884	0.578435	2.55819	4.42551	3.38126	2.46212	0.38595	2.51157	1.7685	2.41707	3.47937	0.405498	2.59727	4.52454	3.5516	2.41631	0.725455	2.68815	3.62415	2.32676	2.82334	0.446643	2.41373	2.72786	3.56808	3.55176	0.485325	2.47478	3.29495	3.54688	2.34852	0.511655	2.5273	3.67268	3.4867	4.65565	2.51486	4.78769	3.48633	3.49531	2.47235	0.150093	2.65281	1.42835	2.25925	2.56576	0.412927	2.50126	2.38633	2.61449</FloatingPoint>
				<FloatingPoint size="20">	0.927535	0.936991	0.427451	0.405282	0.887431	0.990569	0.585266	0.78837	0.89217	0.939826	0.181728	0.971881	0.720746	0.166158	0.494657	0.190053	0.836466	0.938094	0.965822	0.955139</FloatingPoint>
			</Individual>
			<Individual size="2">
				<FitnessMax value="3.26201"/>
				<FloatingPoint size="50">	2.50884	0.578435	2.55819	4.42551	3.38126	2.46212	0.38595	2.51157	1.7685	2.41707	3.47937	0.405498	2.59727	4.52454	3.5516	2.41631	0.725455	2.68815	3.62415	2.32676	2.82334	0.446643	2.41373	2.72786	3.56808	3.55176	0.485325	2.47478	3.29495	3.54688	2.34852	0.511655	2.52202	3.67268	3.4867	4.65565	2.51486	4.78769	3.48633	3.49531	2.47235	0.150093	2.65281	1.42835	2.25925	2.56576	0.412927	2.50126	2.38633	2.61449</FloatingPoint>
				<FloatingPoint size="20">	0.927535	0.937008	0.434764	0.910055	0.88728	0.990636	0.589353	0.788329	0.747173	0.939436	0.181728	0.972381	0.720564	0.166422	0.256895	0.500449	0.680593	0.924038	0.965826	0.955136</FloatingPoint>
			</Individual>
			<Individual size="2">
				<FitnessMax value="3.26612"/>
				<FloatingPoint size="50">	2.57101	0.563836	2.55825	4.4255	3.38328	2.52929	0.586239	2.58097	1.69651	2.42031	3.56478	0.533246	2.59699	4.51046	3.53822	2.41633	0.671206	2.692	3.60269	2.32436	2.84491	0.456821	2.58879	2.66597	3.56385	3.46716	0.652753	2.47508	3.26275	3.57056	2.35106	0.508625	2.50542	3.79433	3.49087	3.85664	2.21986	2.5112	3.75245	3.47503	2.48574	0.245356	2.64802	1.39633	2.66404	2.59758	0.411979	2.30028	2.37709	2.62423</FloatingPoint>
				<FloatingPoint size="20">	0.927543	0.937005	0.605078	0.910021	0.513493	0.990595	0.585968	0.788312	0.892181	0.93959	0.181727	0.971999	0.720618	0.166177	0.273409	0.161626	0.781038	0.938831	0.965822	0.955139</FloatingPoint>
			</Individual>
			<Individual size="2">
				<FitnessMax value="3.27551"/>
				<FloatingPoint size="50">	2.505	0.56451	2.45039	4.42552	3.38192	2.1975	0.38647	2.66515	1.69748	2.44153	3.52655	0.408194	2.59712	4.50278	3.48547	2.41633	0.681279	2.66938	3.58447	2.32436	2.83971	0.467611	2.41249	2.67278	3.56612	3.50456	0.46356	2.47351	3.22922	3.58031	2.34703	0.541266	2.50585	3.76416	3.49494	2.9042	2.79592	2.91392	3.6637	3.46124	2.47764	0.267926	2.64593	1.39547	2.27093	2.58547	0.419074	2.3099	2.37684	2.617</FloatingPoint>
				<FloatingPoint size="20">	0.927543	0.937	0.71067	0.910768	0.88756	0.990639	0.585236	0.788315	0.892175	0.939527	0.181727	0.971935	0.720693	0.166369	0.358361	0.650362	0.704374	0.925448	0.965823	0.955139</FloatingPoint>
			</Individual>
			<Individual size="2">
				<FitnessMax value="3.27551"/>
				<FloatingPoint size="50">	2.50461	0.590116	2.55884	4.42552	3.38281	2.5004	0.38595	2.49977	1.7982	2.41596	3.76667	0.451328	2.59713	4.53961	3.57407	2.41631	0.762168	2.74786	3.62488	2.3218	2.81685	0.440774	2.41671	2.73177	3.56749	3.5703	0.598286	2.47663	3.29529	3.54946	2.35301	0.477623	2.52875	3.68734	3.49261	3.62866	2.55217	4.59237	3.6779	3.59653	2.46446	0.158458	2.65187	1.4319	2.25482	2.57851	0.412987	2.32199	2.39328	2.61581</FloatingPoint>
				<FloatingPoint size="20">	0.927544	0.937008	0.351238	0.90908	0.887037	0.990574	0.593608	0.788393	0.892173	0.939784	0.181728	0.97244	0.720565	0.166369	0.219519	0.746853	0.494832	0.917619	0.965826	0.955139</FloatingPoint>
			</Individual>
			<Individual size="2">
				<FitnessMax value="3.27128"/>
				<FloatingPoint size="50">	2.5046	0.568535	2.55911	4.4255	3.37941	2.51989	0.385951	2.54268	1.69046	2.42006	3.20584	0.429538	2.59765	4.51936	3.51911	2.41633	0.74591	2.76426	3.61005	2.33098	2.83497	0.499493	2.41193	2.80163	3.56831	3.54525	0.486416	2.72637	3.29461	3.52736	2.34533	0.538399	2.50829	3.70409	3.49475	3.88039	2.07358	4.00733	2.99645	2.50829	2.47358	0.148396	2.65362	1.39496	2.25142	2.57101	0.418435	2.30465	2.37581	2.61239</FloatingPoint>
				<FloatingPoint size="20">	0.927543	0.937007	0.540081	0.909982	0.736848	0.990588	0.594	0.788349	0.891846	0.939356	0.181728	0.975273	0.720658	0.166347	0.334241	0.592276	0.606132	0.955046	0.965823	0.955137</FloatingPoint>
			</Individual>
			<Individual size="2">
				<FitnessMax value="3.27551"/>
				<FloatingPoint size="50">	2.5222	0.56704	2.55791	4.42551	3.38096	2.46211	0.385951	2.54268	1.69026	2.44135	3.45357	0.400914	2.59733	4.51255	3.46894	2.41631	0.724217	2.67011	3.62101	2.32684	2.84547	0.466218	2.41331	2.69012	3.56851	3.54915	0.48487	2.47335	3.2946	3.53503	2.34449	0.54704	2.51893	3.62072	3.48582	5.78861	2.38239	4.82321	2.91045	3.39202	2.47333	0.108433	2.65345	1.42388	2.27089	2.55788	0.410267	2.90315	2.37526	2.60955</FloatingPoint>
				<FloatingPoint size="20">	0.927543	0.937007	0.616367	0.901241	0.887418	0.990587	0.587478	0.788368	0.891953	0.939517	0.181728	0.972317	0.720692	0.166453	0.368816	0.615884	0.73748	0.942457	0.965822	0.955134</FloatingPoint>
			</Individual>
			<Individual size="2">
				<FitnessMax value="3.27551"/>
				<FloatingPoint size="50">	2.50619	0.570051	2.39179	4.42552	3.38273	2.14902	0.385952	2.54116	1.69526	2.44986	3.54362	0.404472	2.59712	4.49778	3.46527	2.41631	0.724025	2.6693	3.6225	2.33063	2.82787	0.464706	2.41365	2.71363	3.56611	3.55941	0.482547	2.4734	3.29754	3.55521	2.34446	0.542359	2.52035	3.771	3.49498	2.39841	2.02196	2.94849	3.7746	0.481024	2.48504	0.230993	2.64556	1.37801	2.27092	2.58452	0.420078	2.30464	2.37688	2.61607</FloatingPoint>
				<FloatingPoint size="20">	0.927543	0.937008	0.741798	0.909129	0.88702	0.990579	0.598572	0.788389	0.892174	0.938777	0.181728	0.974752	0.720691	0.166442	0.453691	0.729773	0.687332	0.959377	0.965822	0.955131</FloatingPoint>
			</Individual>
			<Individual size="2">
				<FitnessMax value="3.27551"/>
				<FloatingPoint size="50">	2.50714	0.572094	2.5582	4.4255	3.3843	2.52934	0.662343	2.54226	1.69552	2.41937	3.58131	0.578777	2.59695	4.51279	3.54475	2.41633	0.67584	2.67141	3.61013	2.3252	2.84472	0.451234	2.41237	2.6651	3.56298	3.46748	0.728821	2.47513	3.29561	3.56339	2.3517	0.502727	2.51172	3.84704	3.48939	3.04803	2.18213	1.97126	3.78303	3.48977	2.49411	0.238758	2.6471	1.38102	2.81789	2.59742	0.411287	2.29081	2.37737	2.62601</FloatingPoint>
				<FloatingPoint size="20">	0.927543	0.937005	0.13698	0.910021	0.887321	0.990595	0.585968	0.788365	0.892175	0.939521	0.181727	0.971953	0.720636	0.166335	0.256046	0.686775	0.757695	0.946691	0.965822	0.955139</FloatingPoint>
			</Individual>
			<Individual size="2">
				<FitnessMax value="1.84547"/>
				<FloatingPoint size="50">	2.50461	0.590116	2.55884	4.42552	3.38192	2.1975	0.38647	2.66515	1.7982	2.44153	3.52655	0.451328	2.59713	4.50278	3.48547	2.41633	0.681279	2.66938	3.62488	2.3218	2.83971	0.467611	2.41671	2.73177	3.56612	3.5703	0.598286	2.47663	3.29529	3.54946	2.35301	0.477623	2.50585	3.76416	3.49494	3.62866	2.55217	4.59237	3.6779	3.46124	2.46446	0.267926	2.64593	1.4319	2.27093	2.57851	0.419074	2.3099	2.39328	2.61581</FloatingPoint>
				<FloatingPoint size="20">	0.927535	0.936991	0.427451	0.909241	0.887431	0.990569	0.585266	0.78837	0.89217	0.939826	0.181728	0.971881	0.720746	0.166158	0.494657	0.190053	0.836466	0.938094	0.965822	0.330167</FloatingPoint>
			</Individual>
			<Individual size="2">
				<FitnessMax value="2.76874"/>
				<FloatingPoint size="50">	2.50461	0.590116	2.55884	4.42552	3.38281	2.5004	0.38595	2.49977	1.7982	2.41596	3.76667	0.451328	2.59713	4.53961	3.57407	2.41631	0.762168	2.74786	3.62488	2.3218	2.81685	0.440774	2.41671	2.73177	0.0735689	3.5703	0.598286	2.47663	3.29529	3.54946	2.35301	0.477623	2.52875	3.68734	3.49261	3.62866	2.55217	4.59237	3.6779	3.59653	2.46446	0.158458	2.65187	1.4319	2.25482	2.57851	0.412987	2.32199	2.39328	2.61581</FloatingPoint>
				<FloatingPoint size="20">	0.927543	0.937005	0.605078	0.910021	0.887321	0.990595	0.585968	0.788312	0.892178	0.93959	0.181727	0.971999	0.720618	0.166177	0.273409	0.161626	0.781038	0.938831	0.965822	0.955139</FloatingPoint>
			</Individual>
			<Individual size="2">
				<FitnessMax value="3.27551"/>
				<FloatingPoint size="50">	2.50714	0.572094	2.5582	4.4255	3.3843	2.52934	0.662343	2.54226	1.69552	2.41937	3.58131	0.578777	2.59695	4.51279	3.54475	2.41633	0.67584	2.67141	3.61013	2.3252	2.84472	0.451234	2.65683	2.6651	3.56298	3.46748	0.728821	2.47513	3.29561	3.56339	2.3517	0.502727	2.51172	3.84704	3.48939	3.04803	2.18213	1.97126	3.78303	3.48977	2.49411	0.238758	2.6471	1.38102	2.81265	2.59742	0.411287	2.29081	2.37737	2.62601</FloatingPoint>
				<FloatingPoint size="20">	0.927542	0.937006	0.566136	0.900056	0.887309	0.990604	0.585959	0.788346	0.891876	0.939414	0.181728	0.972613	0.720671	0.16635	0.3732	0.650511	0.737301	0.944912	0.965822	0.955135</FloatingPoint>
			</Individual>
			<Individual size="2">
				<FitnessMax value="3.27551"/>
				<FloatingPoint size="50">	2.50461	0.590116	2.55884	4.42552	3.38281	2.5004	0.38595	2.49977	1.7982	2.41596	3.76667	0.451328	2.59713	4.53961	3.57407	2.41631	0.762168	2.74786	3.62488	2.3218	2.81685	0.440774	2.41671	2.73177	3.56749	3.5703	0.598286	2.47663	3.29529	3.54946	2.35301	0.477623	2.52875	3.68734	3.49261	3.62866	2.55217	4.59237	3.6779	3.59653	2.46446	0.158458	2.65187	1.4319	2.25482	2.57851	0.412987	2.32199	2.39328	2.61581</FloatingPoint>
				<FloatingPoint size="20">	0.927539	0.937008	0.573217	0.909185	0.887293	0.990574	0.584398	0.78838	0.892174	0.939301	0.181728	0.973316	0.720692	0.166457	0.340876	0.658012	0.682622	0.945772	0.965822	0.95513</FloatingPoint>
			</Individual>
			<Individual size="2">
				<FitnessMax value="3.27551"/>
				<FloatingPoint size="50">	2.5026	0.521648	2.47765	4.42551	3.38176	2.51577	0.386847	2.58574	1.69739	2.42866	3.46162	0.429827	2.59712	4.51063	3.48284	2.41632	0.705324	2.71445	3.58996	2.32372	2.8303	0.4661	2.41115	2.68662	3.56322	3.5336	0.47494	2.47504	3.26652	3.56023	2.34655	0.529031	2.50009	3.67824	3.49578	3.86428	2.43149	4.48958	3.52583	3.32403	2.45976	0.427426	2.64948	1.43332	2.27913	2.60125	0.326023	2.4295	2.37618	2.6205</FloatingPoint>
				<FloatingPoint size="20">	0.927545	0.937004	0.129474	0.912286	0.88745	0.990627	0.585038	0.788232	0.892181	0.939521	0.181726	0.971881	0.720439	0.166284	0.186186	0.549019	0.72806	0.894979	0.965829	0.95514</FloatingPoint>
			</Individual>
			<Individual size="2">
				<FitnessMax value="3.05524"/>
				<FloatingPoint size="50">	2.50685	0.570135	2.51394	4.42551	3.38198	2.26323	0.412072	2.54128	1.69535	2.42313	3.36016	0.431888	2.59721	3.55446	3.49399	2.41631	0.792553	2.75323	3.61269	2.32671	2.83532	0.471434	2.41246	2.71499	3.56349	3.53522	0.473567	2.5293	3.29755	3.55683	2.34687	0.540544	2.5176	3.75875	3.49474	2.90264	2.15009	4.12096	3.65209	2.25826	2.48316	0.220267	2.64767	1.38107	2.27834	2.58034	0.419583	2.29811	2.37682	2.61635</FloatingPoint>
				<FloatingPoint size="20">	0.927543	0.937008	0.741798	0.909129	0.88702	0.990579	0.598572	0.703667	0.892174	0.938777	0.181728	0.974752	0.720691	0.166442	0.453691	0.729773	0.687332	0.959377	0.965822	0.955131</FloatingPoint>
			</Individual>
		</Deme>
	</Population>
</ECF>
