<?xml version="1.0" encoding="ISO-8859-1"?>
<ECF milestone="Tue Jun 19 15:38:03 2018
">
	<Registry>
		<Entry key="1FloatingPoint.dimension">20</Entry>
		<Entry key="1FloatingPoint.lbound">0</Entry>
		<Entry key="1FloatingPoint.ubound">1</Entry>
		<Entry key="FloatingPoint.dimension">50</Entry>
		<Entry key="FloatingPoint.lbound">0</Entry>
		<Entry key="FloatingPoint.ubound">6.99</Entry>
		<Entry key="SteadyStateTournament.tsize">3</Entry>
		<Entry key="batch.logfile_">*</Entry>
		<Entry key="batch.remaining_">0</Entry>
		<Entry key="batch.repeats">1</Entry>
		<Entry key="batch.singlemilestone">1</Entry>
		<Entry key="batch.statsfile">stats/ohlc_bitfinex_xmrusd_86400_10_100_0.9_0.7.csv</Entry>
		<Entry key="data.balance">2167.4</Entry>
		<Entry key="data.input">data/train/ohlc_bitfinex_xmrusd_86400.csv</Entry>
		<Entry key="data.test">data/test/ohlc_bitfinex_xmrusd_86400.csv</Entry>
		<Entry key="fuzzy.langvars">conf/ohlc_bitfinex_xmrusd_86400.conf</Entry>
		<Entry key="fuzzy.numrules">10</Entry>
		<Entry key="fuzzy.threshold">0.7</Entry>
		<Entry key="log.frequency">10</Entry>
		<Entry key="log.level">3</Entry>
		<Entry key="milestone.elapsedtime_">240</Entry>
		<Entry key="milestone.filename">milestones/ohlc_bitfinex_xmrusd_86400_10_100_0.9_0.7.txt</Entry>
		<Entry key="milestone.generation_">2999</Entry>
		<Entry key="mutation.indprob">0.9</Entry>
		<Entry key="operator.logfile">log/ohlc_bitfinex_xmrusd_86400_10_100_0.9_0.7.csv</Entry>
		<Entry key="population.size">100</Entry>
		<Entry key="term.eval">300000</Entry>
		<Entry key="term.maxtime">1800</Entry>
	</Registry>
	<Population size="1">
		<HallOfFame size="1">
			<Individual size="2" gen="2409">
				<FitnessMax value="2.07317"/>
				<FloatingPoint size="50">	2.68655	1.57354	2.35717	1.71743	2.34667	2.5422	1.48534	2.65367	3.63756	2.53773	3.4252	1.39074	3.58609	5.29613	4.48598	1.09677	2.65312	4.43289	3.55392	3.38338	2.54114	0.526587	2.51658	3.39849	2.4656	3.58831	1.70743	1.47929	4.47157	4.49528	3.59644	2.56903	3.55547	5.80829	4.35862	2.50484	1.44217	3.36085	5.27361	4.63096	2.54769	0.312689	1.65634	3.43358	3.5022	3.60896	2.3269	1.77176	4.72596	4.53118</FloatingPoint>
				<FloatingPoint size="20">	0.128017	0.870157	0.00495409	0.937382	0.963169	0.789407	0.567277	0.732338	0.497288	0.974823	0.939773	0.546181	0.363799	0.979831	0.893241	0.311598	0.972914	0.586857	0.727247	0.497808</FloatingPoint>
			</Individual>
		</HallOfFame>
		<Deme size="100">
			<HallOfFame size="1">
				<Individual size="2" gen="2409">
					<FitnessMax value="2.07317"/>
					<FloatingPoint size="50">	2.68655	1.57354	2.35717	1.71743	2.34667	2.5422	1.48534	2.65367	3.63756	2.53773	3.4252	1.39074	3.58609	5.29613	4.48598	1.09677	2.65312	4.43289	3.55392	3.38338	2.54114	0.526587	2.51658	3.39849	2.4656	3.58831	1.70743	1.47929	4.47157	4.49528	3.59644	2.56903	3.55547	5.80829	4.35862	2.50484	1.44217	3.36085	5.27361	4.63096	2.54769	0.312689	1.65634	3.43358	3.5022	3.60896	2.3269	1.77176	4.72596	4.53118</FloatingPoint>
					<FloatingPoint size="20">	0.128017	0.870157	0.00495409	0.937382	0.963169	0.789407	0.567277	0.732338	0.497288	0.974823	0.939773	0.546181	0.363799	0.979831	0.893241	0.311598	0.972914	0.586857	0.727247	0.497808</FloatingPoint>
				</Individual>
			</HallOfFame>
			<Individual size="2">
				<FitnessMax value="2.07317"/>
				<FloatingPoint size="50">	2.66617	1.49368	2.47875	1.61363	2.39809	2.5307	1.39774	2.61372	3.51403	2.50084	3.36339	1.46905	3.84324	5.49961	4.44781	1.59586	2.38935	4.45873	3.39212	3.41692	2.4605	0.574937	2.59454	3.47049	2.48263	3.61285	1.71694	1.47166	4.55445	4.54626	3.59271	2.5423	3.52356	5.71044	4.61497	2.59775	1.54018	3.4347	5.4366	4.64715	2.53403	0.350912	1.63537	3.27896	3.50184	3.50983	2.52258	1.87885	4.82737	4.70456</FloatingPoint>
				<FloatingPoint size="20">	0.327688	0.905032	0.330143	0.886306	0.963629	0.787523	0.532067	0.883934	0.0459936	0.976937	0.957055	0.292044	0.453351	0.826247	0.88627	0.239848	0.969096	0.466544	0.641356	0.555094</FloatingPoint>
			</Individual>
			<Individual size="2">
				<FitnessMax value="2.07317"/>
				<FloatingPoint size="50">	2.65469	1.39954	2.46593	1.56038	2.39486	2.54001	1.39839	2.62076	3.51631	2.49977	3.35237	1.36141	3.84428	5.49112	4.45068	1.59315	2.39001	4.33796	3.4051	3.41571	2.46066	0.574963	2.59143	3.4178	2.47728	3.6308	1.71359	1.56921	4.52485	4.28479	3.18816	2.54371	3.53719	5.70689	4.36107	2.6566	1.54174	3.48583	5.42031	4.62735	2.53967	0.352262	1.29534	3.28236	3.48474	3.47446	2.52263	1.8886	5.38511	4.69377</FloatingPoint>
				<FloatingPoint size="20">	0.423274	0.906744	0.414117	0.923823	0.963779	0.787442	0.486388	0.857489	0.433513	0.976782	0.957239	0.266311	0.426756	0.869469	0.893993	0.389259	0.969111	0.578838	0.660244	0.669871</FloatingPoint>
			</Individual>
			<Individual size="2">
				<FitnessMax value="1.83983"/>
				<FloatingPoint size="50">	2.65849	1.49854	2.47872	1.61745	2.39753	2.52382	1.39759	2.61355	3.53533	2.46214	3.36394	1.52866	3.84323	5.49741	4.44847	1.59176	2.3906	4.38535	3.38858	3.41731	2.45546	0.574951	1.15765	3.46288	2.48081	3.62371	1.72454	1.47143	4.54817	4.56953	3.61037	2.54386	3.54366	5.72177	4.61124	2.58594	1.5406	3.43647	5.42515	4.5946	2.53593	0.351436	1.6261	3.27941	3.46014	3.47158	2.5226	1.90932	4.83316	4.70469</FloatingPoint>
				<FloatingPoint size="20">	0.298095	0.903283	0.360234	0.838995	0.964095	0.787445	0.260825	0.889438	0.522879	0.979785	0.955541	0.227889	0.50599	0.834401	0.882456	0.440196	0.969116	0.427524	0.650844	0.634022</FloatingPoint>
			</Individual>
			<Individual size="2">
				<FitnessMax value="2.07317"/>
				<FloatingPoint size="50">	2.65842	1.50388	2.47906	1.62061	2.39515	2.51776	1.39755	2.615	3.55024	2.45674	3.36429	1.55118	3.84313	5.494	4.45248	1.59725	2.38945	4.23532	3.39345	3.42075	2.46043	0.574937	2.59448	3.5291	2.47995	3.60949	1.72898	1.47174	4.54148	4.54856	3.58546	2.55253	3.52507	5.7104	4.38297	2.30484	1.54022	3.43814	5.42728	4.64313	2.5393	0.351869	1.65731	3.27868	3.47882	3.50557	2.52258	1.88183	4.83781	4.70662</FloatingPoint>
				<FloatingPoint size="20">	0.329978	0.903525	0.333261	0.898438	0.964228	0.786144	0.504539	0.874887	0.804169	0.978161	0.958694	0.322189	0.376769	0.826851	0.883637	0.282206	0.969098	0.480925	0.653969	0.553945</FloatingPoint>
			</Individual>
			<Individual size="2">
				<FitnessMax value="2.01816"/>
				<FloatingPoint size="50">	2.65469	1.39954	2.46593	1.56038	2.39486	2.54001	1.39839	2.62076	3.51631	2.49977	3.35237	1.36141	3.84428	5.49112	4.45068	1.59315	2.39001	4.33796	3.4051	3.41571	2.46066	0.574963	2.59143	3.4178	2.47728	3.6308	1.71359	1.56921	4.52485	4.28479	3.18816	2.54371	3.53719	5.70689	4.36107	2.6566	1.54174	3.48583	5.42031	4.62735	2.53967	0.352262	1.29534	3.28236	3.48474	3.47446	2.52263	1.8886	5.38511	4.69377</FloatingPoint>
				<FloatingPoint size="20">	0.245768	0.906623	0.828354	0.924214	0.96386	0.787445	0.369372	0.855393	0.4374	0.977436	0.957139	0.266429	0.425496	0.868428	0.893985	0.345403	0.969093	0.710704	0.6603	0.594805</FloatingPoint>
			</Individual>
			<Individual size="2">
				<FitnessMax value="2.07317"/>
				<FloatingPoint size="50">	2.65447	1.42395	2.44913	1.5625	2.39488	2.54025	1.39994	2.60369	3.51154	2.50953	3.35608	1.45586	3.84424	5.49767	4.44947	1.59301	2.38398	4.36112	3.40099	3.41635	2.46039	0.575039	2.59243	3.41838	2.48157	3.60687	1.71526	1.54463	4.52978	4.35564	3.51153	2.54538	3.53352	5.71213	4.35937	2.64896	1.54172	3.444	5.42266	4.61027	2.54099	0.386725	1.32853	3.28307	3.47155	3.47557	2.52263	1.88359	5.32085	4.68042</FloatingPoint>
				<FloatingPoint size="20">	0.12967	0.904978	0.116979	0.912254	0.963722	0.787522	0.532079	0.882996	0.431967	0.97754	0.956966	0.331501	0.410149	0.865711	0.88848	0.285883	0.969121	0.390478	0.719249	0.261463</FloatingPoint>
			</Individual>
			<Individual size="2">
				<FitnessMax value="2.07317"/>
				<FloatingPoint size="50">	2.66554	1.43866	2.47943	1.5627	2.39493	2.53731	1.39837	2.6203	3.5173	2.5112	3.36156	1.46632	3.84323	5.50102	4.45121	1.59093	2.39804	4.39513	3.39614	3.42183	2.46051	0.641922	2.59407	3.52061	2.48047	3.62576	1.71468	1.47562	4.52602	4.29947	3.4105	2.54435	3.53265	5.71071	4.35353	2.60346	1.53983	3.46385	5.4235	4.62524	2.54509	0.350526	1.65562	3.2771	3.49544	3.45887	2.52242	1.85031	4.81596	4.46842</FloatingPoint>
				<FloatingPoint size="20">	0.526624	0.904417	0.304346	0.921672	0.964013	0.787654	0.315116	0.869966	0.154532	0.981255	0.958125	0.32709	0.409245	0.809909	0.879493	0.383704	0.969149	0.68278	0.67901	0.610517</FloatingPoint>
			</Individual>
			<Individual size="2">
				<FitnessMax value="2.07317"/>
				<FloatingPoint size="50">	2.65849	1.44627	2.46208	1.54712	2.39516	2.53478	1.3992	2.27792	3.51502	2.5155	3.36124	1.46526	3.8439	5.50108	4.45367	1.58733	2.10904	4.39125	3.40122	3.42044	2.53788	0.630892	2.59429	3.41262	2.4806	3.62282	1.7152	1.47327	4.53004	4.31148	3.47897	2.54762	3.54245	5.71177	4.35398	2.56075	1.53998	3.4619	5.42361	4.62174	2.54505	0.351744	1.68109	3.28119	3.44959	3.46057	2.52245	1.85161	4.81632	4.60595</FloatingPoint>
				<FloatingPoint size="20">	0.378303	0.903316	0.133202	0.948139	0.964157	0.787662	0.26535	0.846834	0.0950118	0.976702	0.95811	0.342498	0.429706	0.857493	0.877871	0.303886	0.969058	0.55321	0.636451	0.804482</FloatingPoint>
			</Individual>
			<Individual size="2">
				<FitnessMax value="2.07317"/>
				<FloatingPoint size="50">	2.6637	1.50513	2.47899	1.62179	2.39588	2.51865	1.39783	2.61681	3.51919	2.47558	3.36499	1.46523	3.84266	5.49288	4.45161	1.59161	2.39747	4.34288	3.3904	3.42393	2.46051	0.572911	2.59128	3.37707	2.48121	3.62854	1.71474	1.47632	4.53465	4.37334	3.46746	2.54179	3.54442	5.71255	4.34762	2.56254	1.54053	3.44323	5.42274	4.05263	2.54336	0.348697	1.68165	3.28425	3.47193	3.46396	2.52246	1.89681	4.85842	4.6852</FloatingPoint>
				<FloatingPoint size="20">	0.335656	0.90463	0.375239	0.919631	0.964169	0.785981	0.252437	0.87345	0.840413	0.980682	0.958125	0.305474	0.384957	0.815744	0.893339	0.391528	0.969147	0.693589	0.676432	0.834832</FloatingPoint>
			</Individual>
			<Individual size="2">
				<FitnessMax value="2.07317"/>
				<FloatingPoint size="50">	2.67151	1.41159	2.39288	1.48495	2.39624	2.56447	1.40129	2.62762	3.50819	2.5321	3.35982	1.43974	3.8435	5.49548	4.44978	1.59233	2.39169	4.37689	3.19922	3.41621	2.46042	0.574903	2.59366	3.40494	2.48061	3.63089	1.71263	1.47524	4.51951	4.24462	3.59284	2.54816	3.51946	5.70839	4.49181	2.571	1.54031	3.45727	5.3525	4.45235	2.54687	0.351373	1.56775	3.28175	3.48607	3.49411	2.52242	1.86805	5.12916	4.70516</FloatingPoint>
				<FloatingPoint size="20">	0.339744	0.904042	0.420841	0.910965	0.964104	0.787328	0.504722	0.881986	0.559879	0.97898	0.957538	0.222424	0.282505	0.83077	0.878276	0.381086	0.969066	0.484982	0.58461	0.585454</FloatingPoint>
			</Individual>
			<Individual size="2">
				<FitnessMax value="1.94138"/>
				<FloatingPoint size="50">	2.66617	1.49368	2.47875	1.61362	2.39809	2.53071	1.39774	2.61373	3.51404	2.50082	3.36339	1.46909	3.84324	5.49961	4.44781	1.59586	2.38935	4.45868	3.39212	3.41693	2.4605	0.574938	2.59454	3.47049	2.48263	3.61116	1.71694	1.47166	4.55443	4.54628	3.59271	2.5423	3.52357	5.71044	4.61482	2.59772	1.54018	3.43471	5.43641	4.64717	2.53404	0.350912	1.63538	3.27896	3.50182	3.50981	2.52258	1.87886	4.82739	4.70456</FloatingPoint>
				<FloatingPoint size="20">	0.258119	0.905142	0.387198	0.936011	0.964019	0.787527	0.380978	0.777352	0.484161	0.977776	0.955124	0.960357	0.484494	0.847386	0.886927	0.399064	0.969073	0.622058	0.663732	0.507677</FloatingPoint>
			</Individual>
			<Individual size="2">
				<FitnessMax value="1.8419"/>
				<FloatingPoint size="50">	2.66412	1.4857	2.33862	1.61152	2.39589	2.53775	1.403	2.61933	3.51466	2.49084	3.36224	1.49426	3.84301	5.50078	4.45203	1.59068	2.38108	4.35912	3.39298	3.42166	2.46041	0.574871	2.59294	3.43534	2.48276	3.63028	1.71877	1.47516	4.53342	4.49093	3.51477	2.54587	3.54251	5.50717	4.35837	2.56428	1.54094	3.43227	5.44291	4.60949	2.54046	0.450498	1.65262	3.28227	3.47347	3.48772	2.52259	1.85049	4.98591	4.68773</FloatingPoint>
				<FloatingPoint size="20">	0.941992	0.907634	0.538022	0.921886	0.963516	0.787435	0.530877	0.372553	0.38955	0.97637	0.893055	0.262986	0.462073	0.889143	0.894951	0.237408	0.969108	0.683824	0.702851	0.411804</FloatingPoint>
			</Individual>
			<Individual size="2">
				<FitnessMax value="2.07317"/>
				<FloatingPoint size="50">	2.67151	1.41159	2.39288	1.48495	2.39624	2.56447	1.40129	2.62762	3.50819	2.5321	3.35982	1.43974	3.8435	5.49548	4.44978	1.59233	2.39169	4.37689	3.19922	3.41621	2.46042	0.574903	2.59366	3.40494	2.48061	3.63089	1.71263	1.47524	4.51951	4.24462	3.59284	2.54816	3.51946	5.70839	4.49181	2.571	1.54031	3.45727	5.3525	4.45235	2.54687	0.351373	1.56775	3.28175	3.48607	3.49411	2.52242	1.86805	5.12916	4.70516</FloatingPoint>
				<FloatingPoint size="20">	0.0146281	0.90463	0.272901	0.88915	0.964103	0.787328	0.51144	0.890162	0.590129	0.979621	0.95767	0.183895	0.243713	0.831418	0.878382	0.321862	0.969066	0.492079	0.507301	0.581178</FloatingPoint>
			</Individual>
			<Individual size="2">
				<FitnessMax value="2.01"/>
				<FloatingPoint size="50">	2.66798	1.41104	2.46837	1.49983	2.39503	2.531	1.40045	2.38027	3.51045	2.45539	3.3546	1.44987	3.8446	5.50849	4.45101	1.58843	2.3973	4.38638	3.38547	3.41729	2.45567	0.574967	2.59548	3.51459	2.48004	3.63138	1.72236	1.47178	4.5311	4.60274	3.59298	2.54578	0.194909	5.71279	4.35755	2.55369	1.54128	3.46466	5.42027	4.62293	2.54192	0.34899	1.73875	3.27619	3.43088	3.48789	2.52274	1.88271	4.84643	4.71378</FloatingPoint>
				<FloatingPoint size="20">	0.370377	0.900718	0.141655	0.894243	0.963853	0.787569	0.365089	0.847716	0.443288	0.975942	0.957768	0.310317	0.394591	0.875604	0.884882	0.219621	0.969106	0.317268	0.610354	0.862776</FloatingPoint>
			</Individual>
			<Individual size="2">
				<FitnessMax value="1.71022"/>
				<FloatingPoint size="50">	2.66412	1.50892	2.47927	1.61988	2.39672	2.53522	1.39782	2.61681	3.51919	2.47558	3.36499	1.46523	3.84266	5.49288	4.45161	1.59161	2.39747	4.34288	3.3904	3.42393	2.46051	0.572911	2.59128	3.37707	2.48121	3.62854	1.71474	1.47632	4.53465	4.37334	3.46746	2.54179	3.54442	5.71255	4.34762	2.56254	6.63683	3.44323	5.42274	4.05263	2.54336	0.348697	1.68165	3.28425	3.47193	3.46396	2.52246	1.89681	4.85842	4.6852</FloatingPoint>
				<FloatingPoint size="20">	0.425759	0.896463	0.176435	0.919825	0.964801	0.78675	0.210559	0.848695	0.102461	0.976494	0.958132	0.331591	0.307641	0.850991	0.8863	0.345496	0.969108	0.405502	0.630152	0.6835</FloatingPoint>
			</Individual>
			<Individual size="2">
				<FitnessMax value="2.07317"/>
				<FloatingPoint size="50">	2.65447	1.48896	2.47905	1.63573	2.39674	2.54016	1.43825	2.61679	3.51971	2.47556	3.3624	1.42404	3.84284	5.49344	4.45226	1.59123	2.39742	4.35329	3.39065	3.42372	2.46055	0.573504	2.59271	3.44865	2.48185	3.62946	1.7173	1.48673	4.53415	4.44711	3.48867	2.54166	3.54858	5.40119	4.34756	2.56252	1.54082	3.43201	5.44593	4.61061	2.54027	0.348307	1.65356	3.27891	3.47227	3.48814	2.5227	1.89521	5.08382	4.69913</FloatingPoint>
				<FloatingPoint size="20">	0.526624	0.904417	0.304346	0.913738	0.964013	0.787654	0.315116	0.869966	0.154532	0.981255	0.958125	0.32709	0.409245	0.809909	0.879493	0.383704	0.969149	0.26301	0.67901	0.596144</FloatingPoint>
			</Individual>
			<Individual size="2">
				<FitnessMax value="2.07317"/>
				<FloatingPoint size="50">	2.66842	1.45191	2.47663	1.58086	2.39514	2.52342	1.39848	2.62104	3.51444	2.49133	3.35899	1.46615	3.84357	5.50216	4.45101	1.55036	2.39193	4.36203	3.39927	3.41609	2.46054	0.574934	2.59232	3.43642	2.48156	3.62576	1.71338	1.48508	4.5299	4.27473	3.43619	2.54353	3.5321	5.712	4.35979	2.60845	1.54396	3.47708	5.42129	4.60541	2.5436	0.352164	1.70781	3.28307	3.47384	3.48635	2.52241	1.88641	5.07015	4.69118</FloatingPoint>
				<FloatingPoint size="20">	0.339744	0.905998	0.522249	0.950744	0.96406	0.78745	0.362623	0.844462	0.453123	0.977592	0.957066	0.266567	0.400001	0.860875	0.893894	0.307281	0.969086	0.738547	0.66076	0.371302</FloatingPoint>
			</Individual>
			<Individual size="2">
				<FitnessMax value="1.35937"/>
				<FloatingPoint size="50">	2.6302	1.38455	2.11942	1.77796	2.37992	2.49129	1.39234	1.54575	3.54749	2.44832	3.36388	1.39404	3.84195	5.49507	4.44206	1.58028	1.03769	4.37954	3.40468	3.43167	2.24976	0.838202	2.59001	3.38048	2.47899	3.59017	1.72011	1.4788	4.5283	3.61939	3.18459	2.55027	3.57962	5.68183	4.34155	1.72423	1.53608	3.52968	5.4115	4.68623	2.54697	0.358101	1.96462	3.26202	3.45593	3.35299	2.52189	1.76665	5.36302	4.3268</FloatingPoint>
				<FloatingPoint size="20">	0.378303	0.903316	0.133202	0.948139	0.964157	0.787662	0.26535	0.846834	0.0950118	0.976702	0.95811	0.342498	0.429706	0.857493	0.877871	0.303886	0.969058	0.55321	0.636451	0.804482</FloatingPoint>
			</Individual>
			<Individual size="2">
				<FitnessMax value="2.07317"/>
				<FloatingPoint size="50">	2.56255	1.47934	2.47943	1.51362	2.39543	2.53731	1.39837	2.6203	3.5173	2.5153	3.36156	1.50701	3.84258	5.50547	4.45312	1.59093	2.39228	4.37899	3.39383	3.41616	2.46054	0.574948	2.59334	3.52061	2.48047	3.61797	1.71354	1.47562	4.5374	4.29698	3.4105	2.54435	3.52511	5.71121	4.35353	2.60346	1.54711	3.46385	5.42122	4.62524	2.54302	0.350526	1.70822	3.28222	3.48933	3.49835	2.52202	1.91007	4.81596	4.46842</FloatingPoint>
				<FloatingPoint size="20">	0.526624	0.904417	0.304346	0.921672	0.964013	0.787654	0.315116	0.869966	0.154532	0.981255	0.958125	0.32709	0.409245	0.809909	0.879493	0.383704	0.969149	0.68278	0.67901	0.610517</FloatingPoint>
			</Individual>
			<Individual size="2">
				<FitnessMax value="2.07317"/>
				<FloatingPoint size="50">	2.66617	1.49368	2.47875	1.61362	2.39809	2.53071	1.39774	2.61373	3.51404	2.50082	3.36339	1.46909	3.84324	5.49961	4.44781	1.59586	2.38935	4.45868	3.39212	3.41693	2.4605	0.574938	2.59454	3.47049	2.48263	3.61116	1.71694	1.47166	4.55443	4.54628	3.59271	2.5423	3.52357	5.71044	4.61482	2.59772	1.54018	3.43471	5.43641	4.64717	2.53404	0.350912	1.63538	3.27896	3.50182	3.50981	2.52258	1.87886	4.82739	4.70456</FloatingPoint>
				<FloatingPoint size="20">	0.176494	0.904286	0.252147	0.921278	0.963978	0.787605	0.399334	0.710242	0.515198	0.980246	0.954622	0.155929	0.581791	0.836144	0.881535	0.54019	0.969125	0.429729	0.669486	0.485767</FloatingPoint>
			</Individual>
			<Individual size="2">
				<FitnessMax value="2.07317"/>
				<FloatingPoint size="50">	2.6637	1.50513	2.47899	1.62179	2.39588	2.51865	1.39783	2.61545	3.51832	2.47593	3.36504	1.51855	3.84264	5.49609	4.45236	1.5889	2.39476	4.342	3.39038	3.41948	2.46053	0.574081	2.59213	3.42238	2.4823	3.62406	1.71385	1.47603	4.53705	4.37124	3.52431	2.54208	3.54223	5.70971	4.35528	2.5616	1.54543	3.45257	5.42312	4.59703	2.54305	0.350696	1.64176	3.28445	3.48278	3.48515	2.52215	1.90931	4.85305	4.6833</FloatingPoint>
				<FloatingPoint size="20">	0.0563084	0.894622	0.340355	0.921447	0.964188	0.787676	0.199438	0.810553	0.506565	0.979604	0.958138	0.357781	0.319283	0.862135	0.874786	0.593174	0.969096	0.793653	0.584257	0.3512</FloatingPoint>
			</Individual>
			<Individual size="2">
				<FitnessMax value="2.07317"/>
				<FloatingPoint size="50">	2.67344	1.40153	2.47872	1.53851	2.39501	2.5179	1.39913	2.61339	3.51121	2.45725	3.35291	1.55022	3.84314	5.50583	4.4491	1.58813	2.39112	4.38272	3.38476	3.41739	2.45254	0.575012	2.59307	3.4166	2.4805	3.63081	1.72531	1.47088	4.52916	4.60394	3.61108	2.54661	3.5236	5.72197	4.35861	2.55608	1.54146	3.4856	5.42026	4.61078	2.54501	0.351547	1.75443	3.28233	3.42924	3.47924	2.52264	1.87073	4.84395	4.70786</FloatingPoint>
				<FloatingPoint size="20">	0.51655	0.908179	0.366409	0.904533	0.963565	0.787543	0.265598	0.892085	0.471277	0.97708	0.956643	0.227587	0.536659	0.845672	0.883269	0.419257	0.969129	0.525606	0.666295	0.531476</FloatingPoint>
			</Individual>
			<Individual size="2">
				<FitnessMax value="1.829"/>
				<FloatingPoint size="50">	2.6644	1.51147	2.47946	1.6186	2.39728	2.54635	1.39782	2.61772	3.51977	2.47535	3.36496	1.42937	3.84268	5.49072	4.45111	1.59343	2.39929	4.34347	3.39042	3.42693	2.4605	0.572125	2.59071	3.3466	2.48048	3.63156	1.71533	1.47652	4.53303	4.37474	3.42924	2.54199	3.54589	5.71447	4.34248	2.56317	1.53723	3.43695	5.42249	3.84413	2.54357	0.347353	1.70848	3.28411	3.46463	3.44971	2.52267	1.8884	4.86203	4.68648</FloatingPoint>
				<FloatingPoint size="20">	0.335656	0.90463	0.375239	0.919631	0.964169	0.785981	0.252437	0.87345	0.840413	0.980682	0.958125	0.305474	0.384957	0.815744	0.893339	0.391528	0.969147	0.693589	0.676432	0.425235</FloatingPoint>
			</Individual>
			<Individual size="2">
				<FitnessMax value="2.07317"/>
				<FloatingPoint size="50">	2.66339	1.5023	2.47878	1.62321	2.39526	2.50627	1.39783	2.61443	3.51768	2.47618	3.36507	1.55839	3.84261	5.49849	4.45292	1.58688	2.39274	4.34135	3.39037	3.41615	2.46054	0.574955	2.59276	3.45624	2.48312	3.62071	1.71318	1.47581	4.53885	4.36968	3.56679	2.5423	3.5406	5.70758	4.361	2.5609	1.5491	3.45955	5.4234	4.59437	2.54282	0.35219	1.61194	3.2846	3.4909	3.50098	2.52192	1.91865	4.84904	4.68188</FloatingPoint>
				<FloatingPoint size="20">	0.404291	0.907606	0.537692	0.926772	0.963518	0.787435	0.53074	0.88488	0.389628	0.976368	0.954595	0.34265	0.461722	0.855452	0.894978	0.359045	0.968824	0.770019	0.661165	0.963443</FloatingPoint>
			</Individual>
			<Individual size="2">
				<FitnessMax value="1.96193"/>
				<FloatingPoint size="50">	2.66564	1.49725	2.4784	1.60299	2.39565	2.5063	1.39673	2.61654	3.52765	2.50412	3.35772	1.52547	3.8431	5.50176	4.45197	1.59064	2.39063	4.40841	3.39318	3.4166	2.45854	0.57524	2.59352	3.46688	2.48058	3.61765	1.71922	1.47959	4.53883	4.49386	3.59426	2.54396	3.52793	5.71102	4.36763	2.56808	1.54485	3.43732	5.42858	4.61934	2.53808	0.351004	1.63709	3.27988	3.49484	3.48435	2.52229	1.90853	4.82434	4.67311</FloatingPoint>
				<FloatingPoint size="20">	0.00458732	0.10279	0.198182	0.871155	0.964017	0.787451	0.34659	0.896198	0.132541	0.9774	0.949625	0.509856	0.481587	0.748395	0.88415	0.513399	0.969122	0.407713	0.65761	0.736818</FloatingPoint>
			</Individual>
			<Individual size="2">
				<FitnessMax value="2.07317"/>
				<FloatingPoint size="50">	2.66477	1.46293	2.28884	1.46194	2.40274	2.54452	1.40116	2.62702	3.50914	2.53197	3.36167	1.50741	3.8442	5.50296	4.45748	1.59149	2.38867	4.38247	3.40217	3.41676	2.46042	0.574902	2.59321	3.41861	2.48109	3.6302	1.71324	1.47183	4.5281	4.49501	3.5574	2.54952	3.52927	5.72015	4.35626	2.55171	1.54098	3.4468	5.43412	4.60511	2.54432	0.351673	1.59606	3.28642	3.45195	3.49092	2.5226	1.86752	4.55425	4.69271</FloatingPoint>
				<FloatingPoint size="20">	0.500242	0.904003	0.32421	0.91146	0.964106	0.787331	0.499626	0.877706	0.527647	0.977097	0.956944	0.275568	0.354501	0.829609	0.877559	0.396898	0.969066	0.479871	0.665075	0.606679</FloatingPoint>
			</Individual>
			<Individual size="2">
				<FitnessMax value="2.07317"/>
				<FloatingPoint size="50">	2.66477	1.46293	2.28884	1.46194	2.40274	2.54452	1.40116	2.62702	3.50914	2.53197	3.36167	1.50741	3.8442	5.50296	4.45748	1.59149	2.38867	4.38247	3.40217	3.41676	2.46042	0.574902	2.59321	3.41861	2.48109	3.6302	1.71324	1.47183	4.5281	4.49501	3.5574	2.54952	3.52927	5.72015	4.35626	2.55171	1.54098	3.4468	5.43412	4.60511	2.54432	0.351673	1.59606	3.28642	3.45195	3.49092	2.5226	1.86752	4.55425	4.69271</FloatingPoint>
				<FloatingPoint size="20">	0.335656	0.90463	0.375239	0.919631	0.964124	0.787302	0.524377	0.884738	0.624993	0.97696	0.957717	0.254723	0.235862	0.823305	0.878162	0.254214	0.969039	0.487471	0.662797	0.585535</FloatingPoint>
			</Individual>
			<Individual size="2">
				<FitnessMax value="2.01034"/>
				<FloatingPoint size="50">	2.66127	1.39708	2.47143	1.64308	2.39814	2.51673	1.39681	2.6144	3.53716	2.49711	3.3617	1.8078	3.84243	5.50421	4.4524	1.59211	2.37487	4.07496	3.39252	3.41164	2.46057	0.574946	2.59562	3.52154	2.48016	3.6092	1.71245	1.47082	4.53495	4.45628	3.60771	2.54236	3.54398	5.70581	4.35844	2.58107	1.54065	3.45995	5.4239	4.61084	2.54497	0.353162	1.71238	3.27359	3.56347	3.47167	2.52166	1.85329	4.83445	4.63898</FloatingPoint>
				<FloatingPoint size="20">	0.404291	0.907606	0.537692	0.926772	0.963518	0.787435	0.53074	0.88488	0.389628	0.538403	0.954595	0.34265	0.461722	0.855452	0.894978	0.359045	0.968824	0.770019	0.661165	0.963443</FloatingPoint>
			</Individual>
			<Individual size="2">
				<FitnessMax value="2.07317"/>
				<FloatingPoint size="50">	2.66339	1.5023	2.47878	1.62321	2.39526	2.50627	1.39783	2.61443	3.51768	2.47618	3.36507	1.55839	3.84261	5.49849	4.45292	1.58688	2.39274	4.34135	3.39037	3.41615	2.46054	0.574955	2.59276	3.45624	2.48312	3.62071	1.71318	1.47581	4.53885	4.36968	3.56679	2.5423	3.5406	5.70758	4.361	2.5609	1.5491	3.45955	5.4234	4.59437	2.54282	0.35219	1.61194	3.2846	3.4909	3.50098	2.52192	1.91865	4.84904	4.68188</FloatingPoint>
				<FloatingPoint size="20">	0.545595	0.89487	0.340656	0.901665	0.964095	0.787684	0.464908	0.811927	0.506053	0.97963	0.957558	0.56041	0.315029	0.847996	0.875293	0.424046	0.969095	0.742521	0.584774	0.436384</FloatingPoint>
			</Individual>
			<Individual size="2">
				<FitnessMax value="2.07317"/>
				<FloatingPoint size="50">	2.66127	1.39708	2.47143	1.64308	2.39814	2.51673	1.39681	2.6144	3.53716	2.49711	3.3617	1.8078	3.84243	5.50421	4.4524	1.59211	2.37487	4.07496	3.39252	3.41164	2.46057	0.574946	2.59562	3.52154	2.48016	3.6092	1.71245	1.47082	4.53495	4.45628	3.60771	2.54236	3.54398	5.70581	4.35844	2.58107	1.54065	3.45995	5.4239	4.61084	2.54497	0.353162	1.71238	3.27359	3.56347	3.47167	2.52166	1.85329	4.83445	4.63898</FloatingPoint>
				<FloatingPoint size="20">	0.352458	0.900273	0.362762	0.920404	0.964192	0.785324	0.379442	0.871365	0.796794	0.975993	0.957924	0.295298	0.338187	0.82556	0.901045	0.444932	0.969062	0.698256	0.668646	0.596036</FloatingPoint>
			</Individual>
			<Individual size="2">
				<FitnessMax value="2.07317"/>
				<FloatingPoint size="50">	2.66856	1.50672	2.47946	1.62011	2.39677	2.53471	1.39769	2.61686	3.5192	2.47552	3.36286	1.42561	3.84316	5.49468	4.45163	1.59075	2.39797	4.41527	3.39366	3.42316	2.46052	0.597092	2.59752	3.55861	2.48045	3.6277	1.71506	1.4762	4.52687	4.33375	3.48408	2.54175	3.54635	5.7114	4.35249	2.56263	1.54007	3.4461	5.42284	4.63131	2.54406	0.34948	1.67381	3.27785	3.4936	3.46427	2.52243	1.87929	4.85693	4.64614</FloatingPoint>
				<FloatingPoint size="20">	0.610863	0.904055	0.419783	0.937447	0.964372	0.787398	0.530616	0.871607	0.476204	0.976227	0.957372	0.263274	0.347721	0.852282	0.900149	0.310821	0.969108	0.681137	0.643609	0.631268</FloatingPoint>
			</Individual>
			<Individual size="2">
				<FitnessMax value="1.98221"/>
				<FloatingPoint size="50">	2.66593	1.49975	2.47925	1.60064	2.39527	2.53938	1.39782	2.61476	3.53595	2.48423	3.36498	1.54489	3.84326	5.49437	4.45333	1.59103	2.39014	4.26296	3.39146	3.42009	2.4605	0.602446	2.59352	3.52582	2.4807	3.61501	1.72215	1.474	4.53859	4.44623	3.58815	2.54732	3.5298	5.70902	4.37137	2.44168	1.5404	3.44328	5.42582	4.64169	2.54028	0.350378	1.67627	3.27888	0.604294	3.49596	2.52246	1.87317	4.7109	4.70799</FloatingPoint>
				<FloatingPoint size="20">	0.301924	0.894622	0.000595164	0.921447	0.964188	0.787703	0.199438	0.810553	0.496947	0.975517	0.958138	0.357781	0.32746	0.862135	0.874786	0.297536	0.9691	0.109501	0.584257	0.92107</FloatingPoint>
			</Individual>
			<Individual size="2">
				<FitnessMax value="1.0633"/>
				<FloatingPoint size="50">	2.67374	1.43891	2.37655	1.49751	2.39507	2.53507	1.40092	2.12516	3.50869	2.53217	3.35988	1.4089	3.84466	5.50918	4.45213	1.58892	2.39916	4.38821	3.40322	3.41727	2.46042	0.574597	2.59803	3.58442	2.47997	3.63139	1.71966	1.47836	4.53457	4.5471	3.5897	2.54161	3.54909	5.71229	4.34888	2.55147	1.54052	3.42985	5.42161	4.63436	2.53978	0.348158	1.67394	3.27264	3.47294	3.49918	2.52277	1.88561	4.86863	4.71541</FloatingPoint>
				<FloatingPoint size="20">	0.371611	0.899646	0.341113	0.945182	0.964122	0.787387	0.413298	0.887497	0.447708	0.978374	0.952558	0.35637	0.273413	0.840758	0.882427	0.390619	0.969094	0.483797	0.64082	0.699589</FloatingPoint>
			</Individual>
			<Individual size="2">
				<FitnessMax value="1.5854"/>
				<FloatingPoint size="50">	2.66564	1.4683	2.47022	1.56502	2.39537	2.51813	1.39898	2.58985	3.52077	2.51537	3.35659	1.47745	3.84266	5.50163	4.45363	1.58867	2.27978	4.38219	3.39757	3.41729	2.4987	0.582277	2.59383	3.43904	2.48055	3.6217	1.72081	1.48175	4.53078	4.311	3.52209	2.54757	3.54304	5.71175	4.35268	2.55824	1.54343	3.45211	5.42124	4.61875	2.54424	0.351626	1.67956	3.28187	3.48226	6.00916	2.52229	1.87646	4.82432	4.61693</FloatingPoint>
				<FloatingPoint size="20">	0.378303	0.903316	0.133202	0.948139	0.226428	0.787662	0.26535	0.846834	0.0950118	0.976702	0.95811	0.342498	0.429706	0.857493	0.877871	0.303886	0.969058	0.55321	0.636451	0.804482</FloatingPoint>
			</Individual>
			<Individual size="2">
				<FitnessMax value="2.07317"/>
				<FloatingPoint size="50">	2.6785	1.50213	2.47561	1.61383	2.39799	2.53027	1.39666	2.61372	3.51528	2.5153	3.34642	1.53297	3.84324	5.49942	4.45266	1.59559	2.38948	4.37899	3.39383	3.41616	2.46022	0.574941	2.59449	3.46054	2.48255	3.61194	1.71723	1.47163	4.5374	4.54827	3.59487	2.54245	3.54408	5.71084	4.35197	2.59628	1.54711	3.43572	5.43593	4.60901	2.54302	0.350934	1.65323	3.28222	3.48933	3.50808	2.52258	1.91007	4.86529	4.6913</FloatingPoint>
				<FloatingPoint size="20">	0.37166	0.904559	0.339206	0.922864	0.964192	0.787383	0.299846	0.900239	0.489382	0.974846	0.942156	0.753612	0.35012	0.849414	0.888093	0.38392	0.96909	0.377692	0.633866	0.821162</FloatingPoint>
			</Individual>
			<Individual size="2">
				<FitnessMax value="2.07317"/>
				<FloatingPoint size="50">	2.65616	1.4728	2.23456	1.61234	2.39526	2.5106	1.66288	2.61579	3.51057	2.48087	3.36221	1.5201	3.84339	5.50093	4.45449	1.59073	2.35957	4.35722	3.39692	3.41861	2.46033	0.579778	2.59372	3.36884	2.48314	3.62998	1.71714	1.46665	4.53301	4.05301	3.58513	2.54238	3.5272	5.71494	4.34483	2.55741	1.54117	3.43981	5.42781	4.63175	2.54345	0.372534	1.68697	3.28271	3.46921	3.47351	2.52248	1.84055	5.14198	4.69038</FloatingPoint>
				<FloatingPoint size="20">	0.545595	0.904309	0.354127	0.915037	0.964092	0.787337	0.530932	0.883589	0.601979	0.978402	0.956233	0.348049	0.246037	0.82386	0.878017	0.333648	0.969094	0.439297	0.82022	0.547281</FloatingPoint>
			</Individual>
			<Individual size="2">
				<FitnessMax value="1.74221"/>
				<FloatingPoint size="50">	2.65469	1.41494	2.43124	1.50515	2.39538	2.53039	1.40011	2.52877	3.51236	2.47197	3.35931	1.49613	2.34477	5.49977	4.45159	1.58969	2.38203	4.38432	3.38589	3.41951	2.46344	0.5753	2.59547	3.50825	2.48005	3.62251	1.72168	1.47242	4.53197	4.53183	3.59126	2.54426	3.53117	5.71349	4.35701	2.55658	1.54115	3.45078	5.42362	4.62241	2.54171	0.371716	1.71908	3.27947	3.45206	3.48095	2.52264	1.87822	4.85221	4.68423</FloatingPoint>
				<FloatingPoint size="20">	0.526624	0.904417	0.304346	0.921672	0.964013	0.787654	0.315116	0.869966	0.154532	0.981255	0.958125	0.32709	0.399934	0.809909	0.879493	0.508794	0.969149	0.68278	0.67901	0.422785</FloatingPoint>
			</Individual>
			<Individual size="2">
				<FitnessMax value="2.07317"/>
				<FloatingPoint size="50">	2.65469	1.47445	2.36406	1.56328	2.39493	2.54091	1.40023	2.58813	3.51037	2.52395	3.3602	1.46283	3.8442	5.50126	4.44931	1.58951	2.38015	4.37286	3.39952	3.4169	2.46038	0.575052	2.59327	3.41947	2.48352	3.58153	1.71818	1.4731	4.53296	4.50367	3.55981	2.54732	3.52672	5.71433	4.35896	2.57651	1.54109	3.44247	5.42647	4.60675	2.54268	0.392576	1.61988	3.28308	3.45832	3.47953	2.52254	1.84338	4.84465	4.67684</FloatingPoint>
				<FloatingPoint size="20">	0.480069	0.90524	0.28833	0.918468	0.963995	0.78752	0.260483	0.727255	0.50102	0.975997	0.953263	0.564383	0.433643	0.857797	0.883604	0.427914	0.969119	0.33134	0.668177	0.75728</FloatingPoint>
			</Individual>
			<Individual size="2">
				<FitnessMax value="2.07317"/>
				<FloatingPoint size="50">	2.66798	1.49662	2.38338	1.5961	2.395	2.53329	1.40009	2.60099	3.52472	2.49513	3.36061	1.46889	3.84415	5.49521	4.45042	1.59664	2.38291	4.23784	3.39823	3.41769	2.46041	0.57495	2.59387	3.46927	2.48122	3.6048	1.72516	1.47275	4.53411	4.53013	3.5849	2.54751	3.52572	5.71101	4.37364	2.58512	1.54093	3.44065	5.42662	4.61314	2.5398	0.363995	1.6287	3.27904	3.46749	3.49499	2.52254	1.87195	4.84211	4.70064</FloatingPoint>
				<FloatingPoint size="20">	0.12967	0.904978	0.116979	0.912254	0.963722	0.787522	0.532079	0.882996	0.431967	0.97754	0.956966	0.331501	0.410149	0.865711	0.88848	0.285883	0.969121	0.390478	0.719249	0.400693</FloatingPoint>
			</Individual>
			<Individual size="2">
				<FitnessMax value="2.07317"/>
				<FloatingPoint size="50">	2.66951	1.48409	2.44688	1.55691	2.39645	2.52835	1.39959	2.52869	3.52356	2.4917	3.36219	1.48723	3.84334	5.49649	4.45109	1.59114	2.39152	4.32048	3.39638	3.42113	2.46979	0.580164	2.59523	3.43322	2.48026	3.62366	1.71886	1.47493	4.5325	4.37687	3.58869	2.54948	3.52734	5.71028	4.42652	2.57766	1.54031	3.44608	5.4267	4.61483	2.54395	0.351141	1.6398	3.27894	3.47641	3.49064	2.5226	1.87445	4.94725	4.68356</FloatingPoint>
				<FloatingPoint size="20">	0.425759	0.896463	0.176435	0.920435	0.964801	0.78675	0.210559	0.848695	0.102461	0.976494	0.958132	0.331591	0.307641	0.850991	0.8863	0.345496	0.969108	0.405502	0.630152	0.6835</FloatingPoint>
			</Individual>
			<Individual size="2">
				<FitnessMax value="2.07317"/>
				<FloatingPoint size="50">	2.66339	1.50169	2.41352	1.6052	2.39548	2.52652	1.39783	2.61056	3.5255	2.50782	3.36186	1.50251	3.84317	5.49942	4.45211	1.59037	2.37859	4.3468	3.39679	3.42101	2.46553	0.582521	2.5944	3.50558	2.48066	3.62171	1.71971	1.47348	4.53269	4.49928	3.58883	2.54279	3.53409	5.71356	4.35638	2.57364	1.54072	3.44094	5.42451	4.61784	2.54112	0.400799	1.65044	3.27984	3.47524	3.47792	2.52253	1.86944	4.86945	4.64298</FloatingPoint>
				<FloatingPoint size="20">	0.362293	0.904593	0.43729	0.947882	0.964052	0.787565	0.337452	0.857238	0.428987	0.978602	0.957405	0.296896	0.399959	0.811889	0.888523	0.0320445	0.969112	0.6944	0.67728	0.498881</FloatingPoint>
			</Individual>
			<Individual size="2">
				<FitnessMax value="2.01464"/>
				<FloatingPoint size="50">	2.65842	1.50388	2.47906	1.62061	2.39515	2.51776	1.39755	2.615	3.55024	2.45674	3.36429	1.55118	3.84313	5.494	4.45248	1.59725	2.38945	4.23532	3.39345	3.42075	2.46043	0.574937	2.59448	3.5291	2.47995	3.60949	1.72898	1.47174	4.54148	4.54856	3.58546	2.55253	3.52507	5.7104	4.38297	2.30484	1.54022	3.43814	5.42728	4.64313	2.5393	0.351869	1.65731	3.27868	3.47882	3.50557	2.52258	1.88183	4.83781	4.70662</FloatingPoint>
				<FloatingPoint size="20">	0.508626	0.90463	0.375239	0.919631	0.964077	0.787302	0.914429	0.884738	0.624993	0.97696	0.957717	0.403868	0.235862	0.823305	0.877315	0.254214	0.969039	0.447484	0.66734	0.627688</FloatingPoint>
			</Individual>
			<Individual size="2">
				<FitnessMax value="2.07317"/>
				<FloatingPoint size="50">	2.66339	1.50596	2.47921	1.62009	2.39553	2.52352	1.39761	2.61496	3.53013	2.45941	3.36388	1.5026	3.84316	5.49456	4.45233	1.59467	2.39726	4.25921	3.39359	3.4211	2.46044	0.592328	2.59723	3.55426	2.48038	3.61429	1.7207	1.47294	4.53508	4.47388	3.54233	2.54224	3.53427	5.71068	4.35255	2.58029	1.54016	3.44086	5.42338	4.64207	2.54146	0.351511	1.66565	3.27794	3.48825	3.48036	2.52254	1.88062	4.84797	4.65762</FloatingPoint>
				<FloatingPoint size="20">	0.526624	0.904417	0.304346	0.921672	0.964013	0.787654	0.315116	0.869966	0.154532	0.981255	0.958125	0.32709	0.399934	0.809909	0.879493	0.383704	0.969149	0.68278	0.67901	0.422785</FloatingPoint>
			</Individual>
			<Individual size="2">
				<FitnessMax value="2.07317"/>
				<FloatingPoint size="50">	2.65842	1.50388	2.47906	1.62061	2.39515	2.51776	1.39755	2.615	3.55024	2.45674	3.36429	1.55118	3.84313	5.494	4.45248	1.59725	2.38945	4.23532	3.39345	3.42075	2.46043	0.574937	2.59448	3.5291	2.47995	3.60949	1.72898	1.47174	4.54148	4.54856	3.58546	2.55253	3.52507	5.7104	4.38297	2.30484	1.54022	3.43814	5.42728	4.64313	2.5393	0.351869	1.65731	3.27868	3.47882	3.50557	2.52258	1.88183	4.83781	4.70662</FloatingPoint>
				<FloatingPoint size="20">	0.356252	0.902812	0.654839	0.907157	0.964359	0.786089	0.37722	0.874486	0.515804	0.97828	0.963691	0.383224	0.375676	0.826959	0.877853	0.353942	0.969109	0.538144	0.656366	0.552914</FloatingPoint>
			</Individual>
			<Individual size="2">
				<FitnessMax value="1.71022"/>
				<FloatingPoint size="50">	2.65447	1.46511	2.46453	1.55141	2.39771	2.53125	1.39899	2.41227	3.51459	2.50508	3.36199	1.46733	3.8438	5.50105	4.44836	1.58956	2.3638	4.45233	3.39681	3.41968	2.52231	0.602845	2.59435	3.42425	2.48136	3.61672	1.71659	1.47298	4.54134	4.50152	3.48569	2.54437	3.52747	5.71071	4.47236	2.56351	3.15784	3.44326	5.42978	4.64472	2.54069	0.351597	1.65601	3.27994	3.49183	3.48751	2.52254	1.87115	4.82131	4.62726</FloatingPoint>
				<FloatingPoint size="20">	0.327688	0.905032	0.330143	0.886306	0.963629	0.787523	0.532067	0.883934	0.0459936	0.976937	0.957055	0.292044	0.453351	0.826247	0.88627	0.239848	0.969096	0.466544	0.641356	0.555094</FloatingPoint>
			</Individual>
			<Individual size="2">
				<FitnessMax value="1.87958"/>
				<FloatingPoint size="50">	2.66798	1.41104	2.46837	1.49983	2.39503	2.531	1.40045	2.38027	3.51045	2.45539	3.3546	1.44987	3.8446	5.50849	4.45101	1.58843	2.3973	4.38638	3.38547	3.41729	2.45567	0.574967	2.59548	3.51459	2.48004	2.70421	1.72236	1.47178	4.5311	4.60274	3.59298	2.54578	0.194909	5.71279	4.35755	2.55369	1.54128	3.46466	5.42027	4.62293	2.54192	0.34899	1.73875	3.27619	3.43088	3.48789	2.52274	1.88271	4.84643	4.71378</FloatingPoint>
				<FloatingPoint size="20">	0.359785	0.905152	0.178256	0.921846	0.964011	0.78748	0.363016	0.846013	0.452235	0.977055	0.957739	0.306357	0.397035	0.864227	0.885242	0.267744	0.96909	0.634141	0.639784	0.74732</FloatingPoint>
			</Individual>
			<Individual size="2">
				<FitnessMax value="2.07317"/>
				<FloatingPoint size="50">	2.66798	1.41104	2.46837	1.49983	2.39503	2.531	1.40045	2.38027	3.51045	2.45539	3.3546	1.44987	3.8446	5.50849	4.45101	1.58843	2.3973	4.38638	3.38547	3.41729	2.45567	0.574967	2.59548	3.51459	2.48004	3.63138	1.72236	1.47178	4.5311	4.60274	3.59298	2.54578	3.52955	5.71279	4.35755	2.55369	1.54128	3.46466	5.42027	4.62293	2.54192	0.34899	1.73875	3.27619	3.43088	3.48789	2.52274	1.88271	4.84643	4.71378</FloatingPoint>
				<FloatingPoint size="20">	0.43883	0.906814	0.282715	0.867039	0.963518	0.787435	0.53074	0.88488	0.389628	0.976368	0.957397	0.262853	0.461722	0.889074	0.894978	0.141705	0.969113	0.525035	0.636451	0.804482</FloatingPoint>
			</Individual>
			<Individual size="2">
				<FitnessMax value="1.94276"/>
				<FloatingPoint size="50">	2.67374	1.43891	2.37655	1.49751	2.39507	2.53507	1.40092	2.12516	3.50869	2.53217	3.35988	1.4089	3.84466	5.50918	4.45213	1.58892	2.39916	4.38821	3.40322	3.41727	2.46042	0.574915	2.59803	3.58442	2.47997	3.63139	1.71966	1.47836	4.53457	4.5471	3.5897	2.54161	3.54909	5.71229	4.34888	2.55147	1.54052	3.42985	5.42161	4.63436	2.53978	0.348158	1.67394	3.27264	3.47294	3.49918	2.52277	1.88561	4.86863	4.71541</FloatingPoint>
				<FloatingPoint size="20">	0.274053	0.898731	0.30855	0.920191	0.964122	0.787471	0.429255	0.797257	0.472853	0.976516	0.635794	0.197708	0.423329	0.843567	0.88029	0.456637	0.969108	0.520695	0.638001	0.562372</FloatingPoint>
			</Individual>
			<Individual size="2">
				<FitnessMax value="2.07317"/>
				<FloatingPoint size="50">	2.67912	1.48022	2.47486	1.5169	2.39497	2.49838	1.39831	2.62564	3.51724	2.5144	3.34568	1.50611	3.84249	5.50567	4.4528	1.5092	2.39258	4.37886	3.39334	3.41612	2.46054	0.574951	2.59333	3.42153	2.48041	3.6173	1.71356	1.4802	4.53783	4.28353	3.51307	2.54283	3.52473	5.71064	4.35931	2.55884	1.54744	3.44894	5.42039	4.60936	2.54297	0.352434	1.71204	3.28197	3.49156	3.49865	2.52199	1.91208	4.2434	4.69043</FloatingPoint>
				<FloatingPoint size="20">	0.2214	0.903107	0.381567	0.939939	0.964427	0.787327	0.530474	0.854424	0.510733	0.976002	0.95734	0.269165	0.278319	0.82577	0.909308	0.311659	0.969099	0.702704	0.640781	0.474234</FloatingPoint>
			</Individual>
			<Individual size="2">
				<FitnessMax value="2.07317"/>
				<FloatingPoint size="50">	2.65849	1.49862	2.44727	1.60652	2.39505	2.52853	1.39905	2.60739	3.52499	2.48486	3.36347	1.51671	3.84398	5.49495	4.45032	1.59204	2.39124	4.32168	3.39288	3.4174	2.45494	0.57497	2.59357	3.4056	2.48096	3.6088	1.72382	1.47273	4.53167	4.50954	3.58648	2.54596	3.53356	5.71539	4.363	2.57346	1.5409	3.44176	5.42322	4.52214	2.54374	0.361491	1.62786	3.28422	3.45876	3.48009	2.52253	1.89687	4.84472	4.70263</FloatingPoint>
				<FloatingPoint size="20">	0.335656	0.90463	0.375239	0.919631	0.964169	0.785981	0.252437	0.87345	0.840413	0.980682	0.958125	0.305474	0.384957	0.815744	0.849101	0.391528	0.969147	0.693589	0.676432	0.834832</FloatingPoint>
			</Individual>
			<Individual size="2">
				<FitnessMax value="2.07317"/>
				<FloatingPoint size="50">	2.65469	1.4877	2.47748	1.5909	2.39626	2.52414	1.39829	2.61539	3.51411	2.49515	3.36303	1.46869	3.84342	5.49986	4.44963	1.59127	2.39097	4.40835	3.39522	3.41658	2.46053	0.574936	2.59282	3.47014	2.48212	3.61178	1.71655	1.47225	4.53572	4.2897	3.47677	2.54258	3.53135	5.71147	4.4962	2.60084	1.54303	3.44646	5.42913	4.64361	2.54836	0.351397	1.66871	3.27767	3.47256	3.48818	2.52256	1.89737	4.93071	4.70421</FloatingPoint>
				<FloatingPoint size="20">	0.339744	0.905998	0.522249	0.950744	0.96406	0.78745	0.362623	0.844462	0.453123	0.977592	0.957066	0.266567	0.400001	0.860875	0.893894	0.307281	0.969086	0.738547	0.66076	0.603622</FloatingPoint>
			</Individual>
			<Individual size="2">
				<FitnessMax value="2.07317"/>
				<FloatingPoint size="50">	2.65469	1.4877	2.47748	1.5909	2.39626	2.52414	1.39829	2.61539	3.51411	2.49515	3.36303	1.46869	3.84342	5.49986	4.44963	1.59127	2.39097	4.40835	3.39522	3.41658	2.46053	0.574936	2.59282	3.47014	2.48212	3.61178	1.71655	1.47225	4.53572	4.2897	3.47677	2.54258	3.53135	5.71147	4.4962	2.60084	1.54303	3.44646	5.42913	4.64361	2.54054	0.351459	1.69181	3.27984	3.4888	3.49453	2.52243	1.8801	5.02832	4.69851</FloatingPoint>
				<FloatingPoint size="20">	0.339744	0.905998	0.522249	0.950744	0.96406	0.78745	0.362623	0.844462	0.453123	0.977592	0.957066	0.266567	0.400001	0.860875	0.893894	0.307281	0.969086	0.738547	0.66076	0.603622</FloatingPoint>
			</Individual>
			<Individual size="2">
				<FitnessMax value="2.07317"/>
				<FloatingPoint size="50">	2.67344	1.49562	2.47944	1.58066	2.39539	2.561	1.39809	2.61451	3.52166	2.51172	3.36568	1.53861	3.84339	5.49473	4.45419	1.5848	2.39084	4.29059	3.38947	3.41943	2.46056	0.629955	2.59256	3.52254	2.48146	3.62054	1.71532	1.47625	4.5357	4.34389	3.59083	2.54211	3.53454	5.70764	4.35977	2.57852	1.54057	3.44843	5.42437	4.64026	2.54127	0.348888	1.69523	3.27907	3.51238	3.48635	2.52234	1.86452	4.58399	4.70936</FloatingPoint>
				<FloatingPoint size="20">	0.301924	0.894622	0.000595164	0.921447	0.964188	0.787703	0.199438	0.810553	0.496947	0.975517	0.958138	0.357781	0.32746	0.862135	0.874786	0.297536	0.9691	0.109501	0.584257	0.92107</FloatingPoint>
			</Individual>
			<Individual size="2">
				<FitnessMax value="2.01189"/>
				<FloatingPoint size="50">	2.6661	1.48437	2.3196	1.58039	2.40001	2.53877	1.39986	2.62349	3.50991	2.51853	3.36172	1.52117	3.84388	5.50161	4.45319	1.58973	2.35705	4.37796	3.39829	3.41684	2.46034	0.574923	2.59326	3.41701	2.48335	3.63043	1.71678	1.47278	4.53108	4.51663	3.58891	2.54714	3.53173	5.71993	4.35874	2.56076	1.54114	3.44663	5.43345	4.6051	2.54208	0.395866	1.60793	3.28636	3.46478	3.48457	2.5225	1.86131	3.85624	4.64515</FloatingPoint>
				<FloatingPoint size="20">	0.335656	0.90463	0.375239	0.919631	0.964124	0.787302	0.524377	0.884738	0.624993	0.97696	0.957717	0.254723	0.235862	0.823305	0.904996	0.254214	0.969039	0.487471	0.662797	0.585535</FloatingPoint>
			</Individual>
			<Individual size="2">
				<FitnessMax value="2.07317"/>
				<FloatingPoint size="50">	2.65447	1.48896	2.47905	1.63573	2.39674	2.51468	1.39786	2.61654	3.53022	2.47556	3.3624	1.52484	3.84328	5.49344	4.45149	1.59123	2.39742	4.35034	3.39065	3.42372	2.46055	0.576272	2.59271	3.44865	2.48068	3.61184	1.7173	1.48673	4.53415	4.41389	3.48867	2.54166	3.53797	5.71352	4.35868	2.56654	1.54403	3.44501	5.42226	4.60222	2.54341	0.357422	1.65356	3.28322	3.47302	3.48327	2.5227	1.89521	4.85394	4.69913</FloatingPoint>
				<FloatingPoint size="20">	0.447858	0.900214	0.307727	0.915552	0.964144	0.787351	0.402861	0.882887	0.0580915	0.979154	0.958126	0.323162	0.350217	0.810812	0.88035	0.386011	0.969153	0.50688	0.649685	0.529689</FloatingPoint>
			</Individual>
			<Individual size="2">
				<FitnessMax value="2.07317"/>
				<FloatingPoint size="50">	2.67151	1.45696	2.45174	1.58407	2.39779	2.52817	1.39773	2.38583	3.51426	2.50976	3.36157	1.42286	3.84351	5.49906	4.45296	1.58911	2.39316	4.40268	3.39613	3.42201	2.48389	0.58808	2.59638	3.45502	2.4806	3.62746	1.7159	1.47537	4.52852	4.42861	3.58337	2.54504	3.53658	5.71105	4.38928	2.56236	1.54037	3.44342	5.4247	4.58321	2.54178	0.350162	1.64502	3.27912	3.46589	3.47172	2.52263	1.86483	4.92883	4.64958</FloatingPoint>
				<FloatingPoint size="20">	0.447858	0.896463	0.0755124	0.888637	0.964096	0.787199	0.210559	0.848695	0.102461	0.979868	0.958132	0.277536	0.496433	0.850991	0.84145	0.345496	0.969108	0.4118	0.630152	0.6835</FloatingPoint>
			</Individual>
			<Individual size="2">
				<FitnessMax value="1.95355"/>
				<FloatingPoint size="50">	2.66028	1.4434	2.40954	1.52378	2.39707	2.54336	1.40049	2.53923	3.50892	2.52155	3.3583	1.47014	3.84434	5.50018	4.45313	1.59112	2.39053	4.37776	5.62614	3.41688	2.4604	0.575096	2.59279	3.41982	2.4813	3.61923	1.71457	1.5082	4.53015	4.4266	3.53482	2.54686	3.53299	5.71598	4.35834	2.60027	1.54137	3.44384	5.42476	4.60733	2.54276	0.36838	1.46669	3.28471	3.45972	3.48253	2.52262	1.87902	4.99509	4.68072</FloatingPoint>
				<FloatingPoint size="20">	0.338368	0.904145	0.288178	0.916369	0.964042	0.787468	0.44948	0.793974	0.521423	0.978671	0.955783	0.215748	0.468146	0.832876	0.879547	0.468544	0.969096	0.4548	0.138235	0.546223</FloatingPoint>
			</Individual>
			<Individual size="2">
				<FitnessMax value="2.07317"/>
				<FloatingPoint size="50">	2.66339	1.50169	2.41352	1.6052	2.39548	2.52652	1.39783	2.61056	3.5255	2.50782	3.36186	1.50251	3.84317	5.49942	4.45211	1.59037	2.37859	4.3468	3.39679	3.42101	2.46553	0.582521	2.5944	3.50558	2.48066	3.62171	1.71971	1.47348	4.53269	4.49928	3.58883	2.54279	3.53409	5.71356	4.35638	2.57364	1.54072	3.44094	5.42451	4.61784	2.54112	0.400799	1.65044	3.27984	3.47524	3.47792	2.52253	1.86944	4.86945	4.64298</FloatingPoint>
				<FloatingPoint size="20">	0.526624	0.904417	0.304346	0.921672	0.964013	0.787654	0.315116	0.869966	0.154532	0.981255	0.958125	0.32709	0.399934	0.809909	0.879493	0.508794	0.969149	0.68278	0.67901	0.422785</FloatingPoint>
			</Individual>
			<Individual size="2">
				<FitnessMax value="2.07317"/>
				<FloatingPoint size="50">	2.66972	1.44777	2.39288	1.51116	2.39467	2.54889	1.40087	2.20515	3.50598	2.53362	3.3602	1.35832	3.84489	5.50257	4.45259	1.58838	2.39946	4.41557	3.40211	3.41888	2.46044	0.575857	2.59287	3.42501	2.48101	3.6346	1.71427	1.47159	4.5323	4.51004	3.58661	2.5471	3.54865	5.71844	4.35735	2.55122	1.54116	3.43961	5.42258	4.60402	2.54472	0.347632	1.64152	3.28579	3.40723	3.48941	2.52265	1.87759	4.83199	4.6448</FloatingPoint>
				<FloatingPoint size="20">	0.0146281	0.900348	0.340355	0.895293	0.964082	0.787676	0.534439	0.879676	0.506565	0.979604	0.956206	0.452453	0.319283	0.824547	0.877032	0.37067	0.969096	0.408878	0.643015	0.3512</FloatingPoint>
			</Individual>
			<Individual size="2">
				<FitnessMax value="2.07317"/>
				<FloatingPoint size="50">	2.66817	1.45487	2.47875	1.57171	2.39562	2.5305	1.39821	2.61433	3.51446	2.47454	3.66571	1.48645	3.84316	5.49559	4.44998	1.59036	2.39494	4.39862	3.38708	3.41995	2.45414	0.578487	2.59652	3.47197	2.48048	3.62856	1.71848	1.47161	4.528	4.4904	3.536	2.54643	3.52557	5.71619	4.35476	2.55891	1.54035	3.47492	5.42208	4.6233	2.54471	0.350227	1.68171	3.27986	3.45773	3.47095	2.52249	1.87928	4.85608	4.68086</FloatingPoint>
				<FloatingPoint size="20">	0.298095	0.894455	0.000378157	0.922641	0.964191	0.787704	0.197467	0.80954	0.502783	0.975419	0.95814	0.358416	0.324945	0.967553	0.874678	0.29649	0.969099	0.118995	0.582681	0.928896</FloatingPoint>
			</Individual>
			<Individual size="2">
				<FitnessMax value="2.01189"/>
				<FloatingPoint size="50">	2.67912	1.42749	2.47894	1.55945	2.39559	2.51948	1.39913	2.61437	3.51231	2.46005	3.36187	1.46799	3.84315	5.50413	4.44989	1.59002	2.39732	4.38545	3.38505	3.41988	2.45414	0.584665	2.59578	3.50537	2.48046	3.62928	1.72235	1.47539	4.52769	4.43599	3.50929	2.54605	3.53782	5.7167	4.35336	2.56232	1.54089	3.45148	5.42086	4.62585	2.54434	0.349758	1.67979	3.28054	3.49246	3.47004	2.5225	1.87833	5.66213	4.6681</FloatingPoint>
				<FloatingPoint size="20">	0.447858	0.900563	0.185264	0.888637	0.964096	0.787199	0.22649	0.868222	0.510314	0.979868	0.955589	0.277536	0.496433	0.838138	0.885025	0.39017	0.969119	0.4118	0.294491	0.640125</FloatingPoint>
			</Individual>
			<Individual size="2">
				<FitnessMax value="2.01"/>
				<FloatingPoint size="50">	2.66339	1.5023	2.47878	1.62321	2.39526	2.50627	1.39783	2.61443	3.51768	2.47618	3.36507	1.55839	3.84261	5.49849	4.45292	1.58688	2.39274	4.34135	3.39037	3.41615	2.46054	0.574955	2.59276	3.45624	2.48312	3.62071	1.71318	1.47581	4.53885	4.36968	3.56679	2.5423	3.5406	5.71255	4.36017	2.55923	1.54646	3.46856	5.42231	4.60005	2.54358	0.351968	1.6612	3.28381	3.46958	3.49346	2.52217	1.90208	4.84728	4.69086</FloatingPoint>
				<FloatingPoint size="20">	0.440337	0.901503	0.10393	0.892536	0.964061	0.787252	0.232021	0.815957	0.50911	0.979394	0.955816	0.308	0.492831	0.647682	0.884581	0.404496	0.969119	0.412827	0.648052	0.640165</FloatingPoint>
			</Individual>
			<Individual size="2">
				<FitnessMax value="1.83983"/>
				<FloatingPoint size="50">	2.66477	1.49562	2.47944	1.58066	2.39539	2.561	3.92322	2.61451	3.52166	2.51172	3.36568	1.50741	3.8442	5.49473	4.45748	1.5848	2.39084	4.38247	3.40217	3.41676	2.46042	0.629955	2.59256	3.52254	2.48146	3.6302	1.71324	1.47625	4.5281	4.49501	3.5574	2.54952	3.53454	5.70764	4.35977	2.57852	1.54057	3.4468	5.43412	4.60511	2.54432	0.351673	1.69523	3.28642	3.51238	3.48635	2.52234	1.86452	4.55425	4.69271</FloatingPoint>
				<FloatingPoint size="20">	0.335656	0.90463	0.375239	0.919631	0.964124	0.787302	0.524377	0.884738	0.624993	0.97696	0.957717	0.254723	0.235862	0.823305	0.878162	0.254214	0.969039	0.487471	0.662797	0.585535</FloatingPoint>
			</Individual>
			<Individual size="2">
				<FitnessMax value="2.01189"/>
				<FloatingPoint size="50">	2.6785	1.50213	2.47561	1.59507	2.39543	2.50083	1.39666	2.62569	3.53545	2.5153	3.34642	1.53297	3.84258	5.50547	4.45266	1.58873	2.39228	4.37899	3.39383	3.41616	2.45762	0.577574	2.59334	3.46054	2.48044	3.61797	1.72153	1.4972	4.5374	4.29698	3.59487	2.54481	3.54408	5.71121	4.35197	2.55792	1.54711	3.44849	5.42122	4.60901	2.54302	0.351355	1.65323	3.28222	3.48933	6.28381	2.52202	1.91007	4.86529	4.6913</FloatingPoint>
				<FloatingPoint size="20">	0.339744	0.900008	0.17664	0.849545	0.964036	0.787586	0.270037	0.88826	0.549193	0.978594	0.9563	0.331946	0.488858	0.899673	0.879145	0.462485	0.969101	0.250443	0.612611	0.748602</FloatingPoint>
			</Individual>
			<Individual size="2">
				<FitnessMax value="1.71022"/>
				<FloatingPoint size="50">	2.6637	1.50513	2.47899	1.62179	2.39588	2.51865	1.39783	2.61545	3.51832	2.47593	3.36504	1.51855	3.84264	5.49609	4.45236	1.5889	2.39476	4.342	3.39038	3.41948	2.46053	0.574081	2.59213	3.42238	2.4823	3.62406	1.71385	1.47603	4.53705	4.37124	3.52431	2.54208	3.54223	5.70971	4.35528	2.5616	1.54543	5.04489	5.42312	4.59703	2.54305	0.350696	1.64176	3.28445	3.48278	3.48515	2.52215	1.90931	4.85305	4.6833</FloatingPoint>
				<FloatingPoint size="20">	0.339744	0.897239	0.340355	0.946851	0.964132	0.787676	0.24735	0.82183	0.435851	0.979604	0.958123	0.320487	0.319283	0.843787	0.878744	0.593174	0.969091	0.648696	0.595668	0.373093</FloatingPoint>
			</Individual>
			<Individual size="2">
				<FitnessMax value="2.07317"/>
				<FloatingPoint size="50">	2.66849	1.50037	2.46144	1.60079	2.39524	2.51468	1.39786	2.61654	3.53022	2.50008	3.35495	1.52484	3.84328	5.50021	4.45149	1.59038	2.39176	4.35034	3.39336	3.41678	2.45628	0.576272	2.59345	3.43529	2.48068	3.61184	1.72338	1.48468	4.5343	4.41389	3.59996	2.54571	3.53797	5.71352	4.35868	2.56654	1.54403	3.44501	5.42226	4.60222	2.54341	0.357422	1.63635	3.28322	3.47302	3.48327	2.52228	1.90347	4.85394	4.69832</FloatingPoint>
				<FloatingPoint size="20">	0.602394	0.904408	0.339379	0.955863	0.964105	0.787408	0.298198	0.898526	0.794594	0.978947	0.951632	0.379297	0.321736	0.847709	0.887206	0.434091	0.96909	0.516983	0.648416	0.795833</FloatingPoint>
			</Individual>
			<Individual size="2">
				<FitnessMax value="2.07317"/>
				<FloatingPoint size="50">	2.67344	1.40153	2.47872	1.53851	2.39501	2.5179	1.39913	2.61339	3.51121	2.45725	3.35291	1.55022	3.84314	5.50583	4.4491	1.58813	2.39112	4.38272	3.38476	3.41739	2.45254	0.575012	2.59307	3.4166	2.4805	3.63081	1.72531	1.47088	4.52916	4.60394	3.61108	2.54661	3.5236	5.72197	4.35861	2.55608	1.54146	3.4856	5.42026	4.61078	2.54501	0.351547	1.75443	3.28233	3.42924	3.47924	2.52264	1.87073	4.84395	4.70786</FloatingPoint>
				<FloatingPoint size="20">	0.447858	0.900563	0.185264	0.888637	0.964096	0.787199	0.22649	0.868222	0.510314	0.979868	0.955589	0.277536	0.496433	0.838138	0.885025	0.39017	0.969119	0.4118	0.633976	0.640125</FloatingPoint>
			</Individual>
			<Individual size="2">
				<FitnessMax value="2.07317"/>
				<FloatingPoint size="50">	2.66817	1.45487	2.47875	1.57171	2.39562	2.5305	1.39821	2.61433	3.51446	2.47454	3.66571	1.48645	3.84316	5.49559	4.44998	1.59036	2.39494	4.39862	3.38708	3.41995	2.45414	0.578487	2.59652	3.47197	2.48048	3.62856	1.71848	1.47161	4.528	4.4904	3.536	2.54643	3.52557	5.71619	4.35476	2.55891	1.54035	3.47492	5.42208	4.6233	2.54471	0.350227	1.68171	3.27986	3.45773	3.47095	2.52249	1.87928	4.85608	4.68086</FloatingPoint>
				<FloatingPoint size="20">	0.526624	0.904417	0.304346	0.851393	0.964013	0.787654	0.315116	0.869966	0.154532	0.981255	0.958051	0.320511	0.475038	0.818017	0.881079	0.358919	0.969146	0.666624	0.676696	0.461878</FloatingPoint>
			</Individual>
			<Individual size="2">
				<FitnessMax value="2.07317"/>
				<FloatingPoint size="50">	2.66412	1.4857	2.33862	1.61152	2.39589	2.53775	1.403	2.61933	3.51466	2.49084	3.36224	1.49426	3.84301	5.50078	4.45203	1.59068	2.38108	4.35912	3.39298	3.42166	2.46041	0.574871	2.59294	3.43534	2.48276	3.63028	1.71877	1.47516	4.53342	4.49093	3.51477	2.54587	3.54251	5.50717	4.35837	2.56428	1.54094	3.43227	5.44291	4.60949	2.54046	0.450498	1.65262	3.28227	3.47347	3.48772	2.52259	1.85049	4.98591	4.68773</FloatingPoint>
				<FloatingPoint size="20">	0.545595	0.904309	0.354127	0.915037	0.964092	0.787337	0.530932	0.883589	0.601979	0.978402	0.956233	0.348049	0.246037	0.82386	0.878017	0.333648	0.969094	0.439297	0.82022	0.547281</FloatingPoint>
			</Individual>
			<Individual size="2">
				<FitnessMax value="1.83983"/>
				<FloatingPoint size="50">	2.67912	1.48022	2.47486	1.5169	2.39497	2.49838	1.39831	2.62564	3.51724	2.5144	3.34568	1.50611	3.84249	5.50567	4.4528	1.5092	2.39258	4.37886	3.39334	3.41612	2.46054	0.574951	2.59333	3.42153	6.42756	3.6173	1.71356	1.4802	4.53783	4.28353	3.51307	2.54283	3.52473	5.71064	4.35931	2.55884	1.54744	3.44894	5.42039	4.60936	2.54297	0.352434	1.71204	3.28197	3.49156	3.49865	2.52199	1.91208	4.2434	4.69043</FloatingPoint>
				<FloatingPoint size="20">	0.721831	0.906696	0.220548	0.902412	0.964047	0.787377	0.235863	0.883313	0.507329	0.977682	0.962798	0.204137	0.447462	0.838771	0.883677	0.361768	0.969115	0.856441	0.644586	0.362908</FloatingPoint>
			</Individual>
			<Individual size="2">
				<FitnessMax value="2.01484"/>
				<FloatingPoint size="50">	2.66028	1.4434	2.40954	1.52378	2.39707	2.54336	1.40049	2.53923	3.50892	2.52155	3.3583	1.47014	3.84434	5.50018	4.45313	1.59112	2.39053	4.37776	5.62614	3.41688	2.4604	0.575096	2.59279	3.41982	2.4813	3.61923	1.71457	1.5082	4.53015	4.4266	3.53482	2.54686	3.53299	5.71598	4.35834	2.60027	1.54137	3.44384	5.42476	4.60733	2.54276	0.36838	1.46669	3.28471	3.45972	3.48253	2.52262	1.87902	4.99509	4.68072</FloatingPoint>
				<FloatingPoint size="20">	0.500242	0.904003	0.32421	0.91146	0.964106	0.787331	0.499626	0.877706	0.527647	0.977097	0.956944	0.275568	0.354501	0.829609	0.877559	0.396898	0.969066	0.479871	0.665075	0.606679</FloatingPoint>
			</Individual>
			<Individual size="2">
				<FitnessMax value="2.01"/>
				<FloatingPoint size="50">	2.66387	1.46809	2.4731	1.60118	2.39731	2.52505	1.39723	2.61749	3.51974	2.47891	3.35768	1.38361	3.84356	5.49112	4.45245	1.59189	2.39368	4.38219	3.39637	3.42134	2.46063	0.574967	2.59473	3.50111	2.47863	3.6311	1.71663	1.52379	4.52971	4.41595	3.38893	2.54266	3.54314	5.70959	4.35497	2.60403	1.54113	3.45784	5.42096	4.63085	2.53972	0.35021	1.48464	3.28032	3.47884	3.48682	2.5227	1.88711	5.12687	4.70459</FloatingPoint>
				<FloatingPoint size="20">	0.245768	0.90463	0.375239	0.919631	0.963849	0.787564	0.245571	0.93093	0.624993	0.97696	0.954808	0.254723	0.235862	0.344075	0.881738	0.254214	0.969039	0.487471	0.669845	0.585535</FloatingPoint>
			</Individual>
			<Individual size="2">
				<FitnessMax value="2.07317"/>
				<FloatingPoint size="50">	2.67374	1.43891	2.37655	1.49751	2.39507	2.53507	1.40092	2.12516	3.50869	2.53217	3.35988	1.4089	3.84466	5.50918	4.45213	1.58892	2.39916	4.38821	3.40322	3.41727	2.46042	0.574915	2.59803	3.58442	2.47997	3.63139	1.71966	1.47836	4.53457	4.5471	3.5897	2.54161	3.54909	5.71229	4.34888	2.55147	1.54052	3.42985	5.42161	4.63436	2.53978	0.348158	1.67394	3.27264	3.47294	3.49918	2.52277	1.88561	4.86863	4.71541</FloatingPoint>
				<FloatingPoint size="20">	0.371611	0.893176	0.364952	0.919104	0.964267	0.787337	0.459176	0.880173	0.480299	0.975381	0.95657	0.299279	0.218318	0.837505	0.87901	0.386009	0.969105	0.481004	0.613991	0.383441</FloatingPoint>
			</Individual>
			<Individual size="2">
				<FitnessMax value="2.07317"/>
				<FloatingPoint size="50">	2.66339	1.5023	2.47878	1.62321	2.39526	2.50627	1.39783	2.61443	3.51768	2.47618	3.36507	1.55839	3.84261	5.49849	4.45292	1.58688	2.39274	4.34135	3.39037	3.41615	2.46054	0.574955	2.59276	3.45624	2.48312	3.62071	1.71318	1.47581	4.53885	4.36968	3.56679	2.5423	3.5406	5.70758	4.361	2.5609	1.5491	3.45955	5.4234	4.59437	2.54282	0.35219	1.61194	3.2846	3.4909	3.50098	2.52192	1.91865	4.84904	4.68188</FloatingPoint>
				<FloatingPoint size="20">	0.301924	0.894622	0.340355	0.921447	0.964188	0.787676	0.199438	0.810553	0.506565	0.979604	0.958138	0.357781	0.319283	0.862135	0.874786	0.593174	0.969096	0.793653	0.584257	0.3512</FloatingPoint>
			</Individual>
			<Individual size="2">
				<FitnessMax value="2.07317"/>
				<FloatingPoint size="50">	2.66856	1.50672	2.47946	1.62011	2.39677	2.53471	1.39769	2.61686	3.5192	2.47552	3.36286	1.42561	3.84316	5.49468	4.45163	1.59075	2.39797	4.41527	3.39366	3.42316	2.46052	0.597092	2.59752	3.55861	2.48045	3.6277	1.71506	1.4762	4.52687	4.33375	3.48408	2.54175	3.54635	5.7114	4.35249	2.56263	1.54007	3.4461	5.42284	4.63131	2.54406	0.34948	1.67381	3.27785	3.4936	3.46427	2.52243	1.87929	4.85693	4.64614</FloatingPoint>
				<FloatingPoint size="20">	0.12967	0.907606	0.537692	0.921881	0.963518	0.787435	0.53074	0.88488	0.389628	0.976368	0.957397	0.262853	0.461722	0.857018	0.888708	0.296857	0.969128	0.588911	0.653685	0.649922</FloatingPoint>
			</Individual>
			<Individual size="2">
				<FitnessMax value="2.07317"/>
				<FloatingPoint size="50">	2.6785	1.47934	2.46368	1.51362	2.39543	2.50083	1.39846	2.62569	3.5168	2.5153	3.34642	1.50701	3.84258	5.50547	4.45312	1.5134	2.39228	4.37899	3.39383	3.41616	2.46054	0.574948	2.59334	3.42119	2.48044	3.61797	1.71354	1.4972	4.5374	4.29698	3.51699	2.54321	3.52511	5.71121	4.35922	2.55792	1.54711	3.44849	5.42122	4.60901	2.54302	0.352389	1.70822	3.28222	3.48933	3.49835	2.52202	1.91007	4.27392	4.6913</FloatingPoint>
				<FloatingPoint size="20">	0.335656	0.90463	0.231366	0.832837	0.963909	0.787507	0.306284	0.892205	0.568961	0.979762	0.955442	0.172761	0.507756	0.833576	0.880959	0.503254	0.969113	0.434632	0.66831	0.491485</FloatingPoint>
			</Individual>
			<Individual size="2">
				<FitnessMax value="2.07317"/>
				<FloatingPoint size="50">	2.66412	1.50892	2.47927	1.61988	2.39672	2.53522	1.39782	2.61681	3.51919	2.47558	3.36499	1.46523	3.84266	5.49288	4.45161	1.59161	2.39747	4.34288	3.3904	3.42393	2.46051	0.572911	2.59128	3.37707	2.48121	3.62854	1.71474	1.47632	4.53465	4.37334	3.46746	2.54179	3.54442	5.71255	4.34762	2.56254	1.54053	3.44323	5.42274	4.60058	2.54336	0.348697	1.68165	3.28425	3.47193	3.46396	2.52246	1.89681	4.85842	4.6852</FloatingPoint>
				<FloatingPoint size="20">	0.526624	0.904417	0.304346	0.818037	0.964013	0.787654	0.315116	0.869966	0.154532	0.981255	0.958125	0.32709	0.409245	0.809909	0.879493	0.383704	0.969149	0.68278	0.67901	0.422785</FloatingPoint>
			</Individual>
			<Individual size="2">
				<FitnessMax value="2.07317"/>
				<FloatingPoint size="50">	2.65842	1.50388	2.47906	1.62061	2.39515	2.51776	1.39755	2.615	3.55024	2.45674	3.36429	1.55118	3.84313	5.494	4.45248	1.59725	2.38945	4.23532	3.39345	3.42075	2.46043	0.574937	2.59448	3.5291	2.47995	3.60949	1.72898	1.47174	4.54148	4.54856	3.58546	2.55253	3.52507	5.7104	4.38297	2.30484	1.54022	3.43814	5.42728	4.64313	2.5393	0.351869	1.65731	3.27868	3.47882	3.50557	2.52258	1.88183	4.83781	4.70662</FloatingPoint>
				<FloatingPoint size="20">	0.508626	0.903952	0.297606	0.90574	0.964077	0.787656	0.494411	0.8682	0.511835	0.978663	0.956091	0.403868	0.526891	0.830411	0.877315	0.413332	0.969122	0.447484	0.66734	0.627688</FloatingPoint>
			</Individual>
			<Individual size="2">
				<FitnessMax value="2.07317"/>
				<FloatingPoint size="50">	2.66817	1.45487	2.47875	1.57171	2.39562	2.5305	1.39821	2.61433	3.51446	2.47454	3.66571	1.48645	3.84316	5.49559	4.44998	1.59036	2.39494	4.39862	3.38708	3.41995	2.45414	0.578487	2.59652	3.47197	2.48048	3.62856	1.71848	1.47161	4.528	4.4904	3.536	2.54643	3.52557	5.71619	4.35476	2.55891	1.54035	3.47492	5.42208	4.6233	2.54471	0.350227	1.68171	3.27986	3.45773	3.47095	2.52249	1.87928	4.85608	4.68086</FloatingPoint>
				<FloatingPoint size="20">	0.526624	0.904417	0.304346	0.851393	0.964013	0.787654	0.315116	0.869966	0.154532	0.981255	0.958051	0.320511	0.414619	0.818017	0.881079	0.358919	0.969146	0.666624	0.674652	0.461878</FloatingPoint>
			</Individual>
			<Individual size="2">
				<FitnessMax value="2.07317"/>
				<FloatingPoint size="50">	2.66617	1.49368	2.47875	1.61362	2.39809	2.53071	1.39774	2.61373	3.51404	2.50082	3.36339	1.46909	3.84324	5.49961	4.44781	1.59586	2.38935	4.45868	3.39212	3.41693	2.4605	0.574938	2.59454	3.47049	2.48263	3.61116	1.71694	1.47166	4.55443	4.54628	3.59271	2.5423	3.52357	5.71044	4.61482	2.59772	1.54018	3.43471	5.43641	4.64717	2.53404	0.350912	1.63538	3.27896	3.50182	3.50981	2.52258	1.87886	4.82739	4.70456</FloatingPoint>
				<FloatingPoint size="20">	0.176494	0.904286	0.252147	0.921278	0.963978	0.787605	0.399334	0.710242	0.515198	0.97796	0.953182	0.202219	0.568987	0.833897	0.879961	0.490846	0.969059	0.50557	0.666704	0.644053</FloatingPoint>
			</Individual>
			<Individual size="2">
				<FitnessMax value="2.01464"/>
				<FloatingPoint size="50">	2.66593	1.49975	2.47925	1.60064	2.39527	2.53938	1.39782	2.61476	3.53595	2.48423	3.36498	1.54489	3.84326	5.49437	4.45333	1.59103	2.39014	4.26296	3.39146	3.42009	2.4605	0.602446	2.59352	3.52582	2.4807	3.61501	1.72215	1.474	4.53859	4.44623	3.58815	2.54732	3.5298	5.70902	4.37137	2.44168	1.5404	3.44328	5.42582	4.64169	2.54028	0.350378	1.67627	3.27888	3.4956	3.49596	2.52246	1.87317	4.7109	4.70799</FloatingPoint>
				<FloatingPoint size="20">	0.508626	0.90463	0.375239	0.919631	0.964077	0.787302	0.914429	0.884738	0.624993	0.97696	0.957717	0.403868	0.235862	0.823305	0.877315	0.254214	0.969039	0.447484	0.66734	0.709118</FloatingPoint>
			</Individual>
			<Individual size="2">
				<FitnessMax value="2.07317"/>
				<FloatingPoint size="50">	2.65447	1.48561	2.32546	1.60754	2.39472	2.53772	1.39978	2.62085	3.51047	2.50883	3.36182	1.52505	3.84343	5.50097	4.45184	1.58921	2.34839	4.36271	3.3978	3.41691	2.4603	0.574944	2.59334	3.416	2.48383	3.6305	1.71918	1.47327	4.5332	4.52002	3.59414	2.54688	3.53231	5.71942	4.35897	2.57098	1.54117	3.44037	5.42766	4.60509	2.54064	0.529007	1.65171	3.28314	3.47449	3.47932	2.52247	1.83876	4.85611	4.62306</FloatingPoint>
				<FloatingPoint size="20">	0.545595	0.904309	0.354127	0.915037	0.964092	0.787337	0.530932	0.883589	0.601979	0.978402	0.956233	0.348049	0.246037	0.82386	0.878017	0.333648	0.969094	0.439297	0.82022	0.547281</FloatingPoint>
			</Individual>
			<Individual size="2">
				<FitnessMax value="2.01"/>
				<FloatingPoint size="50">	2.66412	1.49572	2.44873	1.60491	2.39507	2.51275	1.39752	2.62154	3.52807	2.5109	3.35262	1.52797	3.84332	5.50295	4.45254	1.58874	2.37922	4.37697	3.39568	3.41625	2.4585	0.577304	2.59334	3.44961	2.48228	3.62564	1.71918	1.48981	4.535	4.48086	3.59481	6.58728	3.53744	5.71722	4.35269	2.57005	1.5415	3.44343	5.42169	4.60807	2.5423	0.435837	1.65191	3.28275	3.48808	3.48387	2.52229	1.88286	4.86403	4.62719</FloatingPoint>
				<FloatingPoint size="20">	0.545595	0.904309	0.354127	0.915037	0.964092	0.787337	0.530932	0.883589	0.601979	0.978402	0.956233	0.348049	0.246037	0.82386	0.878017	0.333648	0.969094	0.439297	0.82022	0.547281</FloatingPoint>
			</Individual>
			<Individual size="2">
				<FitnessMax value="2.07317"/>
				<FloatingPoint size="50">	2.6661	1.48437	2.3196	1.58039	2.40001	2.53877	1.39986	2.62349	3.50991	2.51853	3.36172	1.52117	3.84388	5.50161	4.45319	1.58973	2.35705	4.37796	3.39829	3.41684	2.46034	0.574923	2.59326	3.41701	2.48335	3.63043	1.71678	1.47278	4.53108	4.51663	3.58891	2.54714	3.53173	5.71993	4.35874	2.56076	1.54114	3.44663	5.43345	4.6051	2.54208	0.395866	1.60793	3.28636	3.46478	3.48457	2.5225	1.86131	4.6221	4.64515</FloatingPoint>
				<FloatingPoint size="20">	0.335656	0.90463	0.375239	0.919631	0.964124	0.787302	0.524377	0.884738	0.624993	0.97696	0.957717	0.254723	0.235862	0.823305	0.904996	0.254214	0.969039	0.487471	0.662797	0.585535</FloatingPoint>
			</Individual>
			<Individual size="2">
				<FitnessMax value="2.01189"/>
				<FloatingPoint size="50">	2.66856	1.50672	2.47946	1.62011	2.39677	2.53471	1.39769	2.61686	3.5192	2.47552	3.36286	1.42561	3.84316	5.49468	4.45163	1.59075	2.39797	4.41527	3.39366	3.42316	2.46052	0.597092	2.59752	3.55861	2.48045	3.6277	1.71506	1.4762	4.52687	4.33375	3.48408	2.54175	3.54635	5.7114	4.35249	2.56263	1.54007	3.4461	5.42284	4.63131	2.54406	0.34948	1.67381	3.27785	3.4936	3.46427	2.52243	1.87929	6.58838	4.64614</FloatingPoint>
				<FloatingPoint size="20">	0.324265	0.904466	0.248307	0.827912	0.96393	0.787511	0.293871	0.892611	0.578878	0.979949	0.955333	0.167779	0.510302	0.832279	0.880531	0.514668	0.969112	0.426101	0.669119	0.500247</FloatingPoint>
			</Individual>
			<Individual size="2">
				<FitnessMax value="1.95166"/>
				<FloatingPoint size="50">	2.66564	1.40107	2.47637	1.64206	2.39541	2.50746	1.39693	2.61441	3.5327	2.49309	3.36185	1.62343	3.84252	5.50379	4.45244	1.58817	2.38266	4.33797	3.39145	1.45118	2.46056	0.574954	2.59434	3.46342	2.48166	3.61409	1.7125	1.47264	4.5377	4.42833	3.59304	2.54232	3.54302	5.70793	4.35886	2.57599	1.54313	3.46306	5.42378	4.60219	2.54381	0.353124	1.68471	3.28011	3.55361	3.48327	2.52211	1.86945	4.84111	4.65906</FloatingPoint>
				<FloatingPoint size="20">	0.440337	0.901503	0.10393	0.892536	0.964061	0.787252	0.232021	0.815957	0.50911	0.979394	0.955816	0.308	0.492831	0.647682	0.884581	0.404496	0.969119	0.412827	0.648052	0.640165</FloatingPoint>
			</Individual>
			<Individual size="2">
				<FitnessMax value="2.01361"/>
				<FloatingPoint size="50">	2.66798	1.44255	2.40153	1.53015	2.39512	2.54447	1.40033	2.27392	3.51012	2.52857	3.36039	1.41978	3.84455	5.50272	4.45242	1.5889	2.39549	4.37062	3.40078	3.41788	2.46045	0.576086	2.59324	3.43696	2.48102	3.62903	1.71421	1.47156	4.53175	4.50296	3.58809	2.54799	3.54708	5.71666	4.35756	2.55612	1.54109	3.44231	5.42292	4.60501	2.54466	0.35033	1.64952	3.28413	3.42925	3.48673	2.52252	1.87299	4.83287	4.64548</FloatingPoint>
				<FloatingPoint size="20">	0.378303	0.897484	0.352572	0.909292	0.96415	0.430956	0.532033	0.880173	0.480299	0.975381	0.95657	0.299279	0.317872	0.837505	0.87901	0.386009	0.969105	0.481004	0.613991	0.383441</FloatingPoint>
			</Individual>
			<Individual size="2">
				<FitnessMax value="2.07317"/>
				<FloatingPoint size="50">	2.65849	1.49862	2.44727	1.60652	2.39505	2.52853	1.39905	2.60739	3.52499	2.48486	3.36347	1.51671	3.84398	5.49495	4.45032	1.59204	2.39124	4.32168	3.39288	3.4174	2.45494	0.57497	2.59357	3.41005	2.48092	3.60572	1.72523	1.47217	4.53121	4.5308	3.60506	2.54662	3.53186	5.71583	4.3654	2.57516	1.54095	3.44153	5.4233	4.59543	2.5438	0.363488	1.61947	3.28421	3.45671	3.48261	2.52255	1.89688	4.84258	4.70535</FloatingPoint>
				<FloatingPoint size="20">	0.602394	0.904408	0.339379	0.955863	0.964105	0.787408	0.298198	0.898526	0.408561	0.978947	0.951632	0.379297	0.321736	0.847709	0.887206	0.434091	0.96909	0.516983	0.648416	0.795833</FloatingPoint>
			</Individual>
			<Individual size="2">
				<FitnessMax value="2.07317"/>
				<FloatingPoint size="50">	2.66343	1.47173	2.47867	1.63024	2.39698	2.54891	1.63155	2.61484	3.51162	2.47479	3.36135	1.56095	3.84338	5.50167	4.45481	1.59048	2.39859	4.39879	3.39076	3.42371	2.46045	0.578686	2.59463	3.47046	2.48312	3.63002	1.71779	1.56315	4.53383	4.54559	3.56603	2.54267	3.53706	5.71425	4.34152	2.5586	1.54227	3.43323	5.4462	4.65004	2.54356	0.35087	1.61074	3.27811	3.46757	3.49389	2.52253	1.8822	5.08513	4.69103</FloatingPoint>
				<FloatingPoint size="20">	0.29828	0.904272	0.340355	0.951498	0.964082	0.787676	0.289701	0.867489	0.384726	0.979604	0.95642	0.319942	0.319283	0.834515	0.886902	0.593174	0.96909	0.629525	0.663493	0.376044</FloatingPoint>
			</Individual>
			<Individual size="2">
				<FitnessMax value="1.95336"/>
				<FloatingPoint size="50">	2.65842	1.50388	2.47906	1.62061	2.39515	2.51776	1.39755	2.615	3.55024	2.45674	3.36429	1.55118	3.84313	5.494	4.45248	1.59725	2.38945	4.23532	3.39345	3.42075	2.46043	0.574937	2.59448	3.5291	2.47995	3.60949	1.72898	1.47174	4.54148	4.54856	3.58546	2.55253	3.52507	5.7104	4.38297	2.30484	1.54022	3.43814	5.42728	4.64313	2.5393	0.351869	1.65731	3.27868	3.47882	5.52363	2.52258	1.88183	4.83781	4.70662</FloatingPoint>
				<FloatingPoint size="20">	0.508626	0.90463	0.375239	0.919631	0.964077	0.787302	0.914429	0.884738	0.624993	0.978617	0.957874	0.374254	0.302737	0.818138	0.878155	0.30416	0.969082	0.53824	0.671841	0.548655</FloatingPoint>
			</Individual>
			<Individual size="2">
				<FitnessMax value="2.07317"/>
				<FloatingPoint size="50">	2.6661	1.50213	2.47561	1.59507	2.39814	2.53854	1.39666	2.62018	3.53545	2.46988	3.36356	1.53297	3.84344	5.49408	4.45266	1.58873	2.39252	4.37571	3.38722	3.41872	2.45762	0.577574	2.59434	3.46054	2.48046	3.62876	1.72153	1.47336	4.53044	4.58506	3.59487	2.54481	3.54408	5.71639	4.35197	2.55605	1.54095	3.45378	5.11327	4.60744	2.5536	0.351355	1.65323	3.27621	3.46168	3.48393	2.52264	1.90895	4.86529	4.70803</FloatingPoint>
				<FloatingPoint size="20">	0.29828	0.900348	0.340355	0.918637	0.964082	0.787676	0.534439	0.879676	0.506565	0.979604	0.956206	0.452453	0.319283	0.824547	0.877032	0.593174	0.969096	0.438568	0.643015	0.3512</FloatingPoint>
			</Individual>
			<Individual size="2">
				<FitnessMax value="1.65872"/>
				<FloatingPoint size="50">	2.67141	1.49267	2.47693	1.56934	2.39543	2.50852	1.39807	2.62054	3.51778	2.49516	3.35536	1.51233	3.84256	5.50088	4.45258	1.54905	2.39367	4.36043	3.39186	3.4178	2.46054	0.574516	2.59273	3.42196	2.48136	3.62068	1.7137	1.47811	4.53744	4.32739	3.51869	2.54246	3.53348	5.71017	4.35729	2.56022	1.54643	4.24692	5.42176	4.6032	2.54301	0.351565	1.6769	3.28321	3.48717	3.4919	2.52207	1.9107	4.54823	4.68687</FloatingPoint>
				<FloatingPoint size="20">	0.2214	0.903107	0.381567	0.939939	0.964427	0.323129	0.530474	0.854424	0.510733	0.976002	0.95734	0.269165	0.278319	0.82577	0.909308	0.311659	0.969099	0.702704	0.640781	0.474234</FloatingPoint>
			</Individual>
			<Individual size="2">
				<FitnessMax value="2.07317"/>
				<FloatingPoint size="50">	2.67151	1.45696	2.45174	1.58407	2.39779	2.52817	1.39773	2.38583	3.51426	2.50976	3.36157	1.42286	3.84351	5.49906	4.45296	1.58911	2.39316	4.40268	3.39613	3.42201	2.48389	0.58808	2.59638	3.45502	2.4806	3.62746	1.7159	1.47537	4.52852	4.42861	3.58337	2.54504	3.53658	5.71105	4.38928	2.56236	1.54037	3.44342	5.4247	4.58321	2.54178	0.350162	1.64502	3.27912	3.46589	3.47172	2.52263	1.86483	4.92883	4.64958</FloatingPoint>
				<FloatingPoint size="20">	0.425759	0.896463	0.176435	0.920435	0.964801	0.78675	0.210559	0.848695	0.102461	0.976494	0.958132	0.331591	0.307641	0.850991	0.8863	0.345496	0.969108	0.405502	0.630152	0.6835</FloatingPoint>
			</Individual>
			<Individual size="2">
				<FitnessMax value="2.07317"/>
				<FloatingPoint size="50">	2.67151	1.41159	2.39288	1.48495	2.39624	2.56447	1.40129	2.62762	3.50819	2.5321	3.35982	1.43974	3.8435	5.49548	4.44978	1.59233	2.39169	4.37689	3.40405	3.41621	2.46042	0.574903	2.59366	3.40494	2.48061	3.63089	1.71263	1.47524	4.51951	4.24462	3.59284	2.54816	3.51946	5.70839	4.49181	2.571	1.54031	3.45727	5.3525	4.45235	2.54687	0.351373	1.56775	3.28175	3.48607	3.49411	2.52242	1.86805	5.12916	4.70516</FloatingPoint>
				<FloatingPoint size="20">	0.0146281	0.90463	0.272901	0.88915	0.964103	0.787328	0.51144	0.890162	0.590129	0.979621	0.95767	0.183895	0.243713	0.831418	0.878382	0.321862	0.969066	0.479765	0.507301	0.581178</FloatingPoint>
			</Individual>
			<Individual size="2">
				<FitnessMax value="2.07317"/>
				<FloatingPoint size="50">	2.66591	1.49401	2.47875	1.61383	2.39799	2.53027	1.39773	2.61372	3.51528	2.49931	3.36342	1.47189	3.84324	5.49942	4.44786	1.59559	2.38948	4.45583	3.39187	3.41694	2.46022	0.574941	2.59449	3.4669	2.48255	3.61194	1.71723	1.47163	4.55356	4.54827	3.59335	2.54245	3.52434	5.71084	4.60596	2.59628	1.54021	3.43572	5.43593	4.64528	2.53442	0.350934	1.63397	3.27927	3.49931	3.50808	2.52258	1.88028	4.82796	4.70468</FloatingPoint>
				<FloatingPoint size="20">	0.388981	0.904543	0.33531	0.92273	0.964172	0.787413	0.301553	0.896855	0.451954	0.975563	0.943941	0.527746	0.355688	0.844999	0.887132	0.383896	0.969096	0.411794	0.638912	0.776634</FloatingPoint>
			</Individual>
			<Individual size="2">
				<FitnessMax value="1.96152"/>
				<FloatingPoint size="50">	2.65842	1.50388	2.47906	1.62061	2.39515	2.51776	1.39755	2.615	3.55024	2.45674	3.36429	1.55118	3.84313	5.494	4.45248	1.59725	2.38945	4.23532	3.39345	3.42075	2.46043	0.574937	2.59448	3.5291	2.47995	3.60949	1.72898	1.47174	4.54148	4.54856	3.58546	2.55253	3.52507	5.7104	4.38297	2.30484	1.54022	3.43814	5.42728	4.64313	2.5393	0.351869	1.65731	3.27868	3.47882	3.50557	2.52258	1.88183	4.83781	4.70662</FloatingPoint>
				<FloatingPoint size="20">	0.941992	0.897375	0.329108	0.928615	0.964154	0.78767	0.241864	0.811957	0.510341	0.978688	0.956536	0.367977	0.319385	0.835493	0.876553	0.466913	0.969102	0.571664	0.637205	0.391755</FloatingPoint>
			</Individual>
			<Individual size="2">
				<FitnessMax value="2.07317"/>
				<FloatingPoint size="50">	2.65849	1.49854	2.47872	1.61745	2.39753	2.52382	1.39759	2.61355	3.53533	2.46214	3.36394	1.52866	3.84323	5.49741	4.44847	1.59176	2.3906	4.38535	3.38858	3.41731	2.45546	0.574951	2.59364	3.46288	2.48081	3.62371	1.72454	1.47143	4.54817	4.56953	3.61037	2.54386	3.54366	5.72177	4.61124	2.58594	1.5406	3.43647	5.42515	4.5946	2.53593	0.351436	1.6261	3.27941	3.46014	3.47158	2.5226	1.90932	4.83316	4.70469</FloatingPoint>
				<FloatingPoint size="20">	0.447858	0.900563	0.380719	0.888637	0.964096	0.787199	0.22649	0.868222	0.510314	0.979868	0.955589	0.277536	0.496433	0.838138	0.885025	0.39017	0.969119	0.4118	0.633976	0.640125</FloatingPoint>
			</Individual>
			<Individual size="2">
				<FitnessMax value="2.01484"/>
				<FloatingPoint size="50">	2.67306	1.53664	2.48028	1.64197	2.39975	2.5101	1.39606	2.61422	3.52318	2.45805	3.36299	1.40581	3.84284	5.49111	4.45422	1.59063	2.39735	4.42642	5.23744	3.42697	2.4606	0.57497	2.59803	3.58442	2.47997	3.63139	1.71966	1.47836	4.53457	4.5471	3.5897	2.54161	3.54635	5.7114	4.35249	2.56263	1.54007	3.4461	5.42284	4.63131	2.54406	0.34948	1.65171	3.28314	3.47449	3.47932	2.52247	1.83876	4.85611	4.62306</FloatingPoint>
				<FloatingPoint size="20">	0.245768	0.90463	0.375239	0.919631	0.964124	0.787302	0.524377	0.884738	0.624993	0.97696	0.957717	0.254723	0.235862	0.823305	0.878162	0.254214	0.969039	0.487471	0.662797	0.585535</FloatingPoint>
			</Individual>
			<Individual size="2">
				<FitnessMax value="2.07317"/>
				<FloatingPoint size="50">	2.67374	1.43891	2.37655	1.49751	2.39507	2.53507	1.40092	2.12516	3.50869	2.53217	3.35988	1.4089	3.84466	5.50918	4.45213	1.58892	2.39916	4.38821	3.40322	3.41727	2.46042	0.574915	2.59803	3.58442	2.47997	3.63139	1.71966	1.47836	4.53457	4.5471	3.5897	2.54161	3.54909	5.71229	4.34888	2.55147	1.54052	3.42985	5.42161	4.63436	2.53978	0.348158	1.67394	3.27264	3.47294	3.49918	2.52277	1.88561	4.86863	4.71541</FloatingPoint>
				<FloatingPoint size="20">	0.371611	0.893176	0.364952	0.919104	0.964267	0.787337	0.459176	0.884273	0.430508	0.975073	0.958131	0.193197	0.277671	0.853236	0.880619	0.422427	0.969157	0.535821	0.609298	0.48069</FloatingPoint>
			</Individual>
			<Individual size="2">
				<FitnessMax value="2.07317"/>
				<FloatingPoint size="50">	2.66591	1.49401	2.47875	1.61383	2.39799	2.53027	1.39773	2.61372	3.51528	2.49931	3.36342	1.47189	3.84324	5.49942	4.44786	1.59559	2.38948	4.45583	3.39187	3.41694	2.46022	0.574941	2.59449	3.4669	2.48255	3.61194	1.71723	1.47163	4.55356	4.54827	3.59335	2.54245	3.52434	5.71084	4.60596	2.59628	1.54021	3.43572	5.43593	4.64528	2.53442	0.350934	1.63397	3.27927	3.49931	3.50808	2.52258	1.88028	4.82796	4.70468</FloatingPoint>
				<FloatingPoint size="20">	0.37166	0.904559	0.339206	0.922864	0.964192	0.787383	0.299846	0.900239	0.489382	0.974846	0.942156	0.552997	0.35012	0.849414	0.888093	0.38392	0.96909	0.377692	0.633866	0.821162</FloatingPoint>
			</Individual>
		</Deme>
	</Population>
</ECF>
