<?xml version="1.0" encoding="ISO-8859-1"?>
<ECF milestone="Mon Jun 18 09:13:21 2018
">
	<Registry>
		<Entry key="1FloatingPoint.dimension">20</Entry>
		<Entry key="1FloatingPoint.lbound">0</Entry>
		<Entry key="1FloatingPoint.ubound">1</Entry>
		<Entry key="FloatingPoint.dimension">50</Entry>
		<Entry key="FloatingPoint.lbound">0</Entry>
		<Entry key="FloatingPoint.ubound">6.99</Entry>
		<Entry key="SteadyStateTournament.tsize">3</Entry>
		<Entry key="batch.logfile_">*</Entry>
		<Entry key="batch.remaining_">0</Entry>
		<Entry key="batch.repeats">1</Entry>
		<Entry key="batch.singlemilestone">1</Entry>
		<Entry key="batch.statsfile">stats/ohlc_bitfinex_iotusd_86400_10_100_0.9_0.8.csv</Entry>
		<Entry key="data.balance">16.3878</Entry>
		<Entry key="data.input">data/train/ohlc_bitfinex_iotusd_86400.csv</Entry>
		<Entry key="data.test">data/test/ohlc_bitfinex_iotusd_86400.csv</Entry>
		<Entry key="fuzzy.langvars">conf/ohlc_bitfinex_iotusd_86400.conf</Entry>
		<Entry key="fuzzy.numrules">10</Entry>
		<Entry key="fuzzy.threshold">0.8</Entry>
		<Entry key="log.frequency">10</Entry>
		<Entry key="log.level">3</Entry>
		<Entry key="milestone.elapsedtime_">191</Entry>
		<Entry key="milestone.filename">milestones/ohlc_bitfinex_iotusd_86400_10_100_0.9_0.8.txt</Entry>
		<Entry key="milestone.generation_">2999</Entry>
		<Entry key="mutation.indprob">0.9</Entry>
		<Entry key="operator.logfile">log/ohlc_bitfinex_iotusd_86400_10_100_0.9_0.8.csv</Entry>
		<Entry key="population.size">100</Entry>
		<Entry key="term.eval">300000</Entry>
	</Registry>
	<Population size="1">
		<HallOfFame size="1">
			<Individual size="2" gen="1806">
				<FitnessMax value="3.6388"/>
				<FloatingPoint size="50">	2.42022	0.44998	2.51368	2.3382	3.52383	2.56552	0.690768	2.51713	1.51039	2.46025	4.82886	2.29247	4.00024	4.98056	4.82241	2.51243	1.72373	2.5886	4.6086	4.53704	3.61372	0.617138	2.49762	3.55873	3.58405	2.84507	1.45504	2.45494	4.69553	4.22391	2.50678	0.732028	2.2543	2.5784	2.57218	3.33562	0.360385	2.4504	4.5719	3.83862	2.3702	0.40297	2.59704	1.69057	2.66834	2.42342	1.38459	2.38572	4.41915	3.40667</FloatingPoint>
				<FloatingPoint size="20">	0.47418	0.886081	0.755272	0.871141	0.352579	0.592896	0.87657	0.286094	0.550955	0.922277	0.238437	0.573805	0.941325	0.930341	0.796549	0.966113	0.473443	0.981375	0.923888	0.857771</FloatingPoint>
			</Individual>
		</HallOfFame>
		<Deme size="100">
			<HallOfFame size="1">
				<Individual size="2" gen="1806">
					<FitnessMax value="3.6388"/>
					<FloatingPoint size="50">	2.42022	0.44998	2.51368	2.3382	3.52383	2.56552	0.690768	2.51713	1.51039	2.46025	4.82886	2.29247	4.00024	4.98056	4.82241	2.51243	1.72373	2.5886	4.6086	4.53704	3.61372	0.617138	2.49762	3.55873	3.58405	2.84507	1.45504	2.45494	4.69553	4.22391	2.50678	0.732028	2.2543	2.5784	2.57218	3.33562	0.360385	2.4504	4.5719	3.83862	2.3702	0.40297	2.59704	1.69057	2.66834	2.42342	1.38459	2.38572	4.41915	3.40667</FloatingPoint>
					<FloatingPoint size="20">	0.47418	0.886081	0.755272	0.871141	0.352579	0.592896	0.87657	0.286094	0.550955	0.922277	0.238437	0.573805	0.941325	0.930341	0.796549	0.966113	0.473443	0.981375	0.923888	0.857771</FloatingPoint>
				</Individual>
			</HallOfFame>
			<Individual size="2">
				<FitnessMax value="3.63368"/>
				<FloatingPoint size="50">	2.33081	0.387862	2.39474	2.41813	3.59152	2.55873	0.580301	2.48861	1.37091	2.48222	3.85767	0.593651	2.26971	4.13772	4.5745	2.47821	1.51462	2.5514	4.79489	4.65525	3.20547	0.617918	2.57318	3.49912	3.56432	2.5796	1.64247	2.55975	4.49364	4.32818	2.51082	0.636944	2.44819	2.5603	2.58326	3.35475	0.436655	2.31796	4.48545	3.72829	2.5743	0.368251	2.47554	1.60893	2.59521	2.35584	1.53346	2.45793	4.45045	3.41885</FloatingPoint>
				<FloatingPoint size="20">	0.360803	0.938681	0.43294	0.931471	0.365693	0.563669	0.878896	0.212549	0.392896	0.951461	0.235022	0.29648	0.937115	0.928331	0.778087	0.97315	0.610541	0.931156	0.939963	0.830405</FloatingPoint>
			</Individual>
			<Individual size="2">
				<FitnessMax value="3.42667"/>
				<FloatingPoint size="50">	2.33965	0.388217	2.40002	2.43894	3.59233	2.5581	0.580352	2.47488	1.41093	2.3966	3.83524	0.615934	2.26002	4.14701	4.56835	2.32015	1.49276	2.5555	4.85665	4.65424	3.49946	0.51863	2.54977	3.50583	3.56184	2.57957	1.63039	6.88146	4.4935	4.33073	2.50905	0.637656	2.44423	2.56013	2.58233	3.3566	0.382984	2.31526	4.48889	3.69931	2.5895	0.383298	2.47563	1.64599	2.60199	2.36968	1.53184	2.45383	4.45012	3.35597</FloatingPoint>
				<FloatingPoint size="20">	0.36288	0.933084	0.479494	0.930986	0.728875	0.564505	0.878895	0.197544	0.404999	0.948824	0.235053	0.292517	0.937116	0.928331	0.768204	0.973205	0.597787	0.933397	0.940004	0.872954</FloatingPoint>
			</Individual>
			<Individual size="2">
				<FitnessMax value="3.63368"/>
				<FloatingPoint size="50">	2.33285	0.620865	2.42578	2.41979	3.59161	2.55903	0.580361	2.4943	1.39157	2.38292	3.85736	0.622591	2.44339	4.1325	4.60176	2.48804	1.51607	2.57295	4.74226	4.655	3.41324	0.52246	2.60406	3.50117	3.57406	2.57957	1.57169	2.57249	4.49347	4.32563	2.51857	0.635316	2.44381	2.56608	2.58643	3.35752	0.386957	2.31841	4.49325	3.73922	2.54924	0.380437	2.47562	1.64791	2.5946	2.36564	1.5331	2.4538	4.45029	3.33538</FloatingPoint>
				<FloatingPoint size="20">	0.360803	0.938681	0.43294	0.931471	0.365693	0.563669	0.878896	0.212549	0.392896	0.951461	0.235022	0.29648	0.937115	0.928331	0.778087	0.97315	0.610541	0.931156	0.939717	0.830405</FloatingPoint>
			</Individual>
			<Individual size="2">
				<FitnessMax value="3.63368"/>
				<FloatingPoint size="50">	2.33425	0.387937	2.40328	2.41839	3.59162	2.55838	0.580336	2.48956	1.37701	2.47694	3.85461	0.597324	2.28733	4.1395	4.57353	2.48124	1.51166	2.55488	4.79516	4.6551	3.25564	0.601067	2.56473	3.49914	3.56192	2.57961	1.64391	2.55709	4.49361	4.32852	2.50909	0.636973	2.44861	2.5603	2.58375	3.35457	0.416161	2.31735	4.48869	3.72762	2.58147	0.342593	2.475	1.6136	2.59811	2.35836	1.53295	2.45715	4.45044	3.40498</FloatingPoint>
				<FloatingPoint size="20">	0.561515	0.909364	0.388758	0.931864	0.604444	0.562887	0.878909	0.238949	0.454458	0.93317	0.235023	0.221502	0.937133	0.928332	0.489546	0.972999	0.537388	0.934194	0.931887	0.832885</FloatingPoint>
			</Individual>
			<Individual size="2">
				<FitnessMax value="3.63368"/>
				<FloatingPoint size="50">	2.33956	0.38833	2.44208	2.61256	3.59216	2.55718	0.580532	2.50068	1.41153	2.33974	3.84157	0.623728	2.374	4.1486	4.56648	2.49606	1.49539	2.53981	4.79728	4.65422	3.49938	0.518648	2.506	3.49926	3.55126	2.57957	1.64373	2.53801	4.49349	4.32659	2.50617	0.638023	2.44454	2.55989	2.58395	3.36173	0.401015	2.31518	4.48775	3.7209	2.60874	0.380635	2.47206	1.63048	2.60358	2.37134	1.53101	2.45371	4.45035	3.35466</FloatingPoint>
				<FloatingPoint size="20">	0.5181	0.906862	0.418092	0.931385	0.538392	0.568377	0.878888	0.190429	0.451104	0.933186	0.235021	0.570333	0.937082	0.92833	0.720633	0.973188	0.0275979	0.939008	0.942472	0.821449</FloatingPoint>
			</Individual>
			<Individual size="2">
				<FitnessMax value="3.2394"/>
				<FloatingPoint size="50">	2.33081	0.387862	2.39474	2.41813	3.59152	2.55873	0.580301	2.48861	1.37091	2.48222	3.85767	0.593651	2.26971	4.13772	4.5745	2.47821	1.51462	2.5514	4.79489	4.65525	3.20547	0.617918	2.57318	3.49912	3.56432	2.5796	1.64247	2.55975	4.49364	4.32818	2.51082	0.636944	2.44819	2.5603	2.58326	3.35475	0.436655	2.31796	4.48545	3.72829	2.5743	0.368251	2.47554	1.60893	2.59521	2.35584	1.53346	2.45793	4.45045	3.41885</FloatingPoint>
				<FloatingPoint size="20">	0.360803	0.938681	0.43294	0.931471	0.365693	0.563669	0.878896	0.212549	0.392896	0.951461	0.235022	0.29648	0.937115	0.928331	0.778087	0.97315	0.610541	0.931156	0.526598	0.830405</FloatingPoint>
			</Individual>
			<Individual size="2">
				<FitnessMax value="2.85246"/>
				<FloatingPoint size="50">	2.33504	0.388361	2.43411	2.41883	3.59217	2.55661	0.580485	2.5028	1.41213	2.35976	3.83734	0.609504	2.37284	4.14628	4.57913	2.49583	1.49781	2.5335	4.79628	4.65444	3.49102	0.518649	2.53468	3.49933	3.55504	2.57959	1.66406	2.57392	4.49344	4.32985	1.38727	0.636438	2.46	2.56115	2.58255	4.7865	0.312804	2.31601	4.48897	3.73544	2.59744	0.38146	2.47355	1.63703	2.59608	2.37167	1.53218	2.45362	4.45027	3.39543</FloatingPoint>
				<FloatingPoint size="20">	0.394171	0.907707	0.327931	0.930688	0.591829	0.567675	0.87892	0.232305	0.409157	0.933384	0.235022	0.241077	0.937142	0.928332	0.576663	0.973029	0.552621	0.934575	0.942138	0.830308</FloatingPoint>
			</Individual>
			<Individual size="2">
				<FitnessMax value="3.03481"/>
				<FloatingPoint size="50">	2.33081	0.387862	2.39474	2.41813	3.59152	2.55873	0.580301	2.48861	1.37091	2.48222	3.85767	0.593651	2.26971	4.13772	4.5745	2.47821	1.51462	2.5514	4.79489	4.65525	3.20547	0.51861	2.56791	3.49906	3.56255	2.5796	1.65066	2.56746	4.49364	4.32849	2.51504	0.636273	2.44341	2.56037	2.58339	3.35537	0.344409	2.31658	4.49443	3.73384	2.62124	0.36351	2.47205	1.60883	2.59533	2.36156	1.53401	2.45419	4.45078	3.41302</FloatingPoint>
				<FloatingPoint size="20">	0.387458	0.199838	0.843026	0.93185	0.570675	0.563478	0.878988	0.111709	0.471743	0.933596	0.235021	0.172307	0.937139	0.928331	0.705535	0.973188	0.537459	0.939012	0.942472	0.157787</FloatingPoint>
			</Individual>
			<Individual size="2">
				<FitnessMax value="3.63368"/>
				<FloatingPoint size="50">	2.33927	0.388361	2.43411	2.41945	3.5916	2.55897	0.580343	2.4801	1.39137	2.31422	3.84839	0.953985	2.4472	4.14306	4.59049	2.49386	1.5027	2.5651	4.80334	4.6547	3.43713	0.51923	2.60499	3.50283	3.57289	2.57954	1.57611	2.57019	4.49344	4.32821	2.51819	0.635715	2.45715	2.56838	2.58131	3.3562	0.378003	2.31662	4.49335	3.72921	2.54923	0.380621	2.47643	1.64903	2.59531	2.36954	1.52828	2.45358	4.45026	3.41816</FloatingPoint>
				<FloatingPoint size="20">	0.360803	0.938681	0.43294	0.931471	0.542879	0.563669	0.878896	0.212549	0.498582	0.951461	0.235022	0.124957	0.937115	0.928331	0.778087	0.97315	0.610541	0.931156	0.939717	0.830405</FloatingPoint>
			</Individual>
			<Individual size="2">
				<FitnessMax value="3.63368"/>
				<FloatingPoint size="50">	2.33965	0.388217	2.40002	2.43894	3.59233	2.5581	0.580352	2.47488	1.41093	2.3966	3.83524	0.615934	2.26002	4.14701	4.56835	2.32015	1.49276	2.5555	4.85665	4.65424	3.49946	0.51863	2.54977	3.50583	3.56184	2.57957	1.63039	2.56614	4.4935	4.33073	2.50905	0.637656	2.44423	2.56013	2.58233	3.3566	0.382984	2.31526	4.48889	3.69931	2.5895	0.383298	2.47563	1.64599	2.60199	2.36968	1.53184	2.45383	4.45012	3.35597</FloatingPoint>
				<FloatingPoint size="20">	0.375269	0.899697	0.757217	0.92809	0.746117	0.569495	0.878892	0.108033	0.477198	0.933089	0.235241	0.26887	0.937121	0.928331	0.709246	0.973536	0.521698	0.946769	0.940248	0.824267</FloatingPoint>
			</Individual>
			<Individual size="2">
				<FitnessMax value="3.63368"/>
				<FloatingPoint size="50">	2.04157	0.818752	2.46314	2.41639	3.59201	2.56007	0.580589	2.50577	1.41395	2.50386	3.85099	0.592126	2.12981	4.14918	4.69743	2.49816	1.49291	2.5726	4.75552	4.65428	3.49925	0.518313	2.6101	3.49913	3.58301	2.57954	1.53416	2.57817	4.49336	4.32546	2.52284	0.63465	2.4396	2.55919	2.59769	3.36299	0.322392	2.31653	4.49641	3.75556	2.61031	0.38575	2.47494	1.61051	2.59548	2.37131	1.5195	2.45311	4.45027	3.41127</FloatingPoint>
				<FloatingPoint size="20">	0.360803	0.938681	0.43294	0.931471	0.542879	0.563669	0.878896	0.212549	0.498582	0.951461	0.235022	0.124957	0.937115	0.928331	0.778087	0.97315	0.610541	0.931156	0.944262	0.824422</FloatingPoint>
			</Individual>
			<Individual size="2">
				<FitnessMax value="3.37138"/>
				<FloatingPoint size="50">	2.33927	0.388361	2.43411	2.41945	3.59217	2.55661	0.580492	2.5028	1.41213	2.3901	3.83734	0.609504	2.37237	4.1485	4.56961	2.49583	1.49771	2.5335	4.79628	4.65422	3.50026	0.518649	2.53468	3.49933	3.55504	2.5796	1.66406	2.57392	4.49344	4.33036	2.51084	0.636968	2.46107	2.56028	2.58255	3.3568	3.3567	2.31589	4.48897	3.73544	2.59744	0.38146	2.47197	1.63703	2.59608	2.37217	1.53218	2.45362	4.45028	3.34194</FloatingPoint>
				<FloatingPoint size="20">	0.387458	0.908722	0.416197	0.931429	0.583204	0.56403	0.878912	0.200217	0.447166	0.932707	0.235022	0.174594	0.937152	0.928332	0.760159	0.973007	0.532738	0.938922	0.917635	0.821467</FloatingPoint>
			</Individual>
			<Individual size="2">
				<FitnessMax value="3.63368"/>
				<FloatingPoint size="50">	2.33873	0.387876	2.39883	2.41947	3.59172	2.55748	0.580331	2.50001	1.42666	2.47602	3.89308	0.586833	2.31966	4.14357	4.60649	2.48535	1.50397	2.57088	4.78229	4.65503	3.49985	0.519154	2.52861	3.49926	3.53266	2.57953	1.67802	2.57977	4.49363	4.32919	2.51763	0.637059	2.4428	2.56031	2.57887	3.36335	0.460969	2.31722	4.49675	3.71616	2.60945	0.3826	2.47094	1.61112	2.58779	2.37209	1.51794	2.45319	4.45135	3.39929</FloatingPoint>
				<FloatingPoint size="20">	0.425426	0.899291	0.848471	0.932093	0.554483	0.563399	0.878901	0.0869683	0.49282	0.93266	0.235024	0.17053	0.937145	0.928331	0.850165	0.973219	0.578773	0.930783	0.940968	0.879686</FloatingPoint>
			</Individual>
			<Individual size="2">
				<FitnessMax value="3.63368"/>
				<FloatingPoint size="50">	2.33581	0.437844	2.3954	2.41845	3.59176	2.5566	0.580398	2.48375	1.3745	2.43979	3.85607	0.61408	2.30916	4.14516	4.63748	2.45457	1.4997	2.54183	4.78346	4.65463	3.42536	0.554158	2.59386	3.49907	3.56415	2.57962	1.65526	2.56064	4.62874	4.32932	2.53335	0.636511	2.45096	2.56056	2.59099	3.35396	0.360897	2.31449	4.48803	3.72347	2.61628	0.355422	2.47373	1.60953	2.61855	2.37024	1.53025	2.45365	4.45078	3.33629</FloatingPoint>
				<FloatingPoint size="20">	0.4235	0.929174	0.607049	0.931962	0.668555	0.56297	0.878906	0.168065	0.422899	0.933112	0.235022	0.407108	0.937165	0.928332	0.494479	0.973189	0.52659	0.931088	0.920556	0.83051</FloatingPoint>
			</Individual>
			<Individual size="2">
				<FitnessMax value="3.63183"/>
				<FloatingPoint size="50">	2.33965	0.388	2.4273	2.54917	3.59214	2.55841	0.580527	2.50604	1.41327	2.4964	3.84041	0.613234	1.01501	4.14417	4.57778	2.49072	1.50195	2.54699	4.79611	4.65453	3.49967	0.518712	2.58515	3.50256	3.54868	2.57955	1.61593	2.53849	4.49346	4.32881	2.50893	0.637172	2.44638	2.56084	2.58331	3.35843	0.344441	2.31504	4.4886	3.69394	2.59398	0.380636	2.47529	1.62544	2.49205	2.37001	1.53031	2.45371	4.45081	3.32479</FloatingPoint>
				<FloatingPoint size="20">	0.5181	0.906862	0.418092	0.931385	0.538392	0.568377	0.878888	0.190429	0.451104	0.933186	0.235021	0.570333	0.937082	0.92833	0.720633	0.973188	0.0275979	0.939008	0.942472	0.821449</FloatingPoint>
			</Individual>
			<Individual size="2">
				<FitnessMax value="3.63368"/>
				<FloatingPoint size="50">	2.33882	0.463452	2.40252	2.41845	3.59168	2.48607	0.580343	2.48971	1.35698	2.49735	3.85698	0.627378	2.28018	4.14004	4.58851	2.4365	1.50482	2.55475	4.79008	4.65511	3.32665	0.595085	2.5991	3.49902	3.56168	2.57967	1.63621	2.55926	4.4936	4.32819	2.51688	0.636988	2.44659	2.55936	2.58505	3.35487	0.420763	2.31787	4.48895	3.72764	2.58371	0.350923	2.47474	1.61355	2.59693	2.35883	1.53049	2.45645	4.45051	3.41343</FloatingPoint>
				<FloatingPoint size="20">	0.386075	0.965669	0.663432	0.931496	0.564123	0.563621	0.878908	0.248005	0.395513	0.932661	0.235024	0.306504	0.937095	0.928331	0.655294	0.97319	0.630187	0.939856	0.925231	0.831898</FloatingPoint>
			</Individual>
			<Individual size="2">
				<FitnessMax value="3.63368"/>
				<FloatingPoint size="50">	2.33965	0.387885	2.39474	2.41777	3.5916	2.55897	0.580343	2.4801	1.39137	2.31422	3.84839	0.829089	2.4472	4.14306	4.59049	2.49386	1.5027	2.5651	4.80334	4.6547	3.43713	0.51923	2.60499	3.50283	3.57289	2.57954	1.57611	2.57019	4.49344	4.32821	2.51819	0.635715	2.45715	2.56838	2.58131	3.3562	0.378003	2.31662	4.49335	3.72921	2.54923	0.380621	2.47643	1.64903	2.59531	2.36954	1.52828	2.45358	4.45026	3.41816</FloatingPoint>
				<FloatingPoint size="20">	0.408334	0.873029	0.442575	0.930644	0.556684	0.568982	0.8789	0.198795	0.412523	0.944201	0.235021	0.425257	0.937105	0.928328	0.439886	0.973052	0.371925	0.919274	0.939055	0.820129</FloatingPoint>
			</Individual>
			<Individual size="2">
				<FitnessMax value="3.63368"/>
				<FloatingPoint size="50">	2.33975	0.386942	2.39697	2.42395	3.59194	2.48343	0.580563	2.48399	1.33737	2.52156	3.80233	0.65134	2.27958	4.13595	4.67001	2.46719	1.52963	2.53499	4.86359	4.65821	3.50122	0.575364	2.56542	3.49928	3.5503	2.57955	1.58634	2.54363	4.4935	4.32613	2.51278	0.637207	2.44475	2.56063	2.58541	3.36002	0.385073	2.31593	4.49312	3.72553	2.60479	0.376818	2.47391	1.6516	2.59577	2.37005	1.57533	2.45252	4.45049	3.42617</FloatingPoint>
				<FloatingPoint size="20">	0.408334	0.906076	0.442575	0.930644	0.556684	0.568982	0.8789	0.198795	0.412523	0.933163	0.235021	0.425257	0.937105	0.928328	0.439886	0.973052	0.371925	0.919274	0.939055	0.820129</FloatingPoint>
			</Individual>
			<Individual size="2">
				<FitnessMax value="3.63368"/>
				<FloatingPoint size="50">	2.33081	0.387862	2.39474	2.41813	3.59152	2.55873	0.580301	2.48861	1.37091	2.48222	3.85767	0.593651	2.26971	4.13772	4.5745	2.47821	1.51462	2.5514	4.79489	4.65525	3.20547	0.617918	2.57318	3.49912	3.56432	2.5796	1.64247	2.55975	4.49364	4.32818	2.51082	0.636944	2.44819	2.5603	2.58326	3.35475	0.436655	2.31796	4.48881	3.72829	2.5743	0.368251	2.47554	1.60893	2.59521	2.35584	1.53346	2.45793	4.45045	3.41885</FloatingPoint>
				<FloatingPoint size="20">	0.360803	0.938681	0.43294	0.931471	0.365693	0.563669	0.878896	0.212549	0.392896	0.951461	0.235022	0.29648	0.937115	0.928331	0.778087	0.97315	0.610541	0.931156	0.939963	0.881115</FloatingPoint>
			</Individual>
			<Individual size="2">
				<FitnessMax value="2.98812"/>
				<FloatingPoint size="50">	2.33081	0.387862	2.39474	2.41813	3.59152	2.55873	0.580301	2.48861	1.37091	2.48222	3.85767	0.593651	2.26971	4.13772	4.5745	2.47821	1.51462	2.5514	4.79489	4.65525	3.20547	0.617918	2.57318	3.49912	3.56432	2.5796	1.64247	2.55975	4.49364	4.32818	2.51082	0.636944	2.44819	2.5603	2.58326	3.35475	0.436655	2.31796	4.48881	3.72829	2.5743	0.368251	2.47554	1.60893	2.59521	2.35584	1.53346	2.45793	4.45045	3.41885</FloatingPoint>
				<FloatingPoint size="20">	0.32826	0.922263	0.635541	0.931023	0.543108	0.565299	0.878898	0.200735	0.498771	0.941353	0.235021	0.168272	0.937137	0.609592	0.575896	0.973163	0.75971	0.938571	0.942282	0.835104</FloatingPoint>
			</Individual>
			<Individual size="2">
				<FitnessMax value="3.63368"/>
				<FloatingPoint size="50">	2.33956	0.387863	2.39604	2.41827	3.59152	2.55857	0.242008	2.48881	1.37106	2.48208	3.85666	0.593974	2.27111	4.13926	4.57437	2.47896	1.51308	2.55291	4.79513	4.6552	3.23077	0.613238	2.56793	3.49912	3.56314	2.5796	1.64258	2.55873	4.49363	4.32823	2.51065	0.636945	2.44831	2.5603	2.58363	3.35474	0.429672	2.31776	4.48874	3.72805	2.57541	0.352072	2.47535	1.61136	2.596	2.35629	1.53345	2.4577	4.45045	3.41801</FloatingPoint>
				<FloatingPoint size="20">	0.360803	0.938681	0.43294	0.931471	0.365693	0.563669	0.878896	0.212549	0.392896	0.951461	0.235022	0.29648	0.937115	0.928331	0.778087	0.97315	0.610541	0.931156	0.939963	0.881115</FloatingPoint>
			</Individual>
			<Individual size="2">
				<FitnessMax value="3.63368"/>
				<FloatingPoint size="50">	2.33927	0.388361	2.43411	2.41945	3.59217	2.55661	0.580492	2.5028	1.41213	2.3901	3.83734	0.609504	2.37237	4.1485	4.56961	2.49583	1.49771	2.5335	4.79628	4.65422	3.49938	0.518648	2.506	3.49926	3.55126	2.57957	1.64373	2.53801	4.49349	4.32659	2.50617	0.638023	2.44454	2.55989	2.58395	3.36173	0.401015	2.31518	4.48775	3.7209	2.60874	0.380635	2.47206	1.63048	2.60358	2.37134	1.53101	2.45371	4.45035	3.35466</FloatingPoint>
				<FloatingPoint size="20">	0.375272	0.908722	0.416197	0.931429	0.583204	0.56403	0.878913	0.470488	0.447166	0.932707	0.235022	0.174594	0.937152	0.928332	0.760159	0.973007	0.532738	0.938922	0.917635	0.821467</FloatingPoint>
			</Individual>
			<Individual size="2">
				<FitnessMax value="3.63183"/>
				<FloatingPoint size="50">	2.33961	0.387971	2.39485	2.4181	3.59171	2.55742	0.580364	2.4796	1.39136	2.35247	3.85094	0.710739	2.40057	4.14555	4.61609	2.49541	1.50024	2.5487	4.7924	4.65448	3.46876	0.518896	2.59554	3.50109	3.30661	2.57955	1.62805	2.56597	4.49344	4.32928	2.51381	0.635897	2.45565	2.56441	2.58378	3.50856	0.344753	2.31645	4.49362	3.73263	2.57271	0.374008	2.47531	1.62614	2.59634	2.37099	1.52986	2.4537	4.4503	3.40299</FloatingPoint>
				<FloatingPoint size="20">	0.394171	0.90632	0.521971	0.930368	0.576357	0.432779	0.876824	0.205455	0.485497	0.921721	0.23499	0.148844	0.937334	0.928332	0.772943	0.957729	0.60801	0.919643	0.94323	0.870454</FloatingPoint>
			</Individual>
			<Individual size="2">
				<FitnessMax value="3.63368"/>
				<FloatingPoint size="50">	2.3403	0.37365	2.44561	2.41975	3.59229	2.55661	0.58052	2.50847	1.42332	2.37533	3.83177	0.608143	2.39116	4.1495	4.54944	2.5081	1.49712	2.53102	4.80009	4.6541	3.52139	0.0532246	2.47989	3.49931	3.54742	2.57955	1.6403	2.53128	4.45328	4.32577	2.49809	0.638473	2.44263	2.55986	2.58298	3.36308	0.3786	2.31451	4.48662	3.71746	2.61304	0.378698	2.47145	1.6381	2.6057	2.37185	1.53128	2.4536	4.45033	3.34118</FloatingPoint>
				<FloatingPoint size="20">	0.151135	0.907734	0.966832	0.931378	0.568338	0.563012	0.878905	0.482834	0.4448	0.933192	0.235022	0.355323	0.937058	0.928332	0.491187	0.973023	0.0996023	0.934636	0.94223	0.822197</FloatingPoint>
			</Individual>
			<Individual size="2">
				<FitnessMax value="3.63368"/>
				<FloatingPoint size="50">	2.33965	0.388141	2.41589	2.53301	3.59194	2.55797	0.580469	2.49318	1.40402	2.32937	3.87935	0.719416	2.38631	4.14192	4.56544	2.47735	1.51519	2.55365	4.76715	4.65473	3.45822	0.520365	2.54622	3.49931	3.55226	2.57958	1.63132	2.55226	4.49349	4.32626	2.51222	0.636791	2.44402	2.56022	2.58414	3.36083	0.409468	2.31696	4.48964	3.72553	2.60385	0.377134	2.47329	1.63285	2.58477	2.36515	1.53244	2.45395	4.45035	3.34661</FloatingPoint>
				<FloatingPoint size="20">	0.387458	0.906862	0.238874	0.930661	0.550421	0.568376	0.878988	0.190433	0.367108	0.933596	0.235021	0.172307	0.937148	0.92833	0.441213	0.973188	0.561662	0.939012	0.942472	0.82145</FloatingPoint>
			</Individual>
			<Individual size="2">
				<FitnessMax value="3.22622"/>
				<FloatingPoint size="50">	2.33081	0.388225	2.4195	2.41948	3.59213	2.55783	0.580483	2.50793	1.4202	2.43624	3.83371	0.594552	2.33236	4.14534	4.57783	2.49361	1.50225	2.55117	4.79428	4.65451	3.50029	0.519051	2.54739	3.50238	2.87003	2.57954	1.65927	2.57496	4.49342	4.33044	2.51252	0.636912	2.45992	2.56031	2.57789	3.35523	1.62207	2.31563	4.4898	3.66723	2.54361	0.381246	2.47698	1.63253	2.47699	2.37105	1.53012	2.45361	4.45041	3.2962</FloatingPoint>
				<FloatingPoint size="20">	0.387458	0.908722	0.416197	0.931429	0.583204	0.56403	0.878912	0.200217	0.447166	0.932707	0.235022	0.174594	0.937152	0.928332	0.760159	0.973007	0.532738	0.938922	0.917635	0.821467</FloatingPoint>
			</Individual>
			<Individual size="2">
				<FitnessMax value="3.63368"/>
				<FloatingPoint size="50">	2.33081	0.387862	2.39474	2.41813	3.59152	2.55873	0.580301	2.48861	1.37091	2.08805	3.85767	0.593651	2.26971	4.13772	4.5745	2.47821	1.51462	2.5514	4.79489	4.65525	3.20547	0.617918	2.57318	3.49912	3.56432	2.5796	1.64247	2.55975	4.49364	4.32818	2.51082	0.636944	2.44819	2.5603	2.58326	3.35475	0.436655	2.31796	4.48545	3.72829	2.5743	0.368251	2.47554	1.60893	2.59521	2.35584	1.53346	2.45793	4.45045	3.41885</FloatingPoint>
				<FloatingPoint size="20">	0.29384	0.904675	0.195699	0.930804	0.568219	0.563327	0.8789	0.19945	0.411714	0.933232	0.235022	0.594414	0.937099	0.928332	0.656689	0.973095	0.610398	0.927516	0.93705	0.824021</FloatingPoint>
			</Individual>
			<Individual size="2">
				<FitnessMax value="3.22811"/>
				<FloatingPoint size="50">	2.19042	0.603556	2.44862	2.41792	3.5918	2.55952	0.580466	2.49293	1.40266	2.40904	3.84969	0.773056	2.2885	4.14612	4.64396	2.49601	1.4978	2.56885	4.77943	4.65449	3.46819	0.518771	2.60755	3.50098	3.57795	2.57954	1.55514	2.57418	4.4934	4.32683	2.52052	0.635183	2.44838	2.56378	2.5895	3.3596	0.350197	2.31657	3.09286	3.74239	2.57977	0.383186	2.47568	1.62977	2.5954	2.37042	1.52389	2.45336	4.45027	3.41471</FloatingPoint>
				<FloatingPoint size="20">	0.0798923	0.938681	0.43294	0.931471	0.542879	0.563669	0.878896	0.212549	0.498582	0.951461	0.235022	0.124957	0.937115	0.928331	0.778087	0.97315	0.610541	0.931156	0.944262	0.824422</FloatingPoint>
			</Individual>
			<Individual size="2">
				<FitnessMax value="3.63368"/>
				<FloatingPoint size="50">	2.33956	0.388057	2.39496	2.41842	3.59181	2.55586	0.580385	2.4791	1.39135	2.39073	3.85349	0.592388	2.35395	4.14803	4.6417	2.49696	1.49778	2.53229	4.78146	4.65426	3.50039	0.518562	2.58608	3.49934	3.56632	2.57956	1.68	2.56176	4.49344	4.33036	2.50943	0.636079	2.45415	2.56044	2.58625	3.66091	0.311502	2.31628	4.49388	3.73605	2.59619	0.367394	2.47418	1.60326	2.59738	2.37244	1.53144	2.45382	4.45034	3.38783</FloatingPoint>
				<FloatingPoint size="20">	0.427539	0.906841	0.434709	0.931391	0.577258	0.561954	0.878914	0.292773	0.0956679	0.932691	0.235022	0.176027	0.937151	0.928332	0.742121	0.973008	0.617039	0.935302	0.916641	0.833163</FloatingPoint>
			</Individual>
			<Individual size="2">
				<FitnessMax value="3.63368"/>
				<FloatingPoint size="50">	2.33081	0.387862	2.39474	2.41813	3.59152	2.55873	0.580301	2.48861	1.37091	2.48222	3.85767	0.593651	2.26971	4.13772	4.5745	2.47821	1.51462	2.5514	4.79489	4.65525	3.20547	0.617918	2.57318	3.49912	3.56432	2.5796	1.64247	2.55975	4.49364	4.32818	2.51082	0.636944	2.44819	2.5603	2.58326	3.35475	0.436655	2.31796	4.48545	3.72829	2.5743	0.368251	2.47554	1.60893	2.59521	2.35584	1.53346	2.45793	4.45045	3.41885</FloatingPoint>
				<FloatingPoint size="20">	0.400303	0.904646	0.405497	0.931354	0.559296	0.569627	0.878882	0.218334	0.437062	0.933188	0.235025	0.484385	0.937088	0.928331	0.664849	0.973413	0.431551	0.931147	0.940892	0.824972</FloatingPoint>
			</Individual>
			<Individual size="2">
				<FitnessMax value="3.63368"/>
				<FloatingPoint size="50">	2.33956	0.388057	2.92485	2.41842	3.59181	2.55586	0.580385	2.4791	1.39135	2.39073	3.85349	0.592388	2.35395	4.14803	4.6417	2.49696	1.49778	2.53229	4.78146	4.65426	3.50039	0.518562	2.58608	3.49934	3.56632	2.57956	1.68	2.56176	4.49344	4.33036	2.50943	0.636079	2.45415	2.56044	2.58625	3.35612	0.311502	2.31628	4.49388	3.73605	2.59619	0.367394	2.47418	1.60326	2.59738	2.37244	1.53144	2.45381	4.45034	3.38783</FloatingPoint>
				<FloatingPoint size="20">	0.360803	0.938681	0.488397	0.931953	0.653547	0.562742	0.878909	0.220968	0.477909	0.932359	0.235023	0.189648	0.937166	0.928332	0.486987	0.972965	0.453967	0.933115	0.898703	0.838825</FloatingPoint>
			</Individual>
			<Individual size="2">
				<FitnessMax value="3.42667"/>
				<FloatingPoint size="50">	2.33927	0.388361	2.43411	2.41945	3.59217	2.55661	0.580492	2.5028	1.41213	2.3901	3.83734	0.609504	2.37237	4.1485	4.56961	2.49583	1.49771	2.5335	4.79628	4.65422	3.50026	0.518649	2.53468	3.49933	3.55504	2.5796	0.295392	2.57392	4.49344	4.33036	2.51084	0.636968	2.46107	2.56028	2.58255	3.3568	0.312804	2.31589	4.48897	3.73544	2.59744	0.38146	2.47197	1.63703	2.59608	2.37217	1.53218	2.45362	4.45028	3.38159</FloatingPoint>
				<FloatingPoint size="20">	0.387458	0.909364	0.388758	0.931864	0.604444	0.562887	0.878909	0.238949	0.454458	0.93317	0.235023	0.221502	0.937133	0.928332	0.489546	0.972999	0.537388	0.934194	0.931887	0.832885</FloatingPoint>
			</Individual>
			<Individual size="2">
				<FitnessMax value="3.6388"/>
				<FloatingPoint size="50">	2.2942	0.380122	2.4054	2.46592	3.58811	2.50486	0.584929	2.51963	1.28621	2.52585	3.63357	2.31528	4.20408	4.26133	2.86609	2.49964	1.60424	2.60587	4.83265	4.63728	3.55503	0.527748	2.65324	3.47846	3.58079	2.58305	1.70181	2.40027	4.44978	4.32744	2.49051	0.635196	2.48179	2.5763	2.59887	3.34463	0.454458	2.36982	4.48437	3.73095	2.61504	0.388919	2.51019	1.72983	2.60737	2.37925	1.6502	2.46862	4.44265	3.43394</FloatingPoint>
				<FloatingPoint size="20">	0.151135	0.907734	0.612722	0.918235	0.59253	0.517332	0.87671	0.250592	0.539161	0.929913	0.234844	0.447781	0.944666	0.928591	0.821125	0.960189	0.651349	0.906806	0.93609	0.858739</FloatingPoint>
			</Individual>
			<Individual size="2">
				<FitnessMax value="3.63183"/>
				<FloatingPoint size="50">	2.33961	0.387971	2.39485	2.4181	3.59171	2.55742	0.580364	2.4796	1.39136	2.35247	3.85094	0.710739	2.40057	4.14555	4.61609	2.49541	1.50024	2.5487	4.7924	4.65448	3.46876	0.518896	2.59554	3.50109	3.30661	2.57955	1.62805	2.56597	4.49344	4.32928	2.51381	0.635897	2.45565	2.56441	2.58378	3.50856	0.344753	2.31645	4.49362	3.73263	2.57271	0.374008	2.47531	1.62614	2.59634	2.37099	1.52986	2.4537	4.4503	3.40299</FloatingPoint>
				<FloatingPoint size="20">	0.360803	0.938681	0.43294	0.925489	0.507002	0.300883	0.87671	0.212549	0.498582	0.919972	0.235022	0.0349046	0.937115	0.928331	0.819709	0.957535	0.610541	0.925767	0.950828	0.871339</FloatingPoint>
			</Individual>
			<Individual size="2">
				<FitnessMax value="3.63368"/>
				<FloatingPoint size="50">	2.33081	0.387862	2.39474	2.41813	3.59152	2.55873	0.580301	2.48861	1.37091	2.48222	3.85767	0.593651	2.26971	4.13772	4.5745	2.47821	1.51462	2.5514	4.79489	4.65525	3.20547	0.617918	2.57318	3.49912	3.56432	2.5796	1.64247	2.55975	4.49364	4.32818	2.51082	0.636944	2.44819	2.5603	2.58326	3.35475	0.436655	2.31796	4.48545	3.72829	2.5743	0.368251	2.47554	1.60893	2.59521	2.35584	1.53346	2.45793	4.45045	3.41885</FloatingPoint>
				<FloatingPoint size="20">	0.427539	0.965679	0.405497	0.931864	0.559296	0.562887	0.878882	0.238949	0.454458	0.933188	0.235025	0.221502	0.937133	0.928331	0.664849	0.972999	0.537388	0.934194	0.931887	0.832885</FloatingPoint>
			</Individual>
			<Individual size="2">
				<FitnessMax value="3.54792"/>
				<FloatingPoint size="50">	2.33081	0.388361	2.43411	2.41945	3.59217	2.55661	0.580492	2.5028	1.41213	2.50283	3.83734	0.609504	2.24683	4.14097	4.56961	2.49583	1.49771	2.5335	4.79628	4.65514	3.50026	0.518649	2.6005	3.49875	3.55504	2.57969	1.66406	2.57392	4.4935	4.32799	2.51084	0.637004	2.44636	2.56028	2.58797	3.35829	0.421209	2.31589	4.48897	3.72826	2.59744	0.381076	2.47197	1.60709	2.59608	2.37217	1.52888	2.45442	4.45052	3.34194</FloatingPoint>
				<FloatingPoint size="20">	0.358805	0.911314	0.416197	0.931953	0.583204	0.56403	0.942163	0.220968	0.477909	0.932707	0.235023	0.189648	0.937152	0.928332	0.486987	0.972965	0.453967	0.933115	0.917635	0.838825</FloatingPoint>
			</Individual>
			<Individual size="2">
				<FitnessMax value="3.62482"/>
				<FloatingPoint size="50">	2.3394	0.387862	2.39474	2.41813	3.59201	2.55628	0.580445	2.48861	1.37091	2.39037	3.84435	0.602072	2.36437	4.13772	4.60091	2.47821	1.51462	2.53298	4.78984	4.65525	3.20547	0.518611	2.57318	3.49933	3.55994	2.5796	1.64247	2.55975	4.49344	4.32818	2.51082	0.636582	2.44819	2.5603	2.58416	3.48885	0.436655	2.31606	4.4911	3.72829	2.5743	0.368251	2.47554	1.62237	2.59665	2.37229	1.53346	2.45793	4.45045	3.41885</FloatingPoint>
				<FloatingPoint size="20">	0.503945	0.912396	0.428479	0.931354	0.808689	0.567848	0.878891	0.214834	0.77282	0.935682	0.235023	0.14013	0.937062	0.928331	0.727208	0.973308	0.540493	0.944434	0.940375	0.827141</FloatingPoint>
			</Individual>
			<Individual size="2">
				<FitnessMax value="3.63368"/>
				<FloatingPoint size="50">	2.33956	0.38833	2.44209	2.61262	3.59216	2.55718	0.580532	2.50068	1.41153	2.33973	3.84157	0.623732	2.374	4.1486	4.56648	2.49606	1.49539	2.53981	4.79728	4.65422	3.49938	0.518648	2.50599	3.49926	3.55125	2.57957	1.64415	2.538	4.49349	4.32658	2.50617	0.638023	2.44454	2.55989	2.58395	3.36173	0.401042	2.31518	4.48775	3.72089	2.60874	0.380634	2.47206	1.63047	2.60358	2.37134	1.53101	2.45371	4.45035	3.35465</FloatingPoint>
				<FloatingPoint size="20">	0.5181	0.906862	0.418092	0.931385	0.538392	0.568377	0.878888	0.190429	0.451104	0.933186	0.235021	0.570333	0.937082	0.92833	0.720633	0.973188	0.0275979	0.939008	0.942472	0.821449</FloatingPoint>
			</Individual>
			<Individual size="2">
				<FitnessMax value="3.63368"/>
				<FloatingPoint size="50">	2.3394	0.388229	2.01479	2.41901	3.59201	2.55628	0.580445	2.49251	1.40311	2.39037	3.84435	0.602072	2.36437	4.1483	4.60091	2.49632	1.49774	2.53298	4.78984	4.65424	3.50032	0.518611	2.557	3.49933	3.55994	2.57958	1.67098	2.56864	4.49344	4.33036	2.51023	0.636582	2.45806	2.56035	2.58416	3.48885	0.312239	2.31606	4.4911	3.7357	2.5969	0.375352	2.47293	1.62237	2.59665	2.37229	1.53186	2.4537	4.45031	3.36186</FloatingPoint>
				<FloatingPoint size="20">	0.386075	0.904329	0.472399	0.931321	0.571939	0.560194	0.878938	0.322461	0.186417	0.932641	0.235022	0.189249	0.937122	0.928332	0.567937	0.97303	0.772475	0.934936	0.915771	0.833998</FloatingPoint>
			</Individual>
			<Individual size="2">
				<FitnessMax value="3.42667"/>
				<FloatingPoint size="50">	2.33933	0.388629	2.40095	2.41865	3.5918	2.5556	0.58053	2.47681	1.34587	2.39111	3.85143	0.597214	2.36879	4.14831	4.63192	2.49598	1.49758	2.53235	4.79409	4.65426	3.50022	0.518634	2.61345	3.49934	3.56481	2.5796	1.67854	2.56856	1.3259	4.33036	2.5094	0.636758	2.46151	2.56047	2.58349	3.68622	0.31254	2.31588	4.48818	3.73654	2.59565	0.367191	2.47577	1.59782	2.59743	2.3723	1.53155	2.45383	4.45027	3.39481</FloatingPoint>
				<FloatingPoint size="20">	0.386075	0.904329	0.472399	0.931321	0.571939	0.560194	0.878938	0.322461	0.186417	0.932641	0.235022	0.189249	0.937122	0.928332	0.567937	0.97303	0.772475	0.934936	0.915771	0.833998</FloatingPoint>
			</Individual>
			<Individual size="2">
				<FitnessMax value="3.63368"/>
				<FloatingPoint size="50">	2.33081	0.387862	2.39474	2.41813	3.59152	2.55873	0.580301	2.48861	1.37091	2.48222	3.85413	0.593651	2.26971	4.13772	4.5745	2.47821	1.51462	2.5514	4.79489	4.65525	3.20547	0.617918	2.57318	3.49912	3.56432	2.5796	1.64247	2.55975	4.49364	4.32818	2.51082	0.636944	2.44819	2.5603	2.58326	3.35475	0.436655	2.31796	4.48545	3.72829	2.5743	0.368251	2.47554	1.60893	2.59521	2.35584	1.53346	2.45793	4.45045	3.41885</FloatingPoint>
				<FloatingPoint size="20">	0.360803	0.938681	0.43294	0.931471	0.542879	0.563669	0.878896	0.212549	0.711105	0.951461	0.235022	0.124957	0.937115	0.928331	0.778087	0.97315	0.610541	0.931156	0.939717	0.830405</FloatingPoint>
			</Individual>
			<Individual size="2">
				<FitnessMax value="3.63368"/>
				<FloatingPoint size="50">	2.33081	0.387862	2.39474	2.41813	3.59152	2.55873	0.580301	2.48861	1.37091	2.48222	3.85767	0.593651	2.26971	4.13772	4.5745	2.47821	1.51462	2.5514	4.79489	4.65525	3.20547	0.617918	2.57318	3.49912	3.56432	2.5796	1.64247	2.55975	4.49364	4.32818	2.51082	0.636944	2.44819	2.5603	2.58326	3.35475	0.436655	2.31796	4.48881	3.72829	2.5743	0.368251	2.47554	1.60893	2.59521	2.35584	1.53346	2.45793	4.45045	3.41885</FloatingPoint>
				<FloatingPoint size="20">	0.408334	0.917584	0.40147	0.931771	0.447273	0.562991	0.878908	0.227511	0.440601	0.943517	0.235022	0.314135	0.937116	0.928332	0.598836	0.973111	0.549266	0.931295	0.915428	0.838801</FloatingPoint>
			</Individual>
			<Individual size="2">
				<FitnessMax value="3.63368"/>
				<FloatingPoint size="50">	2.33956	0.388057	2.39496	2.41842	3.59181	2.55586	0.580385	2.4791	1.39135	2.39073	3.85349	0.592388	2.35395	4.14803	4.6417	2.49696	1.49778	2.53229	4.78146	4.65426	3.50039	0.518562	2.58608	3.49934	3.56632	2.57956	1.68	2.56176	4.49344	4.33036	2.50943	0.636079	2.45415	2.56044	2.58625	3.66091	0.311502	2.31628	4.49388	3.73605	2.59619	0.367394	2.47418	1.60326	2.59738	2.37244	1.53144	2.45382	4.45034	3.38783</FloatingPoint>
				<FloatingPoint size="20">	0.386075	0.904329	0.472399	0.931321	0.571939	0.560194	0.878938	0.322461	0.186417	0.932641	0.235022	0.189249	0.937122	0.928332	0.567937	0.97303	0.772475	0.934936	0.915771	0.833998</FloatingPoint>
			</Individual>
			<Individual size="2">
				<FitnessMax value="3.63183"/>
				<FloatingPoint size="50">	2.35069	0.38468	2.39416	2.43642	3.59164	2.45269	0.580791	2.47828	1.3623	2.75255	3.56227	0.602061	2.4284	4.1465	4.78682	2.4938	1.56834	2.48303	4.90137	4.65985	3.50112	0.520128	2.45444	3.49905	3.54724	2.57966	1.62192	2.56802	4.49399	4.31837	2.5153	0.635331	2.43981	2.56025	2.58169	3.36041	0.337017	2.31629	4.49514	3.73404	2.60512	0.382332	2.47254	1.60845	2.59668	2.38454	1.52296	2.45211	4.45032	3.43955</FloatingPoint>
				<FloatingPoint size="20">	0.151135	0.911314	0.488397	0.931953	0.653547	0.480255	0.878905	0.220968	0.492731	0.933238	0.235022	0.355323	0.937058	0.928332	0.677521	0.973064	0.353469	0.934636	0.938304	0.822197</FloatingPoint>
			</Individual>
			<Individual size="2">
				<FitnessMax value="3.4384"/>
				<FloatingPoint size="50">	2.32059	0.818752	2.46314	2.41639	3.59201	2.56007	0.580589	2.50577	1.41395	2.50386	3.85099	0.592126	2.12981	4.14918	4.69743	2.49816	1.49291	2.5726	4.75552	4.65428	3.49925	0.518313	2.6101	3.49913	3.58301	2.57954	1.53416	2.57817	4.49336	4.32546	2.52284	0.63465	2.4396	2.55919	2.59769	3.36299	0.322392	2.31653	5.61246	3.75556	2.61031	0.38575	2.47494	1.61051	2.59548	2.37131	1.5195	2.45311	4.45027	3.41127</FloatingPoint>
				<FloatingPoint size="20">	0.427539	0.902937	0.431813	0.931376	0.552896	0.568116	0.878897	0.301197	0.447432	0.932845	0.235022	0.448963	0.93708	0.92833	0.695539	0.973183	0.699789	0.938192	0.932127	0.823315</FloatingPoint>
			</Individual>
			<Individual size="2">
				<FitnessMax value="3.37138"/>
				<FloatingPoint size="50">	2.33927	0.388361	2.43411	2.41945	3.5916	2.55897	0.580343	2.4801	1.39137	2.31422	3.84839	0.953985	2.4472	4.14306	4.59049	2.49386	1.5027	2.5651	4.80334	4.6547	3.43713	0.51923	2.60499	3.50283	3.57289	2.57954	1.57611	2.57019	4.49344	4.32821	2.51819	0.635715	2.45715	2.56838	2.58131	3.3562	0.378003	2.31662	1.68931	3.72921	2.54923	0.380621	2.47643	1.64903	2.59531	2.36954	1.52828	2.45362	4.45026	3.41816</FloatingPoint>
				<FloatingPoint size="20">	0.360803	0.938681	0.43294	0.931471	0.542879	0.563669	0.878896	0.212549	0.498582	0.951461	0.235022	0.124957	0.937115	0.928331	0.778087	0.97315	0.610541	0.931156	0.939717	0.830405</FloatingPoint>
			</Individual>
			<Individual size="2">
				<FitnessMax value="3.37138"/>
				<FloatingPoint size="50">	2.33927	0.388361	2.43411	2.41945	3.5916	2.55897	0.580343	2.4801	1.39137	2.31422	3.84839	0.953985	2.4472	4.14306	4.59049	2.49386	1.5027	2.5651	4.80334	4.6547	3.43713	0.51923	2.60499	3.50283	3.57289	2.57954	1.57611	2.57019	4.49344	4.32821	2.51819	0.635715	2.45715	2.56838	2.58131	3.3562	0.378003	2.31662	1.68931	3.72921	2.54923	0.380621	2.47643	1.64903	2.59531	2.36954	1.52828	2.45362	4.45026	3.41816</FloatingPoint>
				<FloatingPoint size="20">	0.360803	0.938681	0.20135	0.931471	0.542879	0.563669	0.878896	0.212549	0.498582	0.951461	0.235022	0.124957	0.937115	0.928331	0.778087	0.97315	0.610541	0.931156	0.939717	0.830405</FloatingPoint>
			</Individual>
			<Individual size="2">
				<FitnessMax value="3.53551"/>
				<FloatingPoint size="50">	2.33873	0.39414	2.41056	2.41937	3.59167	2.55869	0.580376	2.4892	1.39146	2.31863	3.91564	0.80889	2.34861	4.13388	4.67256	2.46994	1.5489	2.57151	4.75628	4.65503	3.46284	0.520959	2.58836	3.49933	3.54417	2.57958	1.59489	2.57382	4.49352	4.32713	2.52026	0.635466	2.44206	2.56059	2.58444	3.36214	0.419677	2.31762	4.49237	3.73144	2.59829	0.38145	2.47465	1.62355	2.58477	2.36739	1.52209	2.45415	4.45122	3.39314</FloatingPoint>
				<FloatingPoint size="20">	0.777746	0.900399	0.517177	0.931936	0.557394	0.565909	0.878897	0.161859	0.44949	0.932735	0.235024	0.282998	0.937104	0.928331	0.732288	0.973316	0.557993	0.940215	0.941414	0.253963</FloatingPoint>
			</Individual>
			<Individual size="2">
				<FitnessMax value="3.63368"/>
				<FloatingPoint size="50">	2.33956	0.388057	2.39496	2.41842	3.59181	2.55586	0.580385	2.4791	1.39135	2.39073	3.85349	0.592388	2.35395	4.14803	4.6417	2.49696	1.49778	2.53229	4.78146	4.65426	3.50039	0.518562	2.58608	3.49934	3.56632	2.57956	1.68	2.56176	4.49344	4.33036	2.50943	0.636079	2.45415	2.56044	2.58625	3.66091	0.311502	2.31628	4.49388	3.73605	2.59619	0.367394	2.47418	1.60326	2.59738	2.37244	1.53144	2.46433	4.45034	3.38783</FloatingPoint>
				<FloatingPoint size="20">	0.378686	0.907683	0.475924	0.931664	0.714491	0.56211	0.87891	0.259845	0.338425	0.93253	0.235021	0.306688	0.937132	0.928332	0.335618	0.97302	0.55756	0.939979	0.909567	0.832541</FloatingPoint>
			</Individual>
			<Individual size="2">
				<FitnessMax value="3.63368"/>
				<FloatingPoint size="50">	2.33081	0.387862	2.39474	2.41813	3.59152	2.55873	0.580301	2.48861	1.37091	2.48222	3.85767	0.593651	2.26971	4.13772	4.5745	2.47821	1.51462	2.5514	4.79489	4.65525	3.20547	0.617918	2.57318	3.49912	3.56432	2.5796	1.64247	2.55975	4.49364	4.32818	2.51082	0.636944	2.44819	2.5603	2.58326	3.35475	0.436655	2.31796	4.48545	3.72829	2.5743	0.368251	2.47554	1.60893	2.59521	2.35584	1.53346	2.45793	4.45045	3.41885</FloatingPoint>
				<FloatingPoint size="20">	0.427539	0.901619	0.405497	0.931354	0.559296	0.569627	0.878882	0.218334	0.437062	0.933188	0.235025	0.371268	0.937052	0.928331	0.664849	0.973413	0.557692	0.94019	0.940892	0.823551</FloatingPoint>
			</Individual>
			<Individual size="2">
				<FitnessMax value="3.13204"/>
				<FloatingPoint size="50">	2.33927	0.39414	2.41056	2.41937	3.59167	2.55869	0.580376	2.4892	1.39146	2.31863	3.91564	0.80889	2.34861	4.13388	4.67256	6.1838	1.50455	2.57151	4.75628	4.65503	3.46284	0.520959	2.58836	3.49933	3.54417	2.57958	1.59489	2.57382	4.49352	4.32713	2.52026	0.635466	2.44206	2.56059	2.58444	3.36214	0.419677	2.31762	4.49237	3.73144	2.59829	0.38145	2.47465	1.62355	2.58477	2.36739	1.52209	2.45415	4.45122	3.39314</FloatingPoint>
				<FloatingPoint size="20">	0.406442	0.903076	0.543672	0.931377	0.552452	0.565888	0.878945	0.138701	0.329633	0.933128	0.235022	0.171419	0.937146	0.92833	0.645689	0.973204	0.570218	0.934898	0.94172	0.850568</FloatingPoint>
			</Individual>
			<Individual size="2">
				<FitnessMax value="3.63368"/>
				<FloatingPoint size="50">	2.33956	0.387856	2.39769	2.41984	3.59207	2.55978	0.580465	2.5093	1.42239	2.49674	3.83129	0.588398	2.29469	4.14404	4.60471	2.49	1.50319	2.571	4.78799	4.65486	3.50037	0.519141	2.60562	3.5026	3.54864	2.57953	1.59028	2.57959	4.49342	4.33081	2.51457	0.636906	2.44675	2.56084	2.57691	3.35331	0.294327	2.31438	4.49145	3.64804	2.52462	0.380646	2.48177	1.61934	2.47346	2.36778	1.52893	2.45357	4.45089	3.28973</FloatingPoint>
				<FloatingPoint size="20">	0.311364	0.904154	0.260604	0.930813	0.563943	0.567999	0.878964	0.250191	0.375496	0.932946	0.235021	0.314632	0.937123	0.92833	0.588658	0.973162	0.741867	0.938231	0.932439	0.822386</FloatingPoint>
			</Individual>
			<Individual size="2">
				<FitnessMax value="3.62937"/>
				<FloatingPoint size="50">	2.33967	0.40039	2.4205	2.41867	3.59166	2.55879	0.580361	2.48238	1.38351	2.37458	3.85561	0.689526	2.42977	4.14514	4.60822	2.46891	1.50193	2.54685	4.79783	4.6547	3.43131	0.530057	2.59483	3.5009	3.57254	2.57959	1.61739	2.56464	4.51858	4.32894	2.52548	0.635859	2.45653	2.56157	2.58512	3.3546	0.361798	2.31602	4.23312	3.72684	2.56251	0.376817	2.47591	1.61237	2.61475	2.36967	1.52914	2.45364	4.45047	3.34934</FloatingPoint>
				<FloatingPoint size="20">	0.4235	0.929174	0.607049	0.931962	0.668555	0.56297	0.878906	0.168065	0.422899	0.933112	0.235022	0.407108	0.393238	0.928332	0.494479	0.973189	0.52659	0.931088	0.920556	0.83051</FloatingPoint>
			</Individual>
			<Individual size="2">
				<FitnessMax value="3.63368"/>
				<FloatingPoint size="50">	2.33956	0.388057	2.39496	2.41842	3.59181	2.55586	0.580385	2.4791	1.39135	2.39073	3.85349	0.592388	2.35395	4.14803	4.6417	2.49696	1.49778	2.53229	4.78146	4.65426	3.50039	0.518562	2.58608	3.49934	3.56632	2.57956	1.68	2.56176	4.49344	4.33036	2.50943	0.636079	2.45415	2.56044	2.58625	3.35612	0.311502	2.31628	4.49388	3.73605	2.59619	0.367394	2.47418	1.60326	2.59738	2.37244	1.53144	2.45381	4.45034	3.38783</FloatingPoint>
				<FloatingPoint size="20">	0.359966	0.910494	0.507363	0.93168	0.660079	0.563219	0.878908	0.213	0.477859	0.93241	0.235038	0.195238	0.937162	0.928332	0.00517855	0.973006	0.458746	0.934079	0.901634	0.837798</FloatingPoint>
			</Individual>
			<Individual size="2">
				<FitnessMax value="3.02316"/>
				<FloatingPoint size="50">	2.33942	0.388209	2.41454	2.41894	3.59199	2.55623	0.580438	2.49095	1.40174	4.11754	3.84541	0.600946	2.36316	4.14826	4.60565	2.49639	1.49775	2.5329	4.78887	4.65424	3.49989	0.518605	2.54604	3.4993	3.55879	2.57956	1.66186	2.54988	4.49347	4.32847	2.5078	0.637051	2.44935	2.56016	2.5851	3.51132	0.356258	2.31573	4.49082	3.72847	2.60247	0.374014	2.47312	1.61687	2.60048	2.37189	1.53122	2.45902	4.45035	3.37125</FloatingPoint>
				<FloatingPoint size="20">	0.387458	0.908722	0.416197	0.931429	0.583204	0.56403	0.878913	0.200217	0.447166	0.932707	0.235022	0.174594	0.937152	0.928332	0.760159	0.973007	0.532738	0.938922	0.917635	0.661535</FloatingPoint>
			</Individual>
			<Individual size="2">
				<FitnessMax value="3.63368"/>
				<FloatingPoint size="50">	2.33927	0.388361	2.43411	2.41945	3.59217	2.55661	0.580492	2.5028	1.41213	2.3901	3.83734	0.609504	2.37237	4.1485	4.56961	2.49583	1.49771	2.5335	4.79628	4.65422	3.50026	0.518649	2.53468	3.49933	3.55504	2.5796	1.66406	2.57392	4.49344	4.33036	2.51084	0.636968	2.46107	2.56028	2.58255	3.3568	0.312804	2.31589	4.48897	3.73544	2.59744	0.38146	2.47197	1.63703	2.59608	2.37217	1.53218	2.45362	4.45028	3.34194</FloatingPoint>
				<FloatingPoint size="20">	0.561515	0.909364	0.388758	0.931864	0.604444	0.562887	0.878909	0.238949	0.454458	0.93317	0.235023	0.221502	0.937133	0.928332	0.489546	0.972999	0.537388	0.934194	0.931887	0.832885</FloatingPoint>
			</Individual>
			<Individual size="2">
				<FitnessMax value="3.63368"/>
				<FloatingPoint size="50">	2.33081	0.387862	2.39474	2.41813	3.59152	2.55873	0.580301	2.48861	1.37091	2.48222	3.85767	0.593651	2.26971	4.13772	4.5745	2.47821	1.51462	2.5514	4.79489	4.65525	3.20547	0.617918	2.57318	3.49912	3.56432	2.5796	1.64247	2.55975	4.49364	4.32818	2.51082	0.636944	2.44819	2.5603	2.58326	3.35475	0.436655	2.31796	4.48545	3.72829	2.5743	0.368251	2.47554	1.60893	2.59521	2.35584	1.53346	2.45793	4.45045	3.41885</FloatingPoint>
				<FloatingPoint size="20">	0.503945	0.912396	0.428479	0.931354	0.808689	0.567848	0.878891	0.214834	0.446472	0.935682	0.235023	0.14013	0.937062	0.928331	0.727208	0.973308	0.540493	0.944434	0.940375	0.827141</FloatingPoint>
			</Individual>
			<Individual size="2">
				<FitnessMax value="3.63368"/>
				<FloatingPoint size="50">	2.33927	0.388361	2.43411	2.41945	3.59217	2.55661	0.580492	2.5028	1.41213	2.3901	3.83734	0.609504	2.37237	4.1485	4.56961	2.49583	1.49771	2.5335	4.79628	4.65422	3.50026	0.518649	2.53468	3.49933	3.55504	2.5796	1.66406	2.57392	4.49344	4.33036	2.51084	0.636968	2.46107	2.56028	2.58255	3.3568	0.312804	2.31589	4.48897	3.73544	2.59744	0.38146	2.47197	1.63703	2.59608	2.37217	1.53218	2.45362	4.45028	3.38159</FloatingPoint>
				<FloatingPoint size="20">	0.561515	0.909364	0.388758	0.931864	0.604444	0.562887	0.878909	0.238949	0.454458	0.93317	0.235023	0.221502	0.937133	0.928332	0.489546	0.972999	0.537388	0.934194	0.931887	0.832885</FloatingPoint>
			</Individual>
			<Individual size="2">
				<FitnessMax value="3.12961"/>
				<FloatingPoint size="50">	2.33927	0.388361	2.43411	2.41908	1.55257	2.55661	0.580492	2.5028	1.41213	2.3901	3.83734	0.609504	2.37237	4.1485	4.56961	2.49583	1.49771	2.5335	4.79628	4.65422	3.50026	0.518649	2.53468	3.49933	3.55504	2.5796	1.66406	2.57392	4.49344	4.33036	2.51084	0.636968	2.46107	2.56028	2.58255	3.3568	0.312804	2.31589	4.48897	3.73544	2.59744	0.38146	2.47197	1.63703	2.59608	2.37217	1.53218	2.45362	4.45028	3.38159</FloatingPoint>
				<FloatingPoint size="20">	0.561515	0.909364	0.388758	0.931864	0.604444	0.562887	0.878909	0.238949	0.454458	0.93317	0.235023	0.221502	0.937133	0.928332	0.489546	0.972999	0.537388	0.934194	0.931887	0.832885</FloatingPoint>
			</Individual>
			<Individual size="2">
				<FitnessMax value="3.63368"/>
				<FloatingPoint size="50">	2.33285	0.620865	2.42578	2.41979	3.59161	2.55903	0.580446	2.4943	1.39157	2.38292	3.85736	0.622591	2.44339	4.1325	4.60176	2.48804	1.51607	2.57295	4.74226	4.655	3.41324	0.52246	2.60406	3.50117	3.57406	2.57957	1.57169	2.57249	4.49347	4.32563	2.51857	0.635316	2.44381	2.56608	2.58643	3.35752	0.386957	2.31841	4.49325	3.73922	2.54924	0.380437	2.47562	1.64791	2.5946	2.36564	1.5331	2.4538	4.45029	3.33538</FloatingPoint>
				<FloatingPoint size="20">	0.311364	0.904154	0.260604	0.930813	0.563943	0.567999	0.878964	0.250191	0.375496	0.932946	0.235021	0.314632	0.937123	0.92833	0.588658	0.973162	0.741867	0.938231	0.932439	0.822386</FloatingPoint>
			</Individual>
			<Individual size="2">
				<FitnessMax value="3.63368"/>
				<FloatingPoint size="50">	2.33081	0.387862	2.39474	2.41813	3.59152	2.55873	0.580301	2.48861	1.37091	2.48222	3.85767	0.593651	2.26971	4.13772	4.5745	2.47821	1.51462	2.5514	4.79489	4.65525	3.20547	0.51861	2.56791	3.49906	3.56255	2.5796	1.65066	2.56746	4.49364	4.32849	2.51504	0.636273	2.44341	2.56037	2.58339	3.35537	0.344409	2.31658	4.49443	3.73384	2.62124	0.36351	2.47205	1.60883	2.59533	2.36156	1.53401	2.45419	4.45078	3.41302</FloatingPoint>
				<FloatingPoint size="20">	0.360803	0.817717	0.843026	0.93185	0.570675	0.563478	0.8789	0.111709	0.471743	0.932832	0.235024	0.192303	0.937139	0.928331	0.705535	0.973204	0.537459	0.930588	0.940925	0.824326</FloatingPoint>
			</Individual>
			<Individual size="2">
				<FitnessMax value="2.86561"/>
				<FloatingPoint size="50">	2.33965	0.387869	2.39784	2.41941	3.59161	2.55849	0.580305	2.48863	1.38433	2.48196	3.86965	0.589971	2.28066	4.13816	4.60557	2.4851	1.50508	2.56536	4.78644	4.65524	3.48021	0.563952	2.5404	3.49918	3.54512	2.57958	1.6716	2.57014	4.49363	4.32835	2.51646	0.63697	2.44657	2.5603	2.57966	3.35604	0.446199	2.31745	4.48717	3.72384	2.58373	0.375283	2.47137	1.61	2.59199	2.35689	1.52496	2.45636	4.45115	3.41459</FloatingPoint>
				<FloatingPoint size="20">	0.427539	0.965679	0.405497	0.931864	0.559296	0.562887	0.878882	0.238949	0.454458	0.933188	0.235025	0.221502	0.937133	0.928331	0.664849	0.972999	0.537388	0.12364	0.931887	0.832885</FloatingPoint>
			</Individual>
			<Individual size="2">
				<FitnessMax value="3.63368"/>
				<FloatingPoint size="50">	2.33956	0.387863	2.39604	2.41827	3.59152	2.55857	0.242008	2.48881	1.37106	2.48208	3.85666	0.593974	2.27111	4.13926	4.57437	2.47896	1.52626	2.53865	4.84963	4.6576	3.44609	0.583083	2.56593	3.49924	3.55292	2.57956	1.5978	2.54671	4.49353	4.32656	2.51234	0.637153	2.44547	2.56056	2.58504	3.35895	0.394164	2.3163	4.49223	3.72605	2.5988	0.371774	2.4742	1.64339	2.59582	2.36725	1.56679	2.77756	4.45048	3.42451</FloatingPoint>
				<FloatingPoint size="20">	0.360803	0.938681	0.43294	0.931471	0.648709	0.563669	0.878896	0.212549	0.392896	0.951461	0.235022	0.29648	0.937115	0.928331	0.778087	0.97315	0.610541	0.931156	0.939963	0.881115</FloatingPoint>
			</Individual>
			<Individual size="2">
				<FitnessMax value="3.63368"/>
				<FloatingPoint size="50">	2.33956	0.387863	2.39604	2.41827	3.59152	2.55857	0.242008	2.48881	1.37106	2.48208	3.85666	0.593974	2.27111	4.13926	4.57437	2.47896	1.52626	2.53865	4.84963	4.6576	3.44609	0.583083	2.56593	3.49924	3.55292	2.57956	1.5978	2.54671	4.49353	4.32656	2.51234	0.637153	2.44547	2.56056	2.58504	3.35895	0.394164	2.3163	4.49223	3.72605	2.5988	0.371774	2.4742	1.64339	2.59582	2.36725	1.56679	2.45357	4.45048	3.42451</FloatingPoint>
				<FloatingPoint size="20">	0.360803	0.938681	0.43294	0.931471	0.725985	0.563669	0.878896	0.212549	0.392896	0.951461	0.235022	0.29648	0.937115	0.928331	0.778087	0.97315	0.610541	0.931156	0.939963	0.881115</FloatingPoint>
			</Individual>
			<Individual size="2">
				<FitnessMax value="3.63368"/>
				<FloatingPoint size="50">	2.33956	0.388057	2.39496	2.41842	3.59181	2.55586	0.580385	2.4791	1.39135	2.60748	3.85349	0.592388	2.35395	4.14803	4.6417	2.49696	1.49778	2.53229	4.78146	4.65426	3.50039	0.518562	2.58608	3.49934	3.56632	2.57956	1.68	2.56176	4.49344	4.33036	2.50943	0.636079	2.45415	2.56044	2.58625	3.66091	0.311502	2.31628	4.49388	3.73605	2.59619	0.367394	2.47418	1.60326	2.59738	2.37244	1.53144	2.45382	4.45034	3.38783</FloatingPoint>
				<FloatingPoint size="20">	0.492638	0.906796	0.461521	0.931366	0.561467	0.567174	0.878927	0.209217	0.223346	0.932914	0.235021	0.307517	0.937089	0.928331	0.707635	0.973067	0.188819	0.938988	0.923809	0.821794</FloatingPoint>
			</Individual>
			<Individual size="2">
				<FitnessMax value="3.63233"/>
				<FloatingPoint size="50">	2.33896	0.478476	2.43617	2.49374	3.59195	2.55811	0.580442	2.50839	1.40324	2.48434	3.839	0.60608	2.33396	4.14472	4.62476	2.49304	1.50216	2.56447	4.79333	4.65479	3.50022	0.518564	2.57761	3.50225	3.56682	2.57953	1.59024	2.57597	4.49346	4.32927	2.51452	0.636885	2.44715	2.56308	2.57971	3.35582	0.360764	2.3149	4.49081	3.71869	2.5347	0.380643	2.47943	1.63004	2.49681	2.36814	1.52903	2.45364	4.45088	3.34281</FloatingPoint>
				<FloatingPoint size="20">	0.360803	0.938681	0.43294	0.768898	0.365693	0.621937	0.878896	0.212549	0.392896	0.951461	0.235022	0.29648	0.937115	0.928331	0.778087	0.97315	0.610541	0.931156	0.939717	0.830405</FloatingPoint>
			</Individual>
			<Individual size="2">
				<FitnessMax value="3.32752"/>
				<FloatingPoint size="50">	2.33977	0.388136	2.42449	2.43731	3.59285	2.55919	0.580492	2.4902	1.3899	2.349	3.82317	4.61736	2.59608	4.14217	4.59197	2.44946	1.49853	2.56675	4.78645	4.65504	3.44977	0.532659	3.73256	3.50007	3.55951	2.57953	1.68469	2.54774	4.4935	4.32832	2.50961	0.637846	2.44432	2.56034	2.58366	3.35749	0.35777	2.31521	4.48871	3.7225	2.60377	0.368571	2.47234	1.63018	2.59846	2.36112	1.53323	2.45417	4.44974	3.40694</FloatingPoint>
				<FloatingPoint size="20">	0.371368	0.903037	0.445826	0.931849	0.790773	0.564706	0.878893	0.210634	0.459521	0.933163	0.235021	0.465563	0.937061	0.928331	0.635793	0.973654	0.44363	0.960072	0.942954	0.824414</FloatingPoint>
			</Individual>
			<Individual size="2">
				<FitnessMax value="3.63368"/>
				<FloatingPoint size="50">	2.33965	0.387885	2.39474	2.41777	3.5916	2.55897	0.580343	2.4801	1.39137	2.31422	3.84839	0.829089	2.4472	4.14306	4.59049	2.49386	1.5027	2.5651	4.80334	4.6547	3.43713	0.51923	2.60499	3.50283	3.57289	2.57954	1.57611	2.57019	4.49344	4.32821	2.51819	0.635715	2.45715	2.56838	2.58131	3.3562	0.378003	2.31662	4.49335	3.72921	2.54923	0.380621	2.47643	1.64903	2.59531	2.36954	1.52828	2.45358	4.45026	3.41816</FloatingPoint>
				<FloatingPoint size="20">	0.360803	0.938681	0.43294	0.931471	0.542879	0.563669	0.878896	0.212549	0.498582	0.951461	0.235022	0.124957	0.937115	0.928331	0.778087	0.97315	0.610541	0.931156	0.939717	0.830405</FloatingPoint>
			</Individual>
			<Individual size="2">
				<FitnessMax value="3.63368"/>
				<FloatingPoint size="50">	2.33956	0.388057	2.39496	2.41842	3.59181	2.55586	0.580385	2.4791	1.39135	2.39073	3.85349	0.592388	2.35395	4.14803	4.6417	2.49696	1.49778	2.53229	4.78146	4.65426	3.50039	0.518562	2.58608	3.49934	3.56632	2.57956	1.68	2.56176	4.49344	4.33036	2.50943	0.636079	2.45415	2.56044	2.58625	3.35612	0.311502	2.31628	4.49388	3.73605	2.59619	0.367394	2.47418	1.60326	2.59738	2.37244	1.53144	2.45381	4.45034	3.38783</FloatingPoint>
				<FloatingPoint size="20">	0.397933	0.982191	0.848471	0.932093	0.554483	0.563399	0.878901	0.0869683	0.49282	0.93266	0.235024	0.17053	0.937145	0.928331	0.850165	0.973219	0.578773	0.942297	0.941469	0.85656</FloatingPoint>
			</Individual>
			<Individual size="2">
				<FitnessMax value="3.63336"/>
				<FloatingPoint size="50">	2.33477	0.391001	2.40265	2.41875	3.59159	2.55871	0.580338	2.4889	1.38119	2.40042	3.88666	0.70127	2.30916	4.1358	4.62353	2.47408	1.53176	2.56145	4.77559	4.65514	3.33416	0.569438	2.58077	3.49922	3.55425	2.57959	1.61868	2.56678	4.49358	4.32765	2.51554	0.636205	2.44513	2.56044	2.58385	3.35844	0.428166	2.31779	4.48891	3.72987	2.58629	0.37485	2.4751	1.61624	2.58999	2.36162	1.52778	2.45604	4.45084	3.40599</FloatingPoint>
				<FloatingPoint size="20">	0.777746	0.900399	0.517177	0.931936	0.557394	0.565909	0.878897	0.161859	0.44949	0.932735	0.235024	0.282998	0.937104	0.928331	0.732288	0.973316	0.557993	0.940215	0.941414	0.808546</FloatingPoint>
			</Individual>
			<Individual size="2">
				<FitnessMax value="3.47037"/>
				<FloatingPoint size="50">	2.33956	0.388057	2.39496	2.41842	3.59181	2.55586	0.580385	2.4791	1.39135	2.39073	4.37291	0.592388	2.35395	4.14803	4.6417	2.49696	1.49778	2.53229	4.78146	4.65426	3.50039	0.518562	2.58608	3.49934	3.56632	2.57956	1.68	2.56176	4.49344	4.33036	2.50943	0.636079	2.45415	2.56044	2.58625	3.66091	0.311502	2.31628	4.49388	3.73605	2.59619	0.367394	2.47418	1.60326	2.59738	2.37244	1.53144	2.45382	4.45034	3.38783</FloatingPoint>
				<FloatingPoint size="20">	0.544916	0.912296	0.394584	0.931864	0.577275	0.562887	0.878907	0.214822	0.454458	0.933171	0.235023	0.197872	0.937133	0.928332	0.65311	0.972999	0.537388	0.934194	0.931887	0.832885</FloatingPoint>
			</Individual>
			<Individual size="2">
				<FitnessMax value="3.63368"/>
				<FloatingPoint size="50">	2.33581	0.437844	2.3954	2.41845	3.59176	2.5566	0.580398	2.48375	1.3745	2.43979	3.85607	0.61408	2.30916	4.14516	4.63748	2.45457	1.4997	2.54183	4.78346	4.65463	3.42536	0.554158	2.59386	3.49907	3.56415	2.57962	1.65526	2.56064	4.62874	4.32932	2.53335	0.636511	2.45096	2.56	2.58721	3.35719	0.362293	2.31744	4.49155	3.73244	2.59425	0.37412	2.47409	1.60481	2.59647	2.36961	1.53009	2.45409	4.4504	3.40003</FloatingPoint>
				<FloatingPoint size="20">	0.151135	0.907734	0.379504	0.931378	0.568338	0.563012	0.878905	0.482834	0.4448	0.933192	0.235022	0.355323	0.937058	0.928332	0.491187	0.973023	0.0996023	0.934636	0.94223	0.822197</FloatingPoint>
			</Individual>
			<Individual size="2">
				<FitnessMax value="3.6388"/>
				<FloatingPoint size="50">	2.29492	0.380263	2.40571	2.48121	3.59052	2.51463	0.587681	2.49417	1.6649	2.51213	3.46731	2.14119	4.18305	3.84787	3.13625	2.50123	1.42588	2.52844	4.8345	4.69956	3.55498	0.548367	2.64866	3.47287	3.5819	2.5832	1.70669	2.40686	4.50507	4.26516	2.51283	0.631724	2.47359	2.57635	2.60462	3.48365	0.311373	2.21808	4.50045	3.73131	2.63118	0.389941	2.49581	1.72752	2.58916	2.37937	1.34685	2.44109	4.44792	3.4273</FloatingPoint>
				<FloatingPoint size="20">	0.381537	0.910157	0.492204	0.925489	0.507002	0.300883	0.87671	0.427421	0.815344	0.919972	0.235106	0.385611	0.944691	0.928125	0.819709	0.957535	0.636774	0.925767	0.950828	0.871339</FloatingPoint>
			</Individual>
			<Individual size="2">
				<FitnessMax value="3.63368"/>
				<FloatingPoint size="50">	2.33956	0.388057	2.39496	2.41842	3.59181	2.55586	0.580385	2.4791	1.39135	2.39073	3.85349	0.592388	2.35395	4.14803	4.6417	2.49696	1.49778	2.53229	4.78146	4.65426	3.50039	0.518562	2.58608	3.49934	3.56632	2.57956	1.68	2.56176	4.49344	4.33036	2.50943	0.636079	2.45415	2.56044	2.58625	3.35612	0.311502	2.31628	4.49388	3.73605	2.59619	0.367394	2.47418	1.60326	2.59738	2.37244	1.53144	2.45381	4.45034	3.38783</FloatingPoint>
				<FloatingPoint size="20">	0.358805	0.911314	0.488397	0.931953	0.653547	0.562742	0.878909	0.220968	0.477909	0.932359	0.235023	0.189648	0.937166	0.928332	0.486987	0.972965	0.453967	0.933115	0.898703	0.838825</FloatingPoint>
			</Individual>
			<Individual size="2">
				<FitnessMax value="3.63368"/>
				<FloatingPoint size="50">	2.32059	0.818752	2.46314	2.41639	3.59201	2.56007	0.580589	2.50577	1.41395	2.50386	3.85099	0.592126	2.12981	4.14918	4.69743	2.49816	1.49291	2.5726	4.75552	4.65428	3.49925	0.518313	2.6101	3.49913	3.58301	2.57954	1.53416	2.57817	4.49336	4.32546	2.52284	0.63465	2.4396	2.55919	2.59769	3.36299	0.322392	2.31653	4.49641	3.75556	2.61031	0.38575	2.47494	1.61051	2.59548	2.37131	1.5195	2.45311	4.45027	3.41127</FloatingPoint>
				<FloatingPoint size="20">	0.518073	0.906862	0.418097	0.931385	0.538437	0.568376	0.878888	0.190433	0.451106	0.933186	0.235021	0.570314	0.937082	0.92833	0.720618	0.973188	0.535823	0.939012	0.942472	0.82145</FloatingPoint>
			</Individual>
			<Individual size="2">
				<FitnessMax value="3.63368"/>
				<FloatingPoint size="50">	2.33882	0.463452	2.40252	2.41845	3.59168	2.48607	0.580343	2.48971	1.35698	2.49735	3.85698	0.627378	2.28018	4.14004	4.58851	2.4365	1.50482	2.55475	4.79008	4.65511	3.32665	0.595085	2.5991	3.49902	3.56168	2.57967	1.63621	2.55926	4.4936	4.32819	2.51688	0.636988	2.44659	2.55936	2.58505	3.35487	0.420763	2.31787	4.48895	3.72764	2.58371	0.350923	2.47474	1.61355	2.59693	2.35883	1.53049	2.45645	4.45051	3.41343</FloatingPoint>
				<FloatingPoint size="20">	0.427539	0.901619	0.405497	0.931354	0.559296	0.568388	0.878882	0.218334	0.437062	0.933188	0.235025	0.0358882	0.937052	0.928331	0.664849	0.973413	0.557692	0.94019	0.940892	0.823551</FloatingPoint>
			</Individual>
			<Individual size="2">
				<FitnessMax value="3.42667"/>
				<FloatingPoint size="50">	2.33927	0.388361	2.43411	2.41945	3.59217	2.55661	0.580492	2.5028	1.41213	2.3901	3.83734	0.609504	2.37237	4.1485	4.56961	2.49583	1.49771	2.5335	4.79628	4.65422	3.49938	0.518648	2.506	3.49926	3.55126	0.302969	1.64373	2.53801	4.49349	4.32659	2.50617	0.638023	2.44454	2.55989	2.58395	3.36173	0.401015	2.31518	4.48775	3.7209	2.60874	0.380635	2.47206	1.63048	2.60358	2.37134	1.53101	2.45371	4.45035	3.35466</FloatingPoint>
				<FloatingPoint size="20">	0.358805	0.911314	0.488397	0.931953	0.619689	0.562742	0.878909	0.220968	0.477909	0.932359	0.235023	0.189648	0.937166	0.928332	0.486987	0.972965	0.453967	0.933115	0.898703	0.838825</FloatingPoint>
			</Individual>
			<Individual size="2">
				<FitnessMax value="3.42667"/>
				<FloatingPoint size="50">	2.33958	0.388476	2.4615	2.4038	3.59204	2.55781	0.580604	2.52524	1.4131	2.38488	3.83902	0.604337	2.46265	4.1497	4.5686	2.63699	1.49373	2.51582	4.84479	4.65421	3.49932	0.518663	2.47084	3.49398	3.54275	2.57957	1.63301	1.13182	4.49348	4.32325	2.50385	0.638318	2.4448	2.5597	2.58265	3.36585	0.415503	2.31512	4.48684	3.70355	2.62419	0.378495	2.46919	1.61801	2.60486	2.37267	1.53034	2.45361	4.45017	3.35362</FloatingPoint>
				<FloatingPoint size="20">	0.375272	0.908722	0.416197	0.931429	0.583204	0.56403	0.878913	0.470488	0.447166	0.932707	0.235022	0.174594	0.937152	0.928332	0.760159	0.973007	0.532738	0.979196	0.917635	0.821467</FloatingPoint>
			</Individual>
			<Individual size="2">
				<FitnessMax value="3.63368"/>
				<FloatingPoint size="50">	2.33081	0.492259	2.39587	2.41846	3.59168	2.03637	0.580431	2.48981	1.35398	2.50283	3.85932	0.637927	2.24683	4.14097	4.62596	2.4063	1.50352	2.55423	4.78703	4.65514	3.34083	0.593082	2.6005	3.49875	3.56109	2.57969	1.6252	2.56	4.4935	4.32799	2.56007	0.637004	2.44636	2.55931	2.58797	3.35829	0.421209	2.31873	4.48906	3.72826	2.59469	0.381076	2.47378	1.60709	2.59527	2.36541	1.52888	2.45442	4.45052	3.41595</FloatingPoint>
				<FloatingPoint size="20">	0.386075	0.965669	0.663432	0.931496	0.564123	0.563621	0.878908	0.248005	0.395513	0.932661	0.235024	0.306504	0.937095	0.928331	0.655294	0.97319	0.630187	0.939856	0.925231	0.831898</FloatingPoint>
			</Individual>
			<Individual size="2">
				<FitnessMax value="1.01072"/>
				<FloatingPoint size="50">	2.33927	0.388361	2.43411	2.41945	3.5916	2.55897	0.580343	2.4801	0.160873	2.31422	3.84839	0.953985	2.4472	4.14306	4.59049	2.49386	1.5027	2.5651	4.80334	4.6547	3.43713	0.51923	2.60499	3.50283	3.57289	2.57954	1.57611	2.57019	4.49344	4.32821	2.51819	0.635715	2.45715	2.56838	2.58131	3.3562	0.378003	2.31662	4.49335	3.72921	2.54923	0.380621	2.47643	1.64903	2.59531	2.36954	1.52828	2.45358	4.45026	3.41816</FloatingPoint>
				<FloatingPoint size="20">	0.4235	0.929174	0.607049	0.931962	0.668555	0.56297	0.878906	0.168065	0.422899	0.933112	0.235022	0.407108	0.393238	0.928332	0.494479	0.973189	0.52659	0.931088	0.920556	0.83051</FloatingPoint>
			</Individual>
			<Individual size="2">
				<FitnessMax value="3.63368"/>
				<FloatingPoint size="50">	2.33927	0.39414	2.41056	2.41937	3.59167	2.55869	0.580376	2.4892	1.39146	2.31863	3.91564	0.80889	2.34861	4.13388	4.67256	2.46994	1.50455	2.57151	4.75628	4.65503	3.46284	0.520959	2.58836	3.49933	3.54417	2.57958	1.59489	2.57382	4.49352	4.32713	2.52026	0.635466	2.44206	2.56059	2.58444	3.36214	0.419677	2.31762	4.49237	3.73144	2.59829	0.38145	2.47465	1.62355	2.58477	2.36739	1.52209	2.45415	4.45122	3.39314</FloatingPoint>
				<FloatingPoint size="20">	0.425426	0.899291	0.848471	0.932093	0.554483	0.563399	0.878901	0.0869683	0.292159	0.93266	0.235024	0.17053	0.937145	0.928331	0.850165	0.973219	0.578773	0.930783	0.940968	0.879686</FloatingPoint>
			</Individual>
			<Individual size="2">
				<FitnessMax value="3.63368"/>
				<FloatingPoint size="50">	2.33967	0.384172	2.40177	2.43145	3.59172	2.56415	0.580358	2.493	1.48182	2.40505	3.62888	0.81222	2.4447	4.14575	4.55067	2.49482	1.50459	2.54087	4.68685	4.659	3.42298	0.51906	2.6476	3.50246	3.57021	2.57955	1.60709	2.57163	4.49382	4.32797	2.51731	0.635397	2.44579	2.57101	2.58239	3.35656	0.322805	2.31659	4.48967	3.72975	2.55147	0.380852	2.47641	1.6134	2.5958	2.3679	1.53056	2.45245	4.45027	3.42676</FloatingPoint>
				<FloatingPoint size="20">	0.358805	0.911314	0.488397	0.931953	0.653547	0.562742	0.878909	0.220968	0.477909	0.932359	0.235023	0.189648	0.937166	0.928332	0.616343	0.972965	0.453967	0.933115	0.898703	0.838825</FloatingPoint>
			</Individual>
			<Individual size="2">
				<FitnessMax value="3.53583"/>
				<FloatingPoint size="50">	2.33975	0.408177	2.39989	2.41879	3.59186	2.55905	0.580298	2.48653	1.37915	2.47222	3.8413	0.600679	2.23844	4.14151	4.57461	2.43048	1.47327	2.55538	4.83166	4.65483	3.38777	0.582012	2.59704	3.50161	3.564	2.57957	1.60324	2.56745	4.49363	4.33047	2.51465	0.63695	2.44644	2.56031	2.58147	3.3563	0.415755	2.31754	4.49102	3.70176	2.56051	0.385493	2.4766	1.63602	2.59527	2.36073	1.53254	2.45605	4.45011	3.41847</FloatingPoint>
				<FloatingPoint size="20">	0.311364	0.962945	0.260604	0.930813	0.563943	0.567999	0.878964	0.250191	0.375496	0.932946	0.235021	0.314632	0.937123	0.92833	0.588658	0.973162	0.741867	0.938231	0.932439	0.174211</FloatingPoint>
			</Individual>
			<Individual size="2">
				<FitnessMax value="3.63368"/>
				<FloatingPoint size="50">	2.35103	0.388299	2.44498	2.41961	3.59209	2.55667	0.580508	2.49417	1.40682	2.45118	3.83963	0.615271	2.37345	4.14823	4.56883	2.49603	1.49718	2.57191	4.79647	4.65436	3.50077	0.51873	2.52343	3.49921	3.55019	2.57968	1.65095	2.54408	4.4935	4.33018	2.50064	0.637116	2.45062	2.56029	2.58613	3.3537	0.316023	2.31434	4.48807	3.72432	2.61653	0.217222	2.47238	1.63638	2.61227	2.37066	1.53046	2.45334	4.4504	3.33722</FloatingPoint>
				<FloatingPoint size="20">	0.561515	0.909364	0.388758	0.931864	0.604444	0.562887	0.878909	0.238949	0.454458	0.93317	0.235023	0.221502	0.937133	0.928332	0.489546	0.972999	0.537388	0.934194	0.931887	0.832885</FloatingPoint>
			</Individual>
			<Individual size="2">
				<FitnessMax value="2.93049"/>
				<FloatingPoint size="50">	2.32855	0.387723	2.38877	2.41773	4.32808	2.55964	0.580559	2.48152	1.39806	2.51885	3.84417	0.598074	0.617261	4.14265	4.57588	2.49914	1.48978	2.56779	4.79624	4.65453	3.48555	0.518558	2.59327	3.49901	3.56763	2.57974	1.64594	2.56853	4.49364	4.32772	2.5	0.636162	2.43807	2.56038	2.58074	3.35209	0.353281	2.31404	4.49597	3.72314	2.62931	0.309799	2.47212	1.48606	2.65507	2.35393	1.5282	2.45341	4.45037	3.305</FloatingPoint>
				<FloatingPoint size="20">	0.561515	0.909364	0.388758	0.931864	0.604444	0.562887	0.878909	0.238949	0.454458	0.93317	0.235023	0.221502	0.937133	0.928332	0.489546	0.972999	0.537388	0.934194	0.931887	0.473201</FloatingPoint>
			</Individual>
			<Individual size="2">
				<FitnessMax value="3.63368"/>
				<FloatingPoint size="50">	2.33927	0.388361	2.43411	2.41945	3.59217	2.55661	0.580492	2.5028	1.41213	2.3901	3.83734	0.609504	2.37237	4.1485	4.56961	2.49583	1.49771	2.5335	4.79628	4.65422	3.50026	0.518649	2.53468	3.49933	3.55504	2.5796	1.66406	2.57392	4.49344	4.33036	2.51084	0.636968	2.46107	2.56028	2.58255	3.3568	0.312804	2.31589	4.48897	3.73544	2.59744	0.38146	2.47197	1.63703	2.59608	2.37217	1.53218	2.45362	4.45028	3.34194</FloatingPoint>
				<FloatingPoint size="20">	0.358805	0.911314	0.488397	0.931953	0.653547	0.562742	0.878909	0.220968	0.477909	0.932359	0.235023	0.189648	0.937166	0.928332	0.486987	0.972965	0.453967	0.933115	0.898703	0.838825</FloatingPoint>
			</Individual>
			<Individual size="2">
				<FitnessMax value="3.37138"/>
				<FloatingPoint size="50">	2.33927	0.38803	2.39793	2.41949	3.59211	2.55651	0.580363	2.50419	1.39103	2.38985	3.85538	0.602453	2.35888	4.14864	4.56334	2.49597	1.49778	2.53346	4.78209	4.65426	3.50039	0.518557	2.55545	3.49934	3.56464	2.57961	1.68787	2.57903	4.49345	4.33036	2.5111	0.635921	2.45099	2.56034	2.58548	3.89705	6.42615	2.31698	4.4882	3.73595	2.59815	0.388413	2.47437	1.64394	2.59617	2.37224	1.53211	2.45364	4.4503	3.34248</FloatingPoint>
				<FloatingPoint size="20">	0.386075	0.904329	0.472399	0.931321	0.571939	0.560194	0.878938	0.322461	0.186417	0.932641	0.235022	0.189249	0.937122	0.928332	0.567937	0.97303	0.772475	0.934936	0.915771	0.833998</FloatingPoint>
			</Individual>
			<Individual size="2">
				<FitnessMax value="2.9428"/>
				<FloatingPoint size="50">	2.35103	0.388299	2.44498	2.41961	3.59209	2.55667	0.580508	2.49417	1.40682	2.45118	3.83963	0.615271	2.37345	4.14823	4.56883	2.49603	1.49718	2.57191	4.79647	4.65436	3.50077	0.51873	2.52343	3.49921	3.55019	2.57968	1.65095	2.54408	4.4935	4.33018	2.50064	0.637116	2.45062	2.56029	2.58613	3.3537	0.316023	2.31434	4.48807	3.72432	2.61653	0.217222	2.47238	1.63638	2.61227	2.37066	1.53046	2.45334	4.4504	3.33722</FloatingPoint>
				<FloatingPoint size="20">	0.338594	0.918529	0.389858	0.93174	0.60395	0.563	0.878909	0.230595	0.440166	0.933383	0.235022	0.312474	0.937131	0.489329	0.583812	0.972979	0.536753	0.935116	0.935289	0.834772</FloatingPoint>
			</Individual>
			<Individual size="2">
				<FitnessMax value="3.63336"/>
				<FloatingPoint size="50">	2.33081	0.387862	2.39474	2.41813	3.59152	2.55873	0.580301	2.48861	1.37091	2.48222	3.85413	0.593651	2.26971	4.13772	4.5745	2.47821	1.51462	2.5514	4.79489	4.65525	3.20547	0.617918	2.57318	3.49912	3.56432	2.5796	1.64247	2.55975	4.49364	4.32818	2.51082	0.636944	2.44819	2.5603	2.58326	3.35475	0.436655	2.31796	4.48545	3.72829	2.5743	0.368251	2.47554	1.60893	2.59521	2.35584	1.53346	2.45793	4.45045	3.41885</FloatingPoint>
				<FloatingPoint size="20">	0.742871	0.938681	0.43294	0.931471	0.653446	0.563669	0.878896	0.212549	0.390567	0.951461	0.235022	0.124589	0.937115	0.928331	0.778087	0.97315	0.610541	0.931156	0.939765	0.890767</FloatingPoint>
			</Individual>
			<Individual size="2">
				<FitnessMax value="3.47037"/>
				<FloatingPoint size="50">	2.33519	0.38796	2.39485	2.41828	3.59167	2.55729	0.580343	2.48386	1.38113	2.43647	3.85558	0.579886	2.31183	4.14287	1.65181	2.48758	1.5062	2.54185	4.78817	4.65475	3.35293	0.518586	2.57699	3.4992	3.56444	2.57958	1.66533	2.56461	4.49354	4.32942	2.51224	0.636176	2.44878	2.5604	2.58482	3.50814	0.327956	2.31643	4.49416	3.73495	2.9594	0.365452	2.47312	1.60604	2.59636	2.367	1.53272	2.45926	4.45056	3.40042</FloatingPoint>
				<FloatingPoint size="20">	0.406347	0.900188	0.654724	0.931765	0.620355	0.561738	0.878905	0.147207	0.270389	0.932998	0.234953	0.515787	0.938681	0.928332	0.599419	0.960933	0.601047	0.90685	0.938776	0.852459</FloatingPoint>
			</Individual>
			<Individual size="2">
				<FitnessMax value="3.63368"/>
				<FloatingPoint size="50">	2.33081	0.387862	2.01479	2.41901	3.59201	2.55628	0.580301	2.49251	1.37091	2.39037	3.85413	0.602072	2.36437	4.13772	4.60091	2.49632	1.49774	2.53298	4.79489	4.65424	3.50032	0.617918	2.557	3.49912	3.55994	2.57958	1.67098	2.55975	4.49364	4.33036	2.51023	0.636944	2.44819	2.56035	2.58326	3.48885	0.436655	2.31796	4.4911	3.7357	2.5969	0.368251	2.47554	1.62237	2.59521	2.37229	1.53346	2.45793	4.45031	3.41885</FloatingPoint>
				<FloatingPoint size="20">	0.360803	0.938681	0.43294	0.931471	0.542879	0.563669	0.878896	0.212549	0.711105	0.951461	0.235022	0.124957	0.937115	0.928331	0.778087	0.97315	0.610541	0.931156	0.939717	0.830405</FloatingPoint>
			</Individual>
			<Individual size="2">
				<FitnessMax value="3.63368"/>
				<FloatingPoint size="50">	2.33927	0.388361	2.43411	2.41945	3.59217	2.55661	0.580492	2.5028	1.41213	2.3901	3.83734	0.609504	2.37237	4.1485	4.56961	2.49583	1.49771	2.5335	4.79628	4.65422	3.49938	0.518648	2.506	3.49926	3.55126	2.57957	1.64373	2.53801	4.49349	4.32659	2.50617	0.638023	2.44454	2.55989	2.58395	3.36173	0.401015	2.31518	4.48775	3.7209	2.60874	0.380635	2.47206	1.63048	2.60358	2.37134	1.53101	2.45371	4.45035	3.35466</FloatingPoint>
				<FloatingPoint size="20">	0.387458	0.908722	0.416197	0.931429	0.583204	0.56403	0.878913	0.200217	0.447166	0.932707	0.235022	0.174594	0.937152	0.928332	0.760159	0.973007	0.532738	0.938922	0.917635	0.821467</FloatingPoint>
			</Individual>
			<Individual size="2">
				<FitnessMax value="3.63368"/>
				<FloatingPoint size="50">	2.33081	0.492259	2.39587	2.41846	3.59168	2.55771	0.580431	2.48981	1.35398	2.50283	3.85932	0.637927	2.24683	4.14097	4.62596	2.4063	1.50352	2.55423	4.78703	4.65514	3.34083	0.593082	2.6005	3.49875	3.56109	2.57969	1.6252	2.56	4.4935	4.32799	2.56007	0.637004	2.44636	2.55931	2.58797	3.35829	0.421209	2.31873	4.48906	3.72826	2.59469	0.381076	2.47378	1.60709	2.59527	2.36541	1.52888	2.45442	4.45052	3.41595</FloatingPoint>
				<FloatingPoint size="20">	0.397004	0.902023	0.445196	0.931326	0.566532	0.567064	0.878913	0.314651	0.395139	0.932667	0.235024	0.323635	0.937077	0.928331	0.607795	0.973145	0.746688	0.938166	0.921561	0.823574</FloatingPoint>
			</Individual>
			<Individual size="2">
				<FitnessMax value="3.63368"/>
				<FloatingPoint size="50">	2.33081	0.387883	2.40116	2.41832	3.59152	2.55849	0.580312	2.48889	1.37671	2.48205	3.85476	0.594023	2.27544	4.13938	4.57431	2.47948	1.51216	2.55301	4.79514	4.65518	3.25373	0.607326	2.56581	3.49913	3.56262	2.5796	1.64291	2.55768	4.49363	4.3283	2.50976	0.636951	2.44845	2.5603	2.58372	3.35469	0.425684	2.3175	4.48856	3.7279	2.57585	0.342833	2.47528	1.61146	2.59795	2.35666	1.53344	2.45724	4.45045	3.41717</FloatingPoint>
				<FloatingPoint size="20">	0.561515	0.909364	0.388758	0.931864	0.604444	0.562887	0.878909	0.238949	0.454458	0.93317	0.235023	0.221502	0.937133	0.928332	0.489546	0.972999	0.0882938	0.934194	0.931887	0.832885</FloatingPoint>
			</Individual>
			<Individual size="2">
				<FitnessMax value="3.63368"/>
				<FloatingPoint size="50">	2.33927	0.388361	2.43411	2.41945	3.59217	2.55661	0.580492	2.5028	1.41213	2.3901	3.83734	0.609504	2.37237	4.1485	4.56961	2.49583	1.49771	2.5335	4.79628	4.65422	3.50026	0.518649	2.53468	3.49933	3.55504	2.5796	1.66406	2.57392	4.49344	4.33036	2.51084	0.636968	2.46107	2.56028	2.58255	3.3568	0.312804	2.31589	4.48897	3.73544	2.59744	0.38146	2.47197	1.63703	2.59608	2.37217	1.53218	2.45362	4.45028	3.34194</FloatingPoint>
				<FloatingPoint size="20">	0.519678	0.909767	0.409322	0.931882	0.614578	0.562857	0.878909	0.235238	0.459298	0.933002	0.235023	0.314018	0.93714	0.928332	0.489018	0.972992	0.520171	0.933971	0.925038	0.988384</FloatingPoint>
			</Individual>
			<Individual size="2">
				<FitnessMax value="3.32962"/>
				<FloatingPoint size="50">	2.33581	0.437844	2.3954	2.41845	3.59176	2.5566	0.580398	2.48375	1.3745	2.43979	3.85607	0.61408	2.30916	4.14516	4.63748	2.45457	1.4997	2.54183	4.78346	4.65463	3.42536	0.554158	2.59386	3.49907	3.56415	2.57962	1.65526	2.56064	4.62874	4.32932	2.53335	0.636511	2.45096	2.56	2.58721	3.35719	0.362293	2.31744	4.49155	3.73244	2.59425	0.37412	2.47409	1.60481	2.59647	2.36961	1.53009	2.45409	4.4504	3.40003</FloatingPoint>
				<FloatingPoint size="20">	0.386845	0.926259	0.415869	0.931422	0.255609	0.563502	0.878904	0.437814	0.473155	0.946077	0.235022	0.180746	0.937111	0.928331	0.59614	0.973095	0.100491	0.93223	0.94369	0.822208</FloatingPoint>
			</Individual>
			<Individual size="2">
				<FitnessMax value="3.12592"/>
				<FloatingPoint size="50">	2.33956	0.388057	2.39496	2.41842	3.59181	2.55586	0.580385	2.4791	1.39135	2.39073	3.85349	0.592388	2.35395	4.14803	4.6417	2.49696	1.49778	2.53229	4.78146	4.65426	3.50039	0.518562	2.58608	3.49934	3.56632	2.57956	1.68	2.56176	4.49344	4.33036	2.50943	0.636079	2.45415	3.39013	2.58625	3.66091	0.311502	2.31628	4.49388	3.73605	2.59619	0.367394	2.47418	1.60326	2.59738	2.37244	1.53144	2.45382	4.45034	3.38783</FloatingPoint>
				<FloatingPoint size="20">	0.372935	0.904125	0.432735	0.931402	0.819711	0.567923	0.878551	0.128087	0.254984	0.932853	0.235018	0.430511	0.93712	0.928331	0.725457	0.973305	0.411807	0.930304	0.945357	0.824987</FloatingPoint>
			</Individual>
			<Individual size="2">
				<FitnessMax value="3.63368"/>
				<FloatingPoint size="50">	2.3394	0.388229	2.01479	2.41901	3.59201	2.55628	0.580445	2.49251	1.40311	2.39037	3.84435	0.602072	2.36437	4.1483	4.60091	2.49632	1.49774	2.53298	4.78984	4.65424	3.50032	0.518611	2.557	3.49933	3.55994	2.57958	1.67098	2.56864	4.49344	4.33036	2.51023	0.636582	2.45806	2.56035	2.58416	3.48885	0.312239	2.31606	4.4911	3.7357	2.5969	0.375352	2.47293	1.62237	2.59665	2.37229	1.53186	2.4537	4.45031	3.36186</FloatingPoint>
				<FloatingPoint size="20">	0.493538	0.907659	0.460948	0.931576	0.594816	0.561052	0.878932	0.246654	0.269345	0.932739	0.235022	0.217512	0.937133	0.928332	0.54442	0.973002	0.662755	0.934814	0.924054	0.833922</FloatingPoint>
			</Individual>
			<Individual size="2">
				<FitnessMax value="3.63368"/>
				<FloatingPoint size="50">	2.33581	0.437844	2.3954	2.41845	3.59176	2.5566	0.580398	2.48375	1.3745	2.43979	3.85607	0.61408	2.30916	4.14516	4.63748	2.45457	1.4997	2.54183	4.78346	4.65463	3.42536	0.554158	2.59386	3.49907	3.56415	2.57962	1.65526	2.56064	4.62874	4.32932	2.53335	0.636511	2.45096	2.56056	2.59099	3.35396	0.360897	2.31449	4.48803	3.72347	2.61628	0.355422	2.47373	1.60953	2.61855	2.37024	1.53025	2.45365	4.45078	3.33629</FloatingPoint>
				<FloatingPoint size="20">	0.425422	0.899302	0.754091	0.932092	0.570532	0.563282	0.878901	0.0870878	0.365193	0.933238	0.235022	0.563389	0.937117	0.928332	0.5531	0.973198	0.538838	0.930245	0.94061	0.825077</FloatingPoint>
			</Individual>
			<Individual size="2">
				<FitnessMax value="3.63368"/>
				<FloatingPoint size="50">	2.33956	0.387856	2.39769	2.41984	3.59207	2.55978	0.580465	2.5093	1.42239	2.49674	3.83129	0.588398	2.29469	4.14404	4.60471	2.49	1.50319	2.571	4.78799	4.65486	3.50037	0.519141	2.60562	3.5026	3.54864	2.57953	1.59028	2.57959	4.49342	4.33081	2.51457	0.636906	2.44675	2.56084	2.57691	3.35331	0.294327	2.31438	4.49145	3.64804	2.52462	0.380646	2.48177	1.61934	2.47346	2.36778	1.52893	2.45357	4.45089	3.28973</FloatingPoint>
				<FloatingPoint size="20">	0.423137	0.910186	0.758762	0.931002	0.549972	0.563324	0.878898	0.205736	0.525995	0.934032	0.23502	0.129121	0.93715	0.92833	0.571673	0.9732	0.559369	0.939001	0.942396	0.8239</FloatingPoint>
			</Individual>
		</Deme>
	</Population>
</ECF>
