<?xml version="1.0" encoding="ISO-8859-1"?>
<ECF milestone="Mon Jun 18 18:01:08 2018
">
	<Registry>
		<Entry key="1FloatingPoint.dimension">20</Entry>
		<Entry key="1FloatingPoint.lbound">0</Entry>
		<Entry key="1FloatingPoint.ubound">1</Entry>
		<Entry key="FloatingPoint.dimension">50</Entry>
		<Entry key="FloatingPoint.lbound">0</Entry>
		<Entry key="FloatingPoint.ubound">6.99</Entry>
		<Entry key="SteadyStateTournament.tsize">3</Entry>
		<Entry key="batch.logfile_">*</Entry>
		<Entry key="batch.remaining_">0</Entry>
		<Entry key="batch.repeats">1</Entry>
		<Entry key="batch.singlemilestone">1</Entry>
		<Entry key="batch.statsfile">stats/ohlc_bitfinex_xmrusd_21600_10_100_0.9_0.7.csv</Entry>
		<Entry key="data.balance">2304.4</Entry>
		<Entry key="data.input">data/train/ohlc_bitfinex_xmrusd_21600.csv</Entry>
		<Entry key="data.test">data/test/ohlc_bitfinex_xmrusd_21600.csv</Entry>
		<Entry key="fuzzy.langvars">conf/ohlc_bitfinex_xmrusd_21600.conf</Entry>
		<Entry key="fuzzy.numrules">10</Entry>
		<Entry key="fuzzy.threshold">0.7</Entry>
		<Entry key="log.frequency">10</Entry>
		<Entry key="log.level">3</Entry>
		<Entry key="milestone.elapsedtime_">335</Entry>
		<Entry key="milestone.filename">milestones/ohlc_bitfinex_xmrusd_21600_10_100_0.9_0.7.txt</Entry>
		<Entry key="milestone.generation_">2999</Entry>
		<Entry key="mutation.indprob">0.9</Entry>
		<Entry key="operator.logfile">log/ohlc_bitfinex_xmrusd_21600_10_100_0.9_0.7.csv</Entry>
		<Entry key="population.size">100</Entry>
		<Entry key="term.eval">300000</Entry>
		<Entry key="term.maxtime">1800</Entry>
	</Registry>
	<Population size="1">
		<HallOfFame size="1">
			<Individual size="2" gen="2508">
				<FitnessMax value="3.74808"/>
				<FloatingPoint size="50">	3.65016	1.35084	5.34787	5.35462	5.41729	3.85576	1.47954	3.58455	5.49106	4.46341	3.32467	1.25692	4.76986	5.7563	5.24198	3.6354	0.439533	3.22419	5.49755	5.3203	3.53429	0.325744	3.43796	5.59606	4.55495	3.46279	1.1037	5.32855	5.46654	5.5431	3.39588	1.40928	4.51539	5.12325	4.49058	3.52649	1.34747	4.65084	5.41196	5.4711	3.65534	1.60957	3.77717	5.53668	4.41519	3.49939	2.14204	4.32529	4.34169	4.57023</FloatingPoint>
				<FloatingPoint size="20">	0.977986	0.782495	0.92011	0.376014	0.964293	0.28005	0.900342	0.376706	0.908953	0.386384	0.956063	0.574756	0.858328	0.131077	0.943926	0.538179	0.971193	0.48433	0.869983	0.611232</FloatingPoint>
			</Individual>
		</HallOfFame>
		<Deme size="100">
			<HallOfFame size="1">
				<Individual size="2" gen="2508">
					<FitnessMax value="3.74808"/>
					<FloatingPoint size="50">	3.65016	1.35084	5.34787	5.35462	5.41729	3.85576	1.47954	3.58455	5.49106	4.46341	3.32467	1.25692	4.76986	5.7563	5.24198	3.6354	0.439533	3.22419	5.49755	5.3203	3.53429	0.325744	3.43796	5.59606	4.55495	3.46279	1.1037	5.32855	5.46654	5.5431	3.39588	1.40928	4.51539	5.12325	4.49058	3.52649	1.34747	4.65084	5.41196	5.4711	3.65534	1.60957	3.77717	5.53668	4.41519	3.49939	2.14204	4.32529	4.34169	4.57023</FloatingPoint>
					<FloatingPoint size="20">	0.977986	0.782495	0.92011	0.376014	0.964293	0.28005	0.900342	0.376706	0.908953	0.386384	0.956063	0.574756	0.858328	0.131077	0.943926	0.538179	0.971193	0.48433	0.869983	0.611232</FloatingPoint>
				</Individual>
			</HallOfFame>
			<Individual size="2">
				<FitnessMax value="3.73473"/>
				<FloatingPoint size="50">	3.66376	1.42023	5.57339	5.64242	5.58481	3.84526	1.50097	3.5968	5.5759	4.48215	3.37926	1.40995	4.73441	5.44635	5.19988	3.57553	0.528276	3.21675	5.65757	5.31534	3.58819	0.327592	3.69177	5.59805	4.46308	3.47574	1.26294	5.49898	5.44657	5.49415	3.92034	1.42024	4.65996	4.86483	4.54675	3.58704	1.40406	4.96411	5.58563	5.47578	3.68064	1.52456	3.71393	5.26018	4.41853	3.70863	2.20333	4.29973	4.39385	4.48692</FloatingPoint>
				<FloatingPoint size="20">	0.953	0.641921	0.935898	0.508375	0.976655	0.230775	0.899894	0.406105	0.909067	0.436036	0.957947	0.685927	0.858684	0.326096	0.91613	0.312719	0.909956	0.473706	0.894899	0.514726</FloatingPoint>
			</Individual>
			<Individual size="2">
				<FitnessMax value="3.73473"/>
				<FloatingPoint size="50">	3.62199	1.4392	5.57231	5.65005	5.84509	3.84567	1.50102	3.59919	5.5067	4.47752	3.37224	1.32669	4.73872	5.44619	5.22105	3.57425	0.54262	3.21639	5.68856	5.32363	3.61358	0.334002	3.69404	5.59817	4.3975	3.49721	1.26334	5.3594	5.4458	5.49142	3.92125	1.42096	4.64425	4.87108	4.53253	3.61951	1.34083	4.9814	5.57553	5.47196	3.68219	1.42717	3.64491	5.22999	4.41795	3.70827	2.16291	4.25756	4.39376	4.49556</FloatingPoint>
				<FloatingPoint size="20">	0.967755	0.496306	0.934187	0.127098	0.977057	0.44831	0.900216	0.462173	0.909059	0.517276	0.960279	0.663334	0.858704	0.43013	0.950432	0.223239	0.932897	0.49804	0.899808	0.473424</FloatingPoint>
			</Individual>
			<Individual size="2">
				<FitnessMax value="3.71167"/>
				<FloatingPoint size="50">	3.65742	1.39462	5.57342	5.62135	5.58888	3.84174	1.5743	3.62697	5.58766	4.48688	3.35771	1.32683	4.735	5.45643	5.20093	3.57649	0.478339	3.24197	5.67845	5.32347	3.59522	0.333048	3.683	5.59178	4.51926	3.47517	1.26091	5.46947	5.54036	5.49132	4.99188	1.42163	4.64784	4.86428	4.62123	3.5974	1.36661	4.64051	5.5905	5.47801	3.68269	1.53391	3.73414	5.22605	4.41923	3.71014	2.95404	4.31198	4.36982	4.48666</FloatingPoint>
				<FloatingPoint size="20">	0.966411	0.448895	0.936855	0.523083	0.955714	0.494498	0.900223	0.50624	0.909093	0.540476	0.967731	0.694774	0.858693	0.443981	0.934812	0.36717	0.930394	0.444138	0.897873	0.425109</FloatingPoint>
			</Individual>
			<Individual size="2">
				<FitnessMax value="3.73473"/>
				<FloatingPoint size="50">	3.63791	1.40832	5.57115	5.61062	5.58855	3.84541	1.52186	3.60445	5.52316	4.49057	3.40714	1.26082	4.74282	5.45469	5.39148	3.57606	0.474185	3.2165	5.67371	5.35598	3.58467	0.291795	3.67105	5.61009	4.52144	3.48448	1.27817	5.42407	5.44941	5.49903	3.89296	1.42087	4.64552	4.86369	4.61945	3.58934	1.39146	4.66318	5.5902	5.46721	3.68105	1.54701	3.72228	5.21991	4.41777	3.71481	2.35726	4.2949	4.39822	4.48683</FloatingPoint>
				<FloatingPoint size="20">	0.923481	0.176427	0.931855	0.484799	0.975131	0.46597	0.900211	0.706975	0.909026	0.446458	0.965797	0.342243	0.858613	0.408916	0.931745	0.49618	0.932375	0.236089	0.891968	0.30787</FloatingPoint>
			</Individual>
			<Individual size="2">
				<FitnessMax value="3.73473"/>
				<FloatingPoint size="50">	3.64153	1.40417	5.57056	5.61103	5.58705	3.84568	1.50509	3.5996	5.52111	4.49975	3.49909	1.31055	4.74498	5.44715	5.25054	3.576	0.545465	3.21699	5.70686	5.29599	3.60481	0.327125	3.69047	5.59487	4.50971	3.47087	1.27988	5.39403	5.47006	5.49715	3.88769	1.42058	4.72728	4.86399	4.62348	3.5814	1.37749	4.64049	5.59883	5.49785	3.68139	1.52351	3.68393	5.2124	4.41918	3.71941	2.21358	4.29002	4.41488	4.48964</FloatingPoint>
				<FloatingPoint size="20">	0.962251	0.859655	0.93469	0.464914	0.978297	0.302818	0.898278	0.446528	0.90907	0.413229	0.989006	0.571719	0.858687	0.24226	0.943567	0.266425	0.896862	0.492509	0.896904	0.305113</FloatingPoint>
			</Individual>
			<Individual size="2">
				<FitnessMax value="3.73473"/>
				<FloatingPoint size="50">	3.65742	1.39462	5.57342	5.62135	5.58888	3.84174	1.5743	3.62697	5.58766	4.48688	3.35771	1.32683	4.735	5.45643	5.20093	3.57649	0.478339	3.24197	5.67845	5.32347	3.59522	0.333048	3.683	5.59178	4.51926	3.47517	1.26091	5.46947	5.54036	5.49132	3.70576	1.42163	4.64784	4.86428	4.62123	3.5974	1.36661	4.64051	5.5905	5.47801	3.68269	1.53391	3.73414	5.22605	4.41923	3.71014	2.95404	4.31198	4.36982	4.48666</FloatingPoint>
				<FloatingPoint size="20">	0.96752	0.54708	0.936763	0.467651	0.94622	0.591815	0.900212	0.576952	0.909071	0.512609	0.972834	0.667532	0.858705	0.428123	0.940741	0.5167	0.912292	0.41211	0.900391	0.283244</FloatingPoint>
			</Individual>
			<Individual size="2">
				<FitnessMax value="3.73473"/>
				<FloatingPoint size="50">	3.64132	1.41053	5.57218	5.61311	5.58787	3.85397	1.50617	3.59588	5.51228	4.48841	3.39535	1.3172	4.74062	5.4673	5.19304	3.57621	0.478494	3.22256	5.6807	5.35262	3.58867	0.327775	3.67381	5.59713	4.53552	3.4792	1.27043	5.45904	5.4513	5.50422	3.87336	1.42114	4.63111	4.87126	4.60394	3.60391	1.37745	4.75407	5.58951	5.48256	3.68029	1.53335	3.70232	5.22984	4.41889	3.72622	2.39538	4.29252	4.39525	4.48877</FloatingPoint>
				<FloatingPoint size="20">	0.977537	0.654413	0.936334	0.464914	0.978651	0.0853103	0.900213	0.767568	0.909128	0.134227	0.9206	0.388765	0.858675	0.657316	0.942897	0.496814	0.853556	0.4001	0.891344	0.367235</FloatingPoint>
			</Individual>
			<Individual size="2">
				<FitnessMax value="3.18784"/>
				<FloatingPoint size="50">	3.64153	1.42386	5.57074	5.64056	5.58731	3.84526	1.49856	3.59638	5.61696	4.47635	3.38642	1.46183	4.7351	5.45617	5.21301	3.57597	0.471157	3.21651	5.67372	5.40114	3.58798	0.256012	3.69326	5.60903	4.46348	3.48578	1.2808	5.4324	5.4453	5.49375	3.91623	1.42116	4.63894	4.86393	4.56991	3.58524	1.4056	5.45532	5.58999	5.47905	3.68094	1.54706	3.71974	5.28445	4.41881	3.7099	2.21379	4.29109	4.39431	4.48683</FloatingPoint>
				<FloatingPoint size="20">	0.951591	0.732493	0.935794	0.419904	0.978666	0.365803	0.900212	0.45796	0.909077	0.429804	0.942662	0.788548	0.858684	0.307575	0.941271	0.291596	0.927491	0.47554	0.649048	0.489886</FloatingPoint>
			</Individual>
			<Individual size="2">
				<FitnessMax value="3.52525"/>
				<FloatingPoint size="50">	3.65742	1.38958	5.57595	5.64291	5.58734	3.86818	1.50185	3.68095	5.46958	4.48478	3.38908	1.3171	4.65041	5.48261	5.20419	3.57548	0.473291	3.27168	5.70347	5.3285	3.60367	0.327823	3.67238	5.58633	4.53637	3.49764	1.26505	5.43436	5.45095	5.50522	3.86936	1.42134	4.62307	4.87126	4.60549	3.62096	1.36631	4.78538	5.5683	5.49762	3.68251	1.40645	3.61162	5.21421	4.41914	3.71428	2.44572	4.27818	4.39192	4.48397</FloatingPoint>
				<FloatingPoint size="20">	0.968187	0.516797	0.93245	0.555411	0.971508	0.361756	0.628544	0.523493	0.909058	0.5978	0.963038	0.605116	0.858679	0.481398	0.921388	0.563952	0.9314	0.428441	0.893619	0.495103</FloatingPoint>
			</Individual>
			<Individual size="2">
				<FitnessMax value="3.73473"/>
				<FloatingPoint size="50">	3.64816	1.39865	5.57183	5.6215	5.58446	3.84566	1.50102	3.59882	5.50186	4.51376	3.37611	1.32785	4.73965	5.45177	5.99548	3.57569	0.538608	3.22005	5.70811	5.32374	3.61126	0.33298	3.68933	5.59807	4.53303	3.49718	1.26956	5.35134	5.4513	5.50593	3.85016	1.42097	4.64351	4.87383	4.61254	3.60953	1.34359	4.72331	5.57556	5.47491	3.67995	1.47279	3.65547	5.22945	4.41877	3.71072	2.17257	4.27576	4.40104	4.49556</FloatingPoint>
				<FloatingPoint size="20">	0.966667	0.538513	0.928737	0.54689	0.970176	0.347558	0.900216	0.589117	0.909033	0.701711	0.981862	0.580602	0.858614	0.425728	0.928446	0.490565	0.927962	0.492737	0.899928	0.631395</FloatingPoint>
			</Individual>
			<Individual size="2">
				<FitnessMax value="3.73473"/>
				<FloatingPoint size="50">	3.64096	1.40306	5.57131	5.60304	5.58649	3.84538	1.51157	3.60338	5.50313	4.49065	3.5426	1.32705	4.73704	5.47995	5.28264	3.5754	0.471599	3.21477	5.72052	5.34497	3.60255	0.334378	3.65646	5.60339	4.531	3.4606	1.28215	5.35374	5.46275	5.50511	3.5891	1.42106	4.63237	4.86985	4.62566	3.57334	1.37409	4.64048	5.61143	5.4488	3.68092	1.52824	3.74923	5.20611	4.43159	3.722	2.11174	4.2697	4.40278	4.49418</FloatingPoint>
				<FloatingPoint size="20">	0.96752	0.54708	0.931688	0.467651	0.9654	0.591815	0.900212	0.441527	0.909031	0.697209	0.928747	0.667532	0.858705	0.428123	0.940833	0.5167	0.942193	0.41211	0.902641	0.431326</FloatingPoint>
			</Individual>
			<Individual size="2">
				<FitnessMax value="3.73473"/>
				<FloatingPoint size="50">	3.62201	1.43917	5.57231	5.65003	5.58368	3.84567	1.50102	3.59919	5.5067	4.47754	3.37224	1.32669	4.73872	5.44619	5.22106	3.57425	0.542617	3.21639	5.68857	5.32363	3.61358	0.334001	3.69403	5.59817	4.39759	3.49721	1.26334	5.35939	5.44581	5.49143	3.9212	1.42096	4.64424	4.87108	4.53258	3.6195	1.34083	4.98156	5.57553	5.47196	3.6805	1.4272	3.64492	5.22999	4.41796	3.70827	2.16292	4.25757	4.39377	4.49556</FloatingPoint>
				<FloatingPoint size="20">	0.968192	0.616093	0.932447	0.604943	0.973716	0.348447	0.900218	0.0952648	0.909009	0.768488	0.961856	0.605385	0.858609	0.311975	0.917908	0.491986	0.93296	0.49524	0.89399	0.773549</FloatingPoint>
			</Individual>
			<Individual size="2">
				<FitnessMax value="3.48856"/>
				<FloatingPoint size="50">	3.65261	1.40182	5.56934	5.62462	5.5873	3.84575	1.51399	3.96976	5.51635	4.48664	3.59271	1.31835	4.74043	5.45742	5.21231	3.57596	0.474933	3.20821	5.66704	5.39957	3.59593	0.33523	3.67159	5.59187	4.54314	3.46591	1.27815	5.41555	5.45081	5.49219	3.90918	1.82407	4.64686	4.86844	4.65645	3.59816	1.36359	4.64049	5.59335	5.44453	3.68052	1.55089	3.70815	5.23624	4.80196	3.7161	2.30762	4.27356	3.343	4.4859</FloatingPoint>
				<FloatingPoint size="20">	0.966667	0.839217	0.936657	0.548129	0.975095	0.00694663	0.900218	0.767568	0.90907	0.417495	0.917219	0.413851	0.858653	0.414926	0.943289	0.525726	0.882027	0.425973	0.892359	0.42597</FloatingPoint>
			</Individual>
			<Individual size="2">
				<FitnessMax value="3.73473"/>
				<FloatingPoint size="50">	3.65041	1.40003	5.57182	5.59893	5.58633	3.84529	1.50675	3.58775	5.51694	4.51118	3.85488	1.25605	4.7466	5.44121	5.21453	3.57732	0.480669	3.20204	5.66698	5.31316	3.58824	0.334087	3.67444	5.60351	4.52636	3.46538	1.26567	5.46077	5.4293	5.51245	3.89977	1.7893	4.62501	4.871	4.67252	3.60449	1.37107	4.64049	5.5934	5.49204	3.68153	1.965	3.71176	5.23336	4.84693	3.7173	2.48145	4.29216	4.42054	4.4904</FloatingPoint>
				<FloatingPoint size="20">	0.914887	0.654413	0.936334	0.471787	0.978651	0.466748	0.900213	0.767568	0.90907	0.417495	0.917219	0.413851	0.858653	0.414926	0.943289	0.525726	0.882027	0.425973	0.892359	0.42597</FloatingPoint>
			</Individual>
			<Individual size="2">
				<FitnessMax value="3.73473"/>
				<FloatingPoint size="50">	3.65742	1.39462	5.57342	5.62135	5.58888	3.84174	1.5743	3.62697	5.58766	4.48688	3.35771	1.32683	4.735	5.45643	5.20093	3.57649	0.478339	3.24197	5.67845	5.32347	3.59522	0.333048	3.683	5.59178	4.51926	3.47517	1.26091	5.46947	5.54036	5.49132	3.70576	1.42163	4.64784	4.86428	4.62123	3.5974	1.36661	4.64051	5.5905	5.47801	3.68269	1.53391	3.73414	5.22605	4.41923	3.71014	2.95404	4.31198	4.36982	4.48666</FloatingPoint>
				<FloatingPoint size="20">	0.966977	0.556249	0.934174	0.368012	0.979421	0.242459	0.90021	0.419313	0.909097	0.475262	0.999609	0.922831	0.858709	0.475582	0.934659	0.125256	0.931438	0.491168	0.903287	0.431274</FloatingPoint>
			</Individual>
			<Individual size="2">
				<FitnessMax value="3.73473"/>
				<FloatingPoint size="50">	3.64356	1.39327	5.57362	5.61181	5.58706	3.84428	1.5525	3.61356	5.55839	4.4895	3.37465	1.29303	4.75123	5.46448	5.19008	3.5764	0.469339	3.23608	5.6899	5.32224	3.59045	0.296326	3.663	5.60301	4.48536	3.47558	1.26681	5.46771	5.50155	5.50287	3.75128	1.42125	4.6324	4.86023	4.62003	3.5901	1.71452	4.64051	5.59859	5.48105	3.68225	1.53125	3.74549	5.21647	4.41965	3.75682	2.25327	4.31739	4.37094	4.48693</FloatingPoint>
				<FloatingPoint size="20">	0.96752	0.54708	0.936763	0.467651	0.974661	0.591815	0.900212	0.576952	0.909071	0.512609	0.972834	0.667532	0.858705	0.428123	0.940741	0.5167	0.912292	0.41211	0.900391	0.283244</FloatingPoint>
			</Individual>
			<Individual size="2">
				<FitnessMax value="3.73473"/>
				<FloatingPoint size="50">	3.62199	1.4392	5.57231	5.65005	5.58368	3.84567	1.50102	3.59919	5.5067	4.47752	3.37224	1.32669	4.73872	5.44619	5.22105	3.57425	0.54262	3.21639	5.68856	5.32363	3.61358	0.334002	3.69404	5.59817	4.3975	3.49721	1.26334	5.3594	5.4458	5.49142	3.92125	1.42096	4.64425	4.87108	4.53253	3.61951	1.34083	4.9814	5.57553	5.47196	3.68219	1.42717	3.64491	5.22999	4.41795	3.70827	2.16291	4.25756	4.39376	4.49556</FloatingPoint>
				<FloatingPoint size="20">	0.968187	0.477977	0.934231	0.0975344	0.975642	0.464708	0.900217	0.527525	0.909029	0.539289	0.950012	0.627106	0.858629	0.277763	0.950715	0.452321	0.934212	0.548807	0.89395	0.690865</FloatingPoint>
			</Individual>
			<Individual size="2">
				<FitnessMax value="3.69199"/>
				<FloatingPoint size="50">	3.65742	1.40301	5.56913	5.61633	5.58742	3.84541	1.51276	3.60385	5.50447	4.48948	3.48537	1.32705	4.73672	5.45646	5.27413	3.57545	0.473771	3.2144	5.71018	5.34562	3.60485	0.334275	3.67532	5.59327	4.49074	3.46124	1.28186	5.36276	5.46262	5.49616	3.84834	1.42112	4.64398	4.86987	4.62024	3.59505	1.35462	4.65674	5.59194	5.45667	3.68131	1.4798	3.70704	5.20702	4.42413	3.7211	2.23669	4.26845	4.4002	4.48979</FloatingPoint>
				<FloatingPoint size="20">	0.962229	0.546224	0.932162	0.53216	0.976804	0.349165	0.900217	0.526247	0.909008	0.801706	0.964226	0.682554	0.757318	0.608288	0.916942	0.482155	0.931791	0.613516	0.893596	0.778944</FloatingPoint>
			</Individual>
			<Individual size="2">
				<FitnessMax value="3.73473"/>
				<FloatingPoint size="50">	3.64474	1.40212	5.57079	5.61197	5.58785	3.8499	1.52157	3.6133	5.51441	4.49055	3.49794	1.3221	4.73751	5.46066	5.23613	3.57549	0.476711	3.2132	5.70351	5.37067	3.5981	0.331758	3.67268	5.5911	4.54475	3.4663	1.27561	5.41186	5.45035	5.49773	3.89386	1.42113	4.63288	4.87071	4.632	3.60151	1.3567	4.69729	5.58872	5.45246	3.68032	1.54431	3.6821	5.2151	4.41831	3.71752	2.28933	4.28135	4.40083	4.48595</FloatingPoint>
				<FloatingPoint size="20">	0.914887	0.654413	0.936334	0.464914	0.978651	0.0853103	0.900213	0.767568	0.909128	0.134227	0.9206	0.388765	0.858675	0.500563	0.942897	0.496814	0.853556	0.4001	0.891344	0.367235</FloatingPoint>
			</Individual>
			<Individual size="2">
				<FitnessMax value="3.73473"/>
				<FloatingPoint size="50">	3.64859	1.39255	5.57372	5.62134	5.58752	3.84389	1.57879	3.62479	5.56726	4.48679	3.37212	1.32689	4.73771	5.45613	5.20461	3.57625	0.477141	3.24361	5.69416	5.32779	3.59675	0.333087	3.68286	5.5894	4.45262	3.47555	1.26098	5.46288	5.52883	5.49082	3.66648	1.4217	4.6438	4.86532	4.62114	3.59563	1.86128	4.6405	5.59263	5.47797	3.68289	1.52263	3.73301	5.22779	4.41786	3.70893	2.27329	4.32016	4.34762	4.48467</FloatingPoint>
				<FloatingPoint size="20">	0.965898	0.522575	0.932131	0.490958	0.974337	0.534424	0.900213	0.642507	0.908973	0.747814	0.939445	0.498979	0.858696	0.431411	0.942783	0.679046	0.907784	0.823824	0.89053	0.0975122</FloatingPoint>
			</Individual>
			<Individual size="2">
				<FitnessMax value="3.73473"/>
				<FloatingPoint size="50">	3.66376	1.39933	5.57258	5.61098	5.58753	3.84416	1.5352	3.62343	5.56452	4.49818	3.43079	1.31276	4.73986	5.45427	5.21082	3.57633	0.47743	3.22822	5.69315	5.32293	3.60358	0.324792	3.68288	5.5943	4.46844	3.47296	1.26709	5.4503	5.51155	5.4951	3.78055	1.42107	4.63337	4.86514	4.62531	3.59265	1.42863	4.6405	5.59591	5.47774	3.68257	1.52264	3.71363	5.22159	4.41782	3.71425	2.46623	4.31442	4.40187	4.48553</FloatingPoint>
				<FloatingPoint size="20">	0.966267	0.222391	0.93469	0.542065	0.972375	0.302818	0.898278	0.446528	0.909058	0.459771	0.989006	0.355272	0.858792	0.24226	0.877067	0.266425	0.896862	0.464769	0.896904	0.767424</FloatingPoint>
			</Individual>
			<Individual size="2">
				<FitnessMax value="3.73473"/>
				<FloatingPoint size="50">	3.64845	1.40526	5.56941	5.61188	5.58719	3.84572	1.51369	3.60596	5.51472	4.49611	3.57358	1.32704	4.73437	5.47539	5.28071	3.57525	0.545618	3.21269	5.72488	5.38047	3.60427	0.335803	3.66978	5.5862	4.50761	3.4597	1.28214	5.36095	5.45588	5.48753	3.82706	1.42112	4.63279	4.87014	4.65522	3.5822	1.36744	4.64048	5.60616	5.41685	3.68035	1.54259	3.67392	5.20037	4.42167	3.71704	2.18663	4.2698	4.40565	4.48294</FloatingPoint>
				<FloatingPoint size="20">	0.96752	0.54708	0.936763	0.467651	0.974661	0.591815	0.900212	0.576952	0.909071	0.512609	0.972834	0.667532	0.858715	0.428123	0.940741	0.5167	0.912292	0.41211	0.900391	0.283244</FloatingPoint>
			</Individual>
			<Individual size="2">
				<FitnessMax value="3.73473"/>
				<FloatingPoint size="50">	3.64868	1.39213	5.56856	5.62897	5.59066	3.84548	1.50913	3.62037	5.49752	4.48524	3.37669	1.32705	4.74126	5.4845	5.28462	3.57528	0.476951	3.21738	5.69565	5.32348	3.59703	0.333178	3.64564	5.61655	4.44222	3.47599	1.26107	5.34426	5.52379	5.49045	3.65478	1.42171	4.63777	4.86665	4.61407	3.56801	1.33447	4.6405	5.61172	5.46779	3.68291	1.51795	3.7512	5.2117	4.41768	3.72413	2.07869	4.31148	4.34306	4.48782</FloatingPoint>
				<FloatingPoint size="20">	0.905732	0.651467	0.936283	0.572937	0.978436	0.46624	0.900214	0.544561	0.90907	0.601373	0.920476	0.386726	0.858676	0.430109	0.942903	0.49308	0.8537	0.401216	0.89132	0.366218</FloatingPoint>
			</Individual>
			<Individual size="2">
				<FitnessMax value="3.73473"/>
				<FloatingPoint size="50">	3.65753	1.39246	5.56868	5.56555	5.58791	3.84461	1.52183	3.61883	5.54794	4.49106	3.37747	1.32533	4.7475	5.47894	5.20375	3.57691	0.469332	3.23037	5.6928	5.32238	3.59196	0.317597	3.67008	5.60824	4.4456	3.47579	1.27208	5.4534	5.51634	5.51496	3.75292	1.42153	4.64612	4.8611	4.61439	3.57903	1.39552	4.64051	5.59644	5.50824	3.68161	1.5087	3.689	5.21777	4.41504	3.7234	2.48493	4.30233	4.41553	4.49135</FloatingPoint>
				<FloatingPoint size="20">	0.965301	0.350711	0.936948	0.578515	0.965208	0.397182	0.900233	0.435528	0.909114	0.568342	0.960884	0.722016	0.858682	0.459838	0.928882	0.21764	0.948496	0.476166	0.895354	0.566975</FloatingPoint>
			</Individual>
			<Individual size="2">
				<FitnessMax value="3.54538"/>
				<FloatingPoint size="50">	3.65355	1.3922	5.57105	5.62831	5.58714	3.84542	1.52275	3.62604	5.57736	4.48969	3.36125	1.26182	4.72512	5.46876	5.1977	3.57744	0.473497	3.24375	5.6925	5.33149	3.59614	0.329876	3.68189	5.58742	4.47435	3.65608	1.28444	5.51546	5.5272	5.407	3.86393	1.42164	4.64056	4.86561	6.64764	3.61161	1.37507	4.64051	5.60471	5.47574	3.68243	1.55803	3.66146	5.22251	4.44327	3.71031	2.34515	4.2776	4.34769	4.48481</FloatingPoint>
				<FloatingPoint size="20">	0.96752	0.54708	0.936763	0.467651	0.94622	0.591815	0.900212	0.576952	0.909071	0.512609	0.972834	0.667532	0.858705	0.428123	0.940741	0.5167	0.912292	0.41211	0.900391	0.283244</FloatingPoint>
			</Individual>
			<Individual size="2">
				<FitnessMax value="3.53296"/>
				<FloatingPoint size="50">	3.65261	1.40182	5.56934	5.62462	5.5873	3.84575	1.51399	3.61343	5.51635	4.48664	3.59271	1.31835	4.74043	5.45742	5.21231	3.57596	0.474933	3.20821	5.66704	5.39957	3.59593	0.33523	3.67159	5.59187	4.54314	3.46591	1.27815	5.41555	5.45081	5.49219	3.90918	1.82407	4.64686	4.86844	4.65645	3.59816	1.36359	4.64049	5.59335	5.44453	3.68052	1.55089	3.70815	5.23624	4.80196	3.7161	2.30762	4.31494	4.37241	4.48687</FloatingPoint>
				<FloatingPoint size="20">	0.94375	0.424187	0.935462	0.551835	0.975014	0.0845471	0.479619	0.489731	0.909063	0.458843	0.988983	0.463099	0.858682	0.399817	0.888692	0.367737	0.871663	0.454902	0.895816	0.724339</FloatingPoint>
			</Individual>
			<Individual size="2">
				<FitnessMax value="3.52512"/>
				<FloatingPoint size="50">	3.64875	1.40888	5.57241	5.62065	5.58799	3.84493	1.49791	3.60731	5.50503	4.50971	3.4866	1.30015	4.75621	5.48812	5.20736	3.5731	0.482335	3.21399	5.6541	5.32415	3.61005	0.33696	3.58936	5.60139	4.53478	3.47233	1.27223	5.48712	5.47633	5.53239	3.86149	1.42097	4.631	4.86735	4.64545	3.61148	1.33146	4.64048	5.60298	5.45095	3.67993	1.47657	3.72554	5.07785	4.41208	3.86351	5.13598	4.2739	4.39617	4.48542</FloatingPoint>
				<FloatingPoint size="20">	0.966267	0.222391	0.93469	0.542065	0.972375	0.302818	0.898278	0.446528	0.909058	0.422242	0.989006	0.355272	0.858792	0.24226	0.877067	0.266425	0.896862	0.464769	0.896904	0.767424</FloatingPoint>
			</Individual>
			<Individual size="2">
				<FitnessMax value="3.14452"/>
				<FloatingPoint size="50">	3.64096	1.40306	5.57131	5.60304	5.58649	3.84538	1.51181	3.60368	5.50243	4.49025	3.54441	1.32924	4.73676	5.47879	5.28578	3.57535	0.471902	3.21461	5.72221	5.34277	3.60244	0.333498	3.6553	5.60337	4.5312	3.46019	1.28273	5.35064	5.46242	5.505	3.5799	1.42108	4.63279	4.87016	4.62599	3.57317	1.37346	4.64048	5.61187	5.44704	3.6809	1.52882	3.75101	5.20577	4.43208	3.72195	2.11898	4.26874	4.40241	4.49426</FloatingPoint>
				<FloatingPoint size="20">	0.96752	0.54708	0.931688	0.467651	0.9654	0.591815	0.900212	0.441527	0.518242	0.697209	0.928747	0.667532	0.858705	0.428123	0.940833	0.5167	0.942193	0.41211	0.902641	0.431326</FloatingPoint>
			</Individual>
			<Individual size="2">
				<FitnessMax value="3.73473"/>
				<FloatingPoint size="50">	3.62199	1.4392	5.57231	5.65005	5.58368	3.84567	1.50102	3.59919	5.5067	4.47752	3.37224	1.32669	4.73872	5.44619	5.22105	3.57425	0.54262	3.21639	5.68856	5.32363	3.61358	0.334002	3.69404	5.59817	4.3975	3.49721	1.26334	5.3594	5.4458	5.49142	3.92125	1.42096	4.64425	4.87108	4.53253	3.61951	1.34083	4.9814	5.57553	5.47196	3.68219	1.42717	3.64491	5.22999	4.41795	3.70827	2.16291	4.25756	4.39376	4.49556</FloatingPoint>
				<FloatingPoint size="20">	0.962229	0.546224	0.932162	0.53216	0.976804	0.349165	0.900217	0.526247	0.909008	0.801706	0.964226	0.682554	0.858608	0.155692	0.916942	0.482155	0.931791	0.613516	0.893596	0.778944</FloatingPoint>
			</Individual>
			<Individual size="2">
				<FitnessMax value="3.73473"/>
				<FloatingPoint size="50">	3.65261	1.40182	5.56934	5.62462	5.5873	3.84575	1.51399	3.96976	5.51635	4.48664	3.59271	1.31835	4.74043	5.45742	5.21231	3.57596	0.474933	3.20821	5.66704	5.39957	3.59593	0.33523	3.67159	5.59187	4.54314	3.46591	1.27815	5.41555	5.45081	5.49219	3.90918	1.82407	4.64686	4.86844	4.65645	3.59816	1.36359	4.64049	5.59335	5.44453	3.68052	1.55089	3.70815	5.23624	4.80196	3.7161	2.30762	4.27356	4.39742	4.4859</FloatingPoint>
				<FloatingPoint size="20">	0.914887	0.654413	0.936334	0.471787	0.978651	0.466748	0.900213	0.767568	0.90907	0.417495	0.917219	0.413851	0.858653	0.414926	0.943289	0.525726	0.882027	0.425973	0.892359	0.42597</FloatingPoint>
			</Individual>
			<Individual size="2">
				<FitnessMax value="3.73473"/>
				<FloatingPoint size="50">	3.65339	1.39309	5.5684	5.62794	5.58845	3.84572	1.51937	3.58139	5.51149	4.49124	3.38367	1.3108	4.74056	5.48675	5.21235	3.57622	0.47681	3.21943	5.64996	5.12904	3.59877	0.332499	3.67179	5.59259	4.54169	3.47517	1.21931	5.41838	5.52739	5.48346	3.90968	1.82707	4.64687	4.87497	4.61956	3.59552	1.36503	4.64049	5.59161	5.44009	3.67934	1.55495	3.71124	5.23505	4.48539	3.72225	2.35886	4.27347	4.40964	4.48807</FloatingPoint>
				<FloatingPoint size="20">	0.914887	0.654413	0.936334	0.471787	0.978651	0.466748	0.900213	0.767568	0.90907	0.417495	0.917219	0.413851	0.858653	0.414926	0.943289	0.525726	0.882027	0.425973	0.892359	0.42597</FloatingPoint>
			</Individual>
			<Individual size="2">
				<FitnessMax value="3.73473"/>
				<FloatingPoint size="50">	3.65511	1.40249	5.57152	5.60951	5.58617	3.84467	1.5086	3.59842	5.52154	4.50287	3.56702	1.30446	4.74733	5.4429	5.18288	3.57621	0.4821	3.21903	5.66447	5.33553	3.60099	0.317539	3.6651	5.60762	4.53562	3.48204	1.26459	5.44738	5.45167	5.50915	3.90319	1.4315	4.64054	4.8592	4.61444	3.58908	1.38603	4.72762	5.59633	5.49835	3.68147	1.53576	3.6916	5.22523	4.61741	3.74415	2.42199	4.29943	4.4066	4.49078</FloatingPoint>
				<FloatingPoint size="20">	0.94375	0.424187	0.935462	0.551835	0.975014	0.0845471	0.899575	0.489731	0.909063	0.458843	0.988983	0.463099	0.858682	0.399817	0.888692	0.367737	0.871663	0.454902	0.895816	0.645254</FloatingPoint>
			</Individual>
			<Individual size="2">
				<FitnessMax value="3.54769"/>
				<FloatingPoint size="50">	3.6333	1.40459	5.57099	5.62567	5.58557	3.84556	1.5672	3.596	5.51238	4.50127	3.43212	1.28495	4.73947	5.45936	5.56589	3.57579	0.498725	3.2179	5.68741	5.3415	3.60492	0.318068	3.6639	5.59819	4.49891	3.47999	1.27061	5.36553	5.44794	5.50524	3.8805	1.42085	4.63888	4.87159	4.60769	3.59621	1.3773	4.66276	5.59393	5.47351	3.68067	1.4828	3.67156	5.22034	4.42136	3.7167	2.26911	4.29031	4.40052	4.49469</FloatingPoint>
				<FloatingPoint size="20">	0.963765	0.492208	0.935693	0.488295	0.666563	0.298259	0.899696	0.614036	0.909067	0.452672	0.953921	0.440872	0.858662	0.409294	0.913668	0.411167	0.872312	0.426032	0.895597	0.66086</FloatingPoint>
			</Individual>
			<Individual size="2">
				<FitnessMax value="3.73473"/>
				<FloatingPoint size="50">	3.64868	1.39213	5.56856	5.55808	5.59066	3.84548	1.50044	3.62037	5.49752	4.49133	3.37926	1.32705	4.74126	5.4845	5.21169	3.57741	0.466571	3.21892	5.69565	5.33238	3.599	0.333178	3.67299	5.61655	4.44222	3.47599	1.30387	5.43624	5.52379	5.52807	3.90959	1.42171	4.65023	4.88591	4.61407	3.56801	1.36898	4.6405	5.61172	5.46779	3.67906	1.56284	3.75355	5.2117	4.41849	3.72413	2.37327	4.26176	4.34306	4.49216</FloatingPoint>
				<FloatingPoint size="20">	0.965301	0.350711	0.936948	0.578515	0.965208	0.397182	0.900233	0.435528	0.909114	0.568342	0.962628	0.722016	0.858682	0.459838	0.928882	0.21764	0.930478	0.476166	0.895354	0.566975</FloatingPoint>
			</Individual>
			<Individual size="2">
				<FitnessMax value="3.6779"/>
				<FloatingPoint size="50">	3.62199	1.4392	5.57231	5.65005	5.58368	3.84567	1.50102	3.59919	5.5067	4.47752	3.37224	1.32669	4.73872	5.44619	5.22105	3.57425	0.54262	3.21639	5.68856	5.32363	3.61358	0.334002	3.69404	5.59817	4.3975	3.49721	1.26334	5.3594	5.4458	5.49142	3.92125	1.42096	4.64425	4.87108	4.53253	3.61951	1.34083	4.9814	5.57553	5.47196	3.68122	1.42717	3.64491	5.22999	4.41795	3.70827	2.16291	4.25756	4.39376	4.49556</FloatingPoint>
				<FloatingPoint size="20">	0.961909	0.477977	0.934231	0.520142	0.975642	0.464708	0.900217	0.527525	0.909029	0.539289	0.950012	0.627106	0.858629	0.277763	0.981338	0.452321	0.934212	0.548807	0.89395	0.690865</FloatingPoint>
			</Individual>
			<Individual size="2">
				<FitnessMax value="3.73473"/>
				<FloatingPoint size="50">	3.64868	1.39438	5.57637	5.62477	5.58638	3.87669	1.51057	3.66098	5.54926	4.48875	3.47672	1.32686	4.67477	5.47237	5.20931	3.57496	0.473934	3.22387	5.71624	5.34559	3.60335	0.334622	3.68203	5.58656	4.53698	3.47822	1.26347	5.30635	5.50169	5.50021	3.82404	1.42133	4.62204	4.87708	4.63895	3.62148	1.36048	4.84728	5.5893	5.53249	3.68044	1.46121	3.6835	5.21493	4.42011	3.71256	2.16442	4.24977	4.39557	4.49604</FloatingPoint>
				<FloatingPoint size="20">	0.898163	0.516902	0.896036	0.295278	0.973247	0.79088	0.900229	0.353107	0.909099	0.541722	0.965522	0.234746	0.85872	0.470061	0.939396	0.505764	0.939349	0.500905	0.906673	0.53342</FloatingPoint>
			</Individual>
			<Individual size="2">
				<FitnessMax value="3.6768"/>
				<FloatingPoint size="50">	3.65261	1.40182	5.56934	5.62462	5.5873	3.84575	1.51399	3.61343	5.51635	4.48664	3.59271	1.31835	4.74043	5.45742	5.21231	3.57596	0.474933	3.20821	5.66704	5.39957	3.59593	0.33523	3.67159	5.59187	4.54314	3.46591	1.27815	5.41555	5.45081	5.49219	3.90918	1.82407	4.64686	4.86844	4.65645	3.59816	1.36359	4.64049	5.59335	5.44453	3.68052	1.55089	3.70815	5.23624	4.80196	3.7161	2.30762	4.31494	4.37241	4.48687</FloatingPoint>
				<FloatingPoint size="20">	0.95831	0.372983	0.928548	0.359967	0.961031	0.551709	0.900252	0.501858	0.909077	0.368993	0.911012	0.45052	0.859613	0.5144	0.943987	0.323111	0.899019	0.476119	0.880012	0.0889638</FloatingPoint>
			</Individual>
			<Individual size="2">
				<FitnessMax value="3.03412"/>
				<FloatingPoint size="50">	3.63366	1.39469	5.57343	5.63238	5.58614	3.84504	1.50073	3.59628	5.54092	4.49133	3.37964	1.21538	4.67843	5.48092	5.17509	3.57851	0.466571	3.22124	5.69565	5.33238	3.57804	0.32898	4.79694	5.6298	4.44222	3.47565	1.27828	5.54182	5.52379	5.52807	3.90959	1.42035	4.62565	4.88591	1.94146	3.57922	1.42561	4.6405	5.61031	5.48712	3.68099	1.56284	3.65728	5.2117	4.42317	3.71252	2.10826	4.26176	4.41683	4.49138</FloatingPoint>
				<FloatingPoint size="20">	0.94375	0.840058	0.932262	0.312979	0.975646	0.244077	0.900211	0.616012	0.90908	0.472029	0.999575	0.603743	0.85868	0.469714	0.934604	0.324835	0.931481	0.390932	0.902296	0.411658</FloatingPoint>
			</Individual>
			<Individual size="2">
				<FitnessMax value="3.73473"/>
				<FloatingPoint size="50">	3.65261	1.40182	5.56934	5.62462	5.5873	3.84575	1.51399	3.61343	5.51635	4.48664	3.59271	1.31835	4.74043	5.45742	5.21231	3.57596	0.474933	3.20821	5.66704	5.39957	3.59593	0.33523	3.67159	5.59187	4.54314	3.46591	1.27815	5.41555	5.45081	5.49219	3.90918	1.82407	4.64686	4.86844	4.65645	3.59816	1.36359	4.64049	5.59335	5.44453	3.68052	1.55089	3.70815	5.23624	4.80196	3.7161	2.30762	4.27356	4.39742	4.4859</FloatingPoint>
				<FloatingPoint size="20">	0.966667	0.36831	0.93273	0.482284	0.975625	0.466215	0.900211	0.720879	0.909042	0.42269	0.946515	0.391098	0.858637	0.412301	0.942078	0.518916	0.917465	0.628058	0.89233	0.350805</FloatingPoint>
			</Individual>
			<Individual size="2">
				<FitnessMax value="3.73473"/>
				<FloatingPoint size="50">	3.65753	1.40214	5.57032	5.60704	5.58976	3.8456	1.52395	3.6067	5.51511	4.48996	3.40766	1.32725	4.86356	5.45284	5.5507	3.57563	0.473614	3.21469	5.71382	5.33348	3.60638	0.333286	3.67933	5.58936	4.51411	3.48578	1.27863	5.39629	5.44995	5.49882	3.89707	1.42123	4.64938	4.87354	4.62355	3.59985	1.35215	4.69347	5.58785	5.46495	3.67957	1.53703	3.71489	5.21744	4.41754	3.71025	2.27884	4.28811	4.39914	4.4868</FloatingPoint>
				<FloatingPoint size="20">	0.914887	0.654413	0.936334	0.471787	0.978651	0.466748	0.900213	0.767568	0.90907	0.434562	0.917219	0.413851	0.858653	0.414926	0.943289	0.525726	0.882027	0.425973	0.892359	0.42597</FloatingPoint>
			</Individual>
			<Individual size="2">
				<FitnessMax value="3.73473"/>
				<FloatingPoint size="50">	3.64132	1.40249	5.56888	5.62538	5.58715	3.84538	1.51157	3.60338	5.50313	4.49065	3.5426	1.32705	4.73704	5.47995	5.28264	3.5754	0.471599	3.21477	5.72052	5.34497	3.60255	0.334378	3.65646	5.60339	4.531	3.4606	1.28215	5.35374	5.46275	5.50511	3.5891	1.42106	4.63237	4.86985	4.62566	3.57334	1.37409	4.64048	5.61143	5.4488	3.68092	1.52824	3.74923	5.20611	4.43159	3.722	2.11174	4.2697	4.40278	4.49418</FloatingPoint>
				<FloatingPoint size="20">	0.967249	0.63205	0.936547	0.507272	0.974532	0.466033	0.900215	0.575396	0.909094	0.44246	0.925919	0.0187617	0.858668	0.41414	0.938007	0.311182	0.908968	0.424215	0.894002	0.387976</FloatingPoint>
			</Individual>
			<Individual size="2">
				<FitnessMax value="3.63497"/>
				<FloatingPoint size="50">	3.63307	1.4162	5.57065	5.6241	5.58554	3.84565	1.51077	3.60245	5.50475	4.47891	3.4546	1.32699	4.73869	5.45469	5.26753	3.57491	0.534174	3.21601	5.69209	5.33301	3.60729	0.334171	3.69087	5.59356	4.40104	3.47632	1.271	5.35991	5.45977	5.49423	3.87854	1.42108	4.64423	4.87095	4.61722	3.60615	1.35227	4.91525	5.57804	5.47122	3.68124	1.47353	3.69412	5.22756	4.42233	3.71684	2.19556	4.26394	4.39684	4.49328</FloatingPoint>
				<FloatingPoint size="20">	0.962229	0.546224	0.932162	0.53216	0.976804	0.349165	0.900217	0.526247	0.909008	0.801706	0.964226	0.682554	0.757318	0.608288	0.916942	0.482155	0.814878	0.613516	0.893596	0.778944</FloatingPoint>
			</Individual>
			<Individual size="2">
				<FitnessMax value="3.74808"/>
				<FloatingPoint size="50">	3.66759	1.42211	5.55216	5.4715	5.68119	3.84537	1.49616	3.59457	5.49088	4.50153	3.41074	1.33979	4.77409	5.49698	5.38264	3.5897	0.447203	3.2255	5.92119	5.32037	3.62398	0.328889	3.5933	5.58489	4.58499	3.43195	1.50591	5.33486	5.47477	5.54727	3.42772	1.41176	4.54643	5.3392	4.48233	3.54291	1.35205	4.63991	5.46607	5.46199	3.66345	1.60878	3.79078	5.03788	4.41322	3.55722	2.21277	4.30512	4.45348	4.46673</FloatingPoint>
				<FloatingPoint size="20">	0.958441	0.373827	0.928571	0.360302	0.961084	0.551454	0.900252	0.501056	0.909077	0.369139	0.91103	0.45041	0.85961	0.5147	0.943985	0.873154	0.898968	0.475969	0.879974	0.0899742</FloatingPoint>
			</Individual>
			<Individual size="2">
				<FitnessMax value="3.50181"/>
				<FloatingPoint size="50">	3.65753	1.40353	5.57172	5.56555	5.58791	3.84558	1.52183	3.59345	5.51241	4.49106	3.37747	1.26359	4.74112	5.47894	5.20375	3.57691	0.469332	3.21988	5.6928	5.32238	3.59196	0.309702	3.65518	5.60824	4.53259	3.47554	1.2732	5.36797	5.51634	5.51128	3.86655	1.42153	4.63923	4.8611	4.613	3.5954	1.39552	4.64051	5.59644	5.47518	3.68161	0.207138	3.689	5.21777	4.41504	3.71861	2.324	4.30233	4.41553	4.49135</FloatingPoint>
				<FloatingPoint size="20">	0.965301	0.350711	0.936948	0.578515	0.965208	0.397182	0.900233	0.435528	0.909114	0.568342	0.960884	0.722016	0.858682	0.459838	0.928882	0.21764	0.948496	0.476166	0.895354	0.566975</FloatingPoint>
			</Individual>
			<Individual size="2">
				<FitnessMax value="3.42421"/>
				<FloatingPoint size="50">	3.64044	1.4273	5.5723	5.62008	5.58531	3.84784	1.50132	3.59814	5.50806	4.47878	3.39505	1.32252	4.73987	5.45666	5.20593	3.57441	0.490605	3.21711	5.68417	5.33858	3.60212	0.329708	3.69139	5.5976	4.43903	3.4869	4.21618	5.39625	5.44902	5.4975	3.87915	1.42106	4.63257	4.87126	4.55758	3.61515	1.35011	4.88849	5.58387	5.47723	3.68039	1.48914	3.69864	5.22997	4.41803	3.71682	2.21218	4.28869	4.39464	4.49032</FloatingPoint>
				<FloatingPoint size="20">	0.977537	0.654413	0.936334	0.464914	0.978651	0.0853103	0.900213	0.767568	0.909128	0.134227	0.9206	0.388765	0.858675	0.657316	0.942897	0.496814	0.853556	0.4001	0.891344	0.367235</FloatingPoint>
			</Individual>
			<Individual size="2">
				<FitnessMax value="3.64631"/>
				<FloatingPoint size="50">	3.65742	1.39859	5.57222	5.62453	5.58511	3.8393	1.50036	3.59173	5.52357	4.48155	3.37668	1.26298	4.74869	5.47527	5.18366	3.57525	0.487198	3.21934	5.68304	5.32125	3.59898	0.266955	3.6274	5.61373	4.52378	3.49146	1.26463	5.42769	5.44583	5.51959	3.92804	1.42075	4.64214	4.85124	4.55027	3.59701	1.36458	4.80654	5.59176	5.48027	3.68083	1.43715	3.65401	5.2253	4.42284	3.77409	2.17843	4.27392	4.3991	4.49316</FloatingPoint>
				<FloatingPoint size="20">	0.959129	0.785855	0.936225	0.484016	0.976881	0.186375	0.900215	0.455952	0.90908	0.485443	0.95905	0.708455	0.858682	0.382966	0.940265	0.395547	0.927449	0.434471	0.774574	0.412516</FloatingPoint>
			</Individual>
			<Individual size="2">
				<FitnessMax value="3.73473"/>
				<FloatingPoint size="50">	3.65753	1.39246	5.56868	5.56555	5.58791	3.84461	1.52183	3.61883	5.54794	4.49106	3.37747	1.32533	4.7475	5.47894	5.20375	3.57691	0.469332	3.23037	5.6928	5.32238	3.59196	0.317597	3.67008	5.60824	4.4456	3.47579	1.27208	5.4534	5.51634	5.51496	3.75292	1.42153	4.64612	4.8611	4.61858	3.56814	1.47508	4.6405	5.60882	5.46959	3.67912	1.54362	3.74617	5.21477	4.41862	3.74759	2.27121	4.26797	4.35379	4.49035</FloatingPoint>
				<FloatingPoint size="20">	0.965301	0.350711	0.936948	0.578515	0.965208	0.397182	0.900233	0.435528	0.909114	0.568342	0.962628	0.722016	0.858682	0.459838	0.928882	0.21764	0.948496	0.476166	0.895354	0.566975</FloatingPoint>
			</Individual>
			<Individual size="2">
				<FitnessMax value="3.73473"/>
				<FloatingPoint size="50">	3.65261	1.40182	5.56934	5.62462	5.5873	3.84575	1.51399	3.61343	5.51635	4.48664	3.59271	1.31835	4.74043	5.45742	5.21231	3.57596	0.474933	3.20821	5.66704	5.39957	3.59593	0.33523	3.67159	5.59187	4.54314	3.46591	1.27815	5.41555	5.45081	5.49219	3.90918	1.82407	4.64686	4.86844	4.65645	3.59816	1.36359	4.64049	5.59335	5.44453	3.68052	1.55089	3.70815	5.23624	4.80196	3.7161	2.30762	4.31494	4.37241	4.48687</FloatingPoint>
				<FloatingPoint size="20">	0.914887	0.654413	0.936334	0.471787	0.978651	0.466748	0.900213	0.767568	0.90907	0.417495	0.917219	0.413851	0.858653	0.414926	0.943289	0.525726	0.882027	0.425973	0.892359	0.42597</FloatingPoint>
			</Individual>
			<Individual size="2">
				<FitnessMax value="3.73473"/>
				<FloatingPoint size="50">	3.62201	1.40667	5.56957	5.63981	5.58718	3.84553	1.69604	3.60098	5.51233	4.4885	3.50582	1.32673	4.73625	5.45531	5.24235	3.57501	0.541118	3.21402	5.69257	5.35014	3.60396	0.334429	3.68095	5.59467	4.43302	3.48869	1.26553	5.36077	5.44618	5.49342	3.90779	1.42097	4.63821	4.86996	4.5973	3.59779	1.34588	4.65125	5.59468	5.47022	3.6819	1.45298	3.6462	5.2075	4.42227	3.71296	2.16173	4.2634	4.40127	4.49299</FloatingPoint>
				<FloatingPoint size="20">	0.962229	0.546224	0.932162	0.53216	0.976804	0.349165	0.900217	0.526247	0.909008	0.801706	0.964226	0.682554	0.858608	0.608288	0.916942	0.310875	0.931791	0.613516	0.893596	0.778944</FloatingPoint>
			</Individual>
			<Individual size="2">
				<FitnessMax value="3.73473"/>
				<FloatingPoint size="50">	3.64868	1.39213	5.57483	5.62134	5.59066	3.84548	1.58255	3.62037	5.51935	4.48632	3.37641	1.32701	4.74126	5.45611	5.20738	3.57528	0.476951	3.24462	5.69565	5.32782	3.59703	0.333178	3.68282	5.58903	4.44222	3.47599	1.26107	5.37713	5.52379	5.49045	3.65478	1.42171	4.63777	4.86665	4.62104	3.58531	1.33447	4.6405	5.59457	5.47789	3.68291	1.51795	3.73289	5.22528	4.41768	3.70846	2.2356	4.31148	4.34306	4.48782</FloatingPoint>
				<FloatingPoint size="20">	0.905732	0.651467	0.936283	0.572937	0.978436	0.46624	0.900214	0.544561	0.90907	0.422418	0.920476	0.386726	0.858676	0.430109	0.942903	0.49308	0.8537	0.401216	0.89132	0.366218</FloatingPoint>
			</Individual>
			<Individual size="2">
				<FitnessMax value="3.73473"/>
				<FloatingPoint size="50">	3.64096	1.40306	5.57131	5.60304	5.58649	3.84521	1.50359	3.59331	5.5268	4.50414	3.48151	1.25289	4.7466	5.44066	5.17668	3.57714	0.481851	3.22035	5.66353	5.27068	3.60633	0.304626	3.69583	5.60432	4.52425	3.59636	1.26267	5.4586	5.4736	5.5088	3.90016	1.42033	4.61834	4.8592	4.61439	3.57903	1.39552	4.64051	5.59644	5.50824	3.68161	1.5087	3.689	5.21777	4.41504	3.7234	2.48493	4.30233	4.41553	4.49135</FloatingPoint>
				<FloatingPoint size="20">	0.962251	0.859655	0.93469	0.464914	0.978297	0.302818	0.898278	0.734183	0.90907	0.413229	0.989006	0.571719	0.858687	0.24226	0.943567	0.266425	0.896862	0.492509	0.896904	0.305113</FloatingPoint>
			</Individual>
			<Individual size="2">
				<FitnessMax value="3.19451"/>
				<FloatingPoint size="50">	3.65013	1.40778	5.56695	5.644	5.5865	3.87931	1.67293	3.64505	5.54809	4.48875	3.47753	1.32675	4.67372	5.45057	5.22047	3.57502	0.455352	3.22226	5.69353	5.34985	3.60343	0.334593	3.68064	5.58719	4.52528	3.4857	1.26252	5.31677	5.50425	5.50001	3.8469	1.42128	4.63752	4.87721	4.63959	3.62171	6.34228	4.83108	5.5933	5.36053	3.68041	1.45472	3.64885	5.2172	4.4203	3.71254	2.16422	4.26223	4.40088	4.49627</FloatingPoint>
				<FloatingPoint size="20">	0.962229	0.546224	0.93255	0.53216	0.971798	0.349165	0.900217	0.526247	0.909008	0.536007	0.958057	0.511183	0.858608	0.608288	0.916942	0.155686	0.931791	0.148258	0.893596	0.770455</FloatingPoint>
			</Individual>
			<Individual size="2">
				<FitnessMax value="3.48856"/>
				<FloatingPoint size="50">	3.64868	1.39728	5.56952	5.62442	5.58734	3.84546	1.5402	3.93099	5.54727	4.4867	3.53643	1.31862	4.73954	5.45646	5.20696	3.57612	0.476566	3.23601	5.67156	5.34389	3.59601	0.334952	3.67768	5.58986	4.5405	3.46745	1.26105	5.43892	5.45227	5.49207	3.90048	1.65425	4.64508	4.86534	4.63943	3.59719	1.78711	4.6405	5.59299	5.45985	3.6812	1.52967	3.72034	5.2359	4.61244	3.71463	2.29124	4.28503	3.79802	4.48552</FloatingPoint>
				<FloatingPoint size="20">	0.858611	0.54708	0.936763	0.467651	0.974661	0.591815	0.900212	0.576952	0.909071	0.512609	0.972834	0.667532	0.858705	0.428123	0.940741	0.5167	0.912292	0.41211	0.900391	0.431326</FloatingPoint>
			</Individual>
			<Individual size="2">
				<FitnessMax value="3.73473"/>
				<FloatingPoint size="50">	3.6456	1.39842	5.57187	5.60003	5.58795	3.21436	1.51234	3.59908	5.52801	4.4924	3.39365	1.27681	4.75713	5.46688	5.35608	3.57617	0.463796	3.21797	5.69767	5.3224	3.59221	0.278621	3.65162	5.60958	4.53197	3.48071	1.27846	5.43045	5.44889	5.5127	3.90765	1.42079	4.62966	4.86187	4.62069	3.58954	1.38888	4.667	5.59908	5.47604	3.68028	1.54263	3.72718	5.20582	4.42036	3.78067	2.24635	4.30003	4.40799	4.48909</FloatingPoint>
				<FloatingPoint size="20">	0.923481	0.0469515	0.931855	0.484799	0.975131	0.46597	0.900211	0.706975	0.909026	0.446458	0.965797	0.462855	0.858613	0.408916	0.931745	0.49618	0.932375	0.236089	0.891968	0.30787</FloatingPoint>
			</Individual>
			<Individual size="2">
				<FitnessMax value="3.73473"/>
				<FloatingPoint size="50">	3.64096	1.40306	5.57131	5.60304	5.58649	3.84521	1.50359	3.59331	5.5268	4.50414	3.48151	1.25289	4.7466	5.44066	5.17668	3.57714	0.481851	3.22035	5.66353	5.27068	3.60633	0.304626	3.69583	5.60432	4.52425	3.47446	1.26267	5.4586	5.4736	5.5088	3.90016	1.42033	4.61834	4.8592	4.61439	3.57903	1.39552	4.64051	5.59644	5.50824	3.68161	1.5087	3.689	5.21777	4.41504	3.7234	2.48493	4.30233	4.41553	4.49135</FloatingPoint>
				<FloatingPoint size="20">	0.966267	0.222391	0.93469	0.542065	0.972375	0.302818	0.898278	0.446528	0.909058	0.459771	0.989006	0.571719	0.858792	0.24226	0.877067	0.266425	0.896862	0.464769	0.896904	0.767424</FloatingPoint>
			</Individual>
			<Individual size="2">
				<FitnessMax value="3.47798"/>
				<FloatingPoint size="50">	3.65261	1.3973	5.57054	5.62892	5.58733	3.85806	1.50574	3.72483	5.50482	4.48492	3.45306	1.7976	4.68007	5.47164	5.20876	3.57589	0.473995	3.21623	5.67035	5.3459	3.60155	0.334897	3.6723	5.58725	4.54152	3.4755	1.26808	5.42961	5.45085	5.50443	3.8722	1.51657	1.91632	4.86915	4.62953	3.60718	1.36577	4.75519	5.58202	5.47396	3.68224	1.53092	3.61222	5.21847	4.58224	3.71531	2.31461	4.27751	4.39574	4.10464</FloatingPoint>
				<FloatingPoint size="20">	0.83234	0.215785	0.935664	0.539838	0.972506	0.522129	0.886689	0.575132	0.909069	0.447317	0.98978	0.563501	0.858665	0.52322	0.929004	0.564383	0.886783	0.436946	0.891607	0.764915</FloatingPoint>
			</Individual>
			<Individual size="2">
				<FitnessMax value="3.73473"/>
				<FloatingPoint size="50">	3.64096	1.40306	5.57131	5.60304	5.58649	3.84521	1.50359	3.59331	5.5268	4.50414	3.48151	1.25289	4.7466	5.44066	5.17668	3.57714	0.481851	3.22035	5.66353	5.27068	3.60633	0.304626	3.69583	5.60432	4.52425	3.47446	1.26267	5.4586	5.4736	5.5088	3.90016	1.42033	4.61834	4.8592	4.61439	3.57903	1.39552	4.64051	5.59644	5.50824	3.68161	1.5087	3.689	5.21777	4.41504	3.7234	2.48493	4.30233	4.41553	4.49135</FloatingPoint>
				<FloatingPoint size="20">	0.962251	0.859655	0.93469	0.464914	0.978297	0.302818	0.898278	0.446528	0.90907	0.413229	0.989006	0.571719	0.858687	0.24226	0.943567	0.266425	0.896862	0.492509	0.896904	0.305113</FloatingPoint>
			</Individual>
			<Individual size="2">
				<FitnessMax value="3.48639"/>
				<FloatingPoint size="50">	3.64356	1.39327	5.57362	5.61181	5.58706	3.84428	1.5525	3.61356	5.55839	4.4895	3.37465	1.29303	4.75123	5.46448	5.19008	3.5764	0.469339	3.23608	5.6899	5.32224	3.59045	0.296326	3.663	5.60301	4.48536	3.47558	1.26681	5.46771	5.50155	5.50287	3.75128	1.42125	4.6324	4.86023	4.62003	3.5901	1.71452	4.64051	5.59859	5.48105	3.68225	1.53125	3.74549	5.21647	4.41965	3.75682	2.25327	4.31739	4.37094	4.48693</FloatingPoint>
				<FloatingPoint size="20">	0.967633	0.519568	0.936855	0.476709	0.974405	0.541886	0.900213	0.473621	0.909086	0.550197	0.968078	0.691203	0.858695	0.438481	0.936273	0.292079	0.601381	0.432131	0.898937	0.288658</FloatingPoint>
			</Individual>
			<Individual size="2">
				<FitnessMax value="3.54538"/>
				<FloatingPoint size="50">	3.64528	1.40659	5.56949	5.62518	5.58591	3.84548	1.50554	3.6106	5.52781	4.4834	3.51512	1.37052	4.7351	5.45029	5.20163	3.57581	0.498567	3.21649	5.66212	5.38924	3.59105	0.333429	3.67817	5.5926	4.49088	3.46608	1.26312	5.49302	5.44958	5.49221	3.90997	1.49527	1.47779	4.86521	4.57058	3.59494	1.38615	4.82431	5.58981	5.46796	3.68062	1.52924	3.71	5.25923	4.62293	3.71207	2.26728	4.31458	4.38163	4.48688</FloatingPoint>
				<FloatingPoint size="20">	0.954545	0.599751	0.932453	0.918625	0.968996	0.451161	0.899976	0.408686	0.90906	0.5987	0.953175	0.680759	0.858693	0.892693	0.938672	0.347469	0.91553	0.438862	0.899551	0.455049</FloatingPoint>
			</Individual>
			<Individual size="2">
				<FitnessMax value="3.73473"/>
				<FloatingPoint size="50">	3.62201	1.40667	5.56957	5.63981	5.58718	3.84553	1.69604	3.60098	5.51233	4.4885	3.50582	1.32673	4.73625	5.45531	5.24235	3.57501	0.541118	3.21402	5.69257	5.35014	3.60396	0.334429	3.68095	5.59467	4.43302	3.48869	1.26553	5.36077	5.44618	5.49342	3.90779	1.42097	4.63821	4.86996	4.5973	3.59437	1.34588	4.65125	5.59468	5.47022	3.6819	1.45298	3.6462	5.2075	4.42227	3.71296	2.16173	4.2634	4.40127	4.49299</FloatingPoint>
				<FloatingPoint size="20">	0.905732	0.651467	0.936283	0.572937	0.978436	0.46624	0.900214	0.544561	0.90907	0.422418	0.920476	0.386726	0.858676	0.430109	0.942903	0.49308	0.8537	0.401216	0.89132	0.366218</FloatingPoint>
			</Individual>
			<Individual size="2">
				<FitnessMax value="3.73473"/>
				<FloatingPoint size="50">	3.62201	1.39768	5.56989	5.62561	5.58982	3.84615	1.51735	3.61965	5.50706	4.48638	3.40533	1.32248	4.73821	5.47665	5.26449	3.57544	0.476942	3.21483	5.69666	5.36398	3.59787	0.332135	3.65727	5.61652	4.51722	3.47531	1.26853	5.40651	5.46206	5.49129	3.74593	1.42152	4.63616	4.8706	4.62258	3.58052	1.33728	4.6482	5.59497	5.46306	3.68122	1.53134	3.73525	5.21353	4.4178	3.71986	2.13869	4.28559	4.38596	4.48672</FloatingPoint>
				<FloatingPoint size="20">	0.905732	0.651467	0.936283	0.572937	0.978436	0.46624	0.900214	0.544561	0.90907	0.601373	0.920476	0.386726	0.858676	0.430109	0.942903	0.49308	0.8537	0.401216	0.89132	0.366218</FloatingPoint>
			</Individual>
			<Individual size="2">
				<FitnessMax value="3.73473"/>
				<FloatingPoint size="50">	3.65753	1.39644	5.57327	5.6168	5.58867	3.8443	1.52759	3.62138	5.56638	4.49538	3.51611	1.32702	4.73476	5.46127	5.2458	3.57559	0.475756	3.21586	5.72191	5.37347	3.6037	0.334312	3.67867	5.59012	4.50861	3.47029	1.2817	5.42122	5.52824	5.49085	3.82278	1.42128	4.63348	4.86971	4.64978	3.59618	1.36708	4.64048	5.60073	5.43383	3.68267	1.53727	3.68394	5.22024	4.42042	3.7149	2.45593	4.27137	4.39803	4.48421</FloatingPoint>
				<FloatingPoint size="20">	0.898163	0.516902	0.896036	0.295278	0.973247	0.388512	0.900229	0.353107	0.909099	0.541722	0.965522	0.234746	0.85872	0.470061	0.939396	0.505764	0.939349	0.500905	0.906673	0.53342</FloatingPoint>
			</Individual>
			<Individual size="2">
				<FitnessMax value="3.17804"/>
				<FloatingPoint size="50">	3.65742	1.40202	5.57094	5.61284	5.58668	3.84565	1.51318	3.69073	5.51615	4.48734	3.57183	1.32061	4.73781	5.46844	5.2479	3.57557	0.472089	3.21318	5.70264	5.39277	3.60217	0.334801	3.67097	5.60015	4.53528	0.520939	1.28094	5.41396	5.45213	5.50283	3.7018	1.4287	4.64666	4.86867	4.64022	3.57865	1.37308	4.64049	5.60153	5.44833	3.68065	1.52905	3.71428	5.22245	4.62601	3.71996	2.27534	4.2723	3.7802	4.49005</FloatingPoint>
				<FloatingPoint size="20">	0.966667	0.839217	0.936657	0.548129	0.975095	0.00694663	0.900218	0.767568	0.90907	0.417495	0.917219	0.413851	0.858653	0.414926	0.943289	0.525726	0.882027	0.425973	0.892359	0.42597</FloatingPoint>
			</Individual>
			<Individual size="2">
				<FitnessMax value="3.73473"/>
				<FloatingPoint size="50">	3.64816	1.3937	5.56941	5.61084	5.58783	3.84583	1.53696	3.63072	5.51654	4.49611	3.60053	1.327	4.7344	5.45402	5.27923	3.57477	0.474928	3.20385	5.72632	5.38872	3.60754	0.33574	3.67155	5.58508	4.55399	3.45339	1.28079	5.36469	5.4494	5.49123	3.91436	1.42112	4.63466	4.87015	4.66006	3.59911	1.33595	4.64051	5.58793	5.42236	3.68035	1.55527	3.66188	5.20036	4.41773	3.70882	2.18329	4.27017	4.40642	4.48313</FloatingPoint>
				<FloatingPoint size="20">	0.977878	0.558916	0.903624	0.230624	0.972182	0.336539	0.90022	0.388178	0.909097	0.513984	0.992298	0.714143	0.858715	0.474614	0.941514	0.172263	0.931262	0.508039	0.900452	0.428535</FloatingPoint>
			</Individual>
			<Individual size="2">
				<FitnessMax value="3.37689"/>
				<FloatingPoint size="50">	6.88556	1.40306	5.57131	5.60304	5.58649	3.84521	1.50359	3.59331	5.5268	4.50414	3.48151	1.25289	4.7466	5.44066	5.17668	3.57714	0.481851	3.22035	5.66353	5.27068	3.60633	0.304626	3.69583	5.60432	4.52425	3.47446	1.26267	5.4586	5.4736	5.5088	3.90016	1.42033	4.61834	4.8592	4.61439	3.57903	1.39552	4.64051	5.59644	5.50824	3.68161	1.5087	3.689	5.21777	4.41504	3.7234	2.48493	4.30233	4.41553	4.49135</FloatingPoint>
				<FloatingPoint size="20">	0.952415	0.366585	0.936646	0.575442	0.968882	0.330634	0.899772	0.489107	0.909081	0.545017	0.972778	0.541369	0.858682	0.442818	0.888817	0.281619	0.918932	0.466842	0.89554	0.657202</FloatingPoint>
			</Individual>
			<Individual size="2">
				<FitnessMax value="3.73473"/>
				<FloatingPoint size="50">	3.64132	1.41053	5.57218	5.61311	5.58787	3.85397	1.50617	3.59588	5.51228	4.48499	3.39535	1.3172	4.74062	5.4673	5.19304	3.57621	0.478494	3.22256	5.6807	5.35262	3.58867	0.327775	3.67381	5.59713	4.53552	3.4792	1.27043	5.45904	5.4513	5.50422	3.87336	1.42114	4.63111	4.87126	4.60394	3.60391	1.37745	4.75407	5.58951	5.48256	3.68029	1.53335	3.70232	5.22984	4.41889	3.72622	2.39538	4.29252	4.39525	4.48877</FloatingPoint>
				<FloatingPoint size="20">	0.914887	0.654413	0.936334	0.464914	0.978651	0.0853103	0.900213	0.767568	0.909128	0.134227	0.9206	0.388765	0.858675	0.657316	0.942897	0.496814	0.853556	0.4001	0.891344	0.367235</FloatingPoint>
			</Individual>
			<Individual size="2">
				<FitnessMax value="3.73473"/>
				<FloatingPoint size="50">	3.64528	1.39213	5.56856	5.63238	5.58329	3.84548	1.50044	3.59628	5.49752	4.49133	3.37926	1.21538	4.67843	5.4845	5.17509	3.57851	0.466571	3.24433	5.69565	5.33238	3.599	0.32898	3.67299	5.58683	4.44222	3.98501	1.30387	5.54182	5.52379	5.25493	3.90959	1.42171	4.62565	4.86932	4.61407	3.61961	1.40071	4.6405	5.61172	5.47176	3.67906	1.56284	3.65728	5.2117	4.50726	3.71252	2.10826	4.26176	4.34306	4.48321</FloatingPoint>
				<FloatingPoint size="20">	0.907721	0.553618	0.913077	0.425839	0.973284	0.72346	0.900227	0.709443	0.909092	0.436667	0.950013	0.341652	0.858665	0.465603	0.942915	0.518771	0.900612	0.456179	0.894572	0.54054</FloatingPoint>
			</Individual>
			<Individual size="2">
				<FitnessMax value="3.73473"/>
				<FloatingPoint size="50">	3.65261	1.40182	5.56934	5.62462	5.5873	3.84575	1.51399	3.61343	5.51635	4.48664	3.59271	1.31835	4.74043	5.45742	5.21231	3.57596	0.474933	3.20821	5.66704	5.39957	3.59593	0.33523	3.67159	5.59187	4.54314	3.46591	1.27815	5.41555	5.45081	5.49219	3.90918	1.82407	4.64686	4.86844	4.65645	3.59816	1.36359	4.64049	5.59335	5.44453	3.68052	1.55089	3.70815	5.23624	4.80196	3.7161	2.30762	4.27356	4.39742	4.4859</FloatingPoint>
				<FloatingPoint size="20">	0.914887	0.654413	0.936334	0.471787	0.978651	0.466748	0.900213	0.767568	0.90907	0.417495	0.917219	0.413851	0.858653	0.414926	0.943289	0.525726	0.882027	0.425973	0.892359	0.42597</FloatingPoint>
			</Individual>
			<Individual size="2">
				<FitnessMax value="3.11083"/>
				<FloatingPoint size="50">	3.65742	1.39859	5.57222	5.62453	5.58511	3.8393	1.50036	3.59173	5.52357	4.48155	3.37668	1.26298	4.74869	2.35964	5.18366	3.57525	0.487198	3.21934	5.68304	5.32125	3.59898	0.266955	3.6274	5.61373	4.52378	3.49146	1.26463	5.42769	5.44583	5.51959	3.92804	1.42075	4.64214	4.85124	4.55027	3.59701	1.36458	4.80654	5.59176	5.48027	3.68083	1.43715	3.65401	5.2253	4.42284	3.77409	2.17843	4.27392	4.3991	4.49316</FloatingPoint>
				<FloatingPoint size="20">	0.967521	0.66765	0.936333	0.479552	0.97786	0.409409	0.900214	0.505396	0.909073	0.419771	0.941831	0.565204	0.858668	0.389871	0.941864	0.49391	0.896263	0.426383	0.794323	0.47142</FloatingPoint>
			</Individual>
			<Individual size="2">
				<FitnessMax value="3.54538"/>
				<FloatingPoint size="50">	3.65261	1.40182	5.56934	5.62462	5.5873	3.84575	1.51399	3.61343	5.51635	4.48664	3.59271	1.31835	4.74043	5.45742	5.21231	3.57596	0.474933	3.20821	5.66704	5.39957	3.59593	0.33523	3.67159	5.59187	4.54314	3.46591	1.27815	5.41555	5.45081	5.49219	3.90918	1.82407	0.301097	4.86844	4.65645	3.59816	1.36359	4.64049	5.59335	5.44453	3.68052	1.55089	3.70815	5.23624	4.80196	3.7161	2.30762	4.31494	4.37241	4.48687</FloatingPoint>
				<FloatingPoint size="20">	0.962251	0.859655	0.936334	0.359967	0.978297	0.377003	0.900213	0.322479	0.90907	0.541722	0.911012	0.234746	0.859613	0.470061	0.943987	0.323111	0.939349	0.476119	0.906673	0.0889638</FloatingPoint>
			</Individual>
			<Individual size="2">
				<FitnessMax value="3.17427"/>
				<FloatingPoint size="50">	3.65742	1.38958	5.57595	5.64291	5.58734	3.86818	1.50185	3.68095	5.46958	4.48478	3.38908	1.3171	4.65041	5.48261	5.20419	3.57548	0.473291	3.27168	5.70347	5.3285	3.60367	0.327823	3.67238	5.58633	4.53637	3.49764	1.26505	5.43436	5.45095	5.50522	3.86936	5.72006	4.62307	4.87126	4.60549	3.62096	1.36631	4.78538	5.5683	5.49762	3.68251	1.40645	3.61162	5.21421	4.41914	3.71428	2.44572	4.27818	4.39192	4.48397</FloatingPoint>
				<FloatingPoint size="20">	0.364367	0.45959	0.934959	0.489545	0.967384	0.437805	0.835093	0.527981	0.909089	0.56113	0.95138	0.530423	0.858681	0.811354	0.931523	0.404661	0.941483	0.469837	0.893765	0.439429</FloatingPoint>
			</Individual>
			<Individual size="2">
				<FitnessMax value="3.42421"/>
				<FloatingPoint size="50">	3.64859	1.39255	5.57372	5.62134	5.58752	3.84389	1.57879	3.62479	5.56726	4.48679	3.37212	1.32689	4.73771	5.45613	5.20461	3.57625	0.477141	3.24361	5.69416	5.32779	3.59675	0.333087	3.68286	5.5894	4.45262	3.47555	5.52386	5.46288	5.52883	5.49082	3.66648	1.4217	4.6438	4.86532	4.62114	3.59563	1.86128	4.6405	5.59263	5.47797	3.68289	1.52263	3.73301	5.22779	4.41786	3.70893	2.27329	4.32016	4.34762	4.48467</FloatingPoint>
				<FloatingPoint size="20">	0.955682	0.486741	0.932123	0.437199	0.973783	0.539677	0.900213	0.650842	0.908916	0.379967	0.917593	0.496809	0.858699	0.43154	0.942802	0.675227	0.892677	0.706238	0.890614	0.0715676</FloatingPoint>
			</Individual>
			<Individual size="2">
				<FitnessMax value="3.73473"/>
				<FloatingPoint size="50">	3.64096	1.40306	5.57131	5.60304	5.58649	3.84521	1.50359	3.59331	5.5268	4.50414	3.48151	1.25289	4.7466	5.44066	5.17668	3.57714	0.481851	3.22035	5.66353	5.27068	3.60633	0.304626	3.69583	5.60432	4.52425	3.47446	1.26267	5.4586	5.4736	5.5088	3.90016	1.42033	4.61834	4.8592	4.61439	3.57903	1.39552	4.64051	5.59644	5.50824	3.68161	1.5087	3.689	5.21777	4.41504	3.7234	2.48493	4.30233	4.41553	4.49135</FloatingPoint>
				<FloatingPoint size="20">	0.94375	0.424187	0.935462	0.551835	0.975014	0.0845471	0.899575	0.489731	0.909063	0.458843	0.988983	0.463099	0.858682	0.399817	0.888692	0.367737	0.871663	0.454902	0.895816	0.724339</FloatingPoint>
			</Individual>
			<Individual size="2">
				<FitnessMax value="3.73473"/>
				<FloatingPoint size="50">	3.64859	1.39255	5.57372	5.62134	5.58752	3.84389	1.57879	3.62479	5.56726	4.48679	3.37212	1.32689	4.73771	5.45613	5.20461	3.57625	0.477141	3.24361	5.69416	5.32779	3.59675	0.333087	3.68286	5.5894	4.45262	3.47555	1.26098	5.46288	5.52883	5.49082	3.66648	1.4217	4.6438	4.86532	4.62114	3.59563	1.86128	4.6405	5.59263	5.47797	3.68289	1.52263	3.73301	5.22779	4.41786	3.70893	2.27329	4.32016	4.34762	4.48467</FloatingPoint>
				<FloatingPoint size="20">	0.914887	0.839071	0.936752	0.571169	0.973088	0.551596	0.900224	0.247717	0.909086	0.603976	0.968305	0.665836	0.858704	0.427231	0.940135	0.50725	0.926894	0.413375	0.894095	0.323354</FloatingPoint>
			</Individual>
			<Individual size="2">
				<FitnessMax value="3.73473"/>
				<FloatingPoint size="50">	3.63908	1.40353	5.57172	5.61844	5.58475	3.84558	1.50132	3.59345	5.51241	4.5078	3.39443	1.26359	4.74112	5.46143	5.73131	3.57619	0.47705	3.21988	5.68477	5.33708	3.60541	0.309702	3.65518	5.59998	4.53259	3.47554	1.2732	5.36797	5.44884	5.51128	3.86655	1.42079	4.63923	4.87243	4.613	3.5954	1.39336	4.66864	5.59355	5.47518	3.68005	1.49805	3.68454	5.22691	4.4209	3.71861	2.324	4.30407	4.40014	4.49556</FloatingPoint>
				<FloatingPoint size="20">	0.923481	0.176427	0.931855	0.484799	0.975131	0.46597	0.900211	0.706975	0.909026	0.665767	0.965797	0.342243	0.858613	0.408916	0.931745	0.49618	0.932375	0.236089	0.891968	0.30787</FloatingPoint>
			</Individual>
			<Individual size="2">
				<FitnessMax value="3.73473"/>
				<FloatingPoint size="50">	3.64586	1.39349	5.57151	5.61132	5.58744	3.84505	1.54473	3.62214	5.53746	4.4928	3.48759	1.31002	4.74282	5.45925	5.23465	3.57705	0.469416	3.22209	5.7272	5.34878	3.6006	0.315362	3.65961	5.59402	4.52272	3.46238	1.29586	5.41328	5.47796	5.50254	3.78513	1.42027	4.62488	4.91115	4.62263	3.5891	1.52681	4.64045	5.58132	5.45559	3.67964	1.54851	3.71632	5.19249	4.41825	3.71796	2.22117	4.29721	4.39329	4.48342</FloatingPoint>
				<FloatingPoint size="20">	0.878835	0.564744	0.884258	0.213742	0.964476	0.386016	0.900228	0.329381	0.909094	0.534059	0.966355	0.191011	0.858731	0.473003	0.942422	0.317279	0.931258	0.513804	0.896064	0.417752</FloatingPoint>
			</Individual>
			<Individual size="2">
				<FitnessMax value="3.63021"/>
				<FloatingPoint size="50">	3.64096	1.40306	5.57131	5.60304	5.58649	3.84521	1.50359	3.59331	5.5268	4.50414	3.48151	1.25289	4.7466	5.44066	5.17668	3.57714	0.481851	3.22035	5.66353	5.27068	3.60633	0.304626	3.69583	5.60432	4.52425	3.47446	1.26267	5.4586	5.4736	5.5088	3.90016	1.42033	4.61834	4.8592	4.61439	3.57903	1.39552	4.64051	5.59644	5.50824	3.68161	1.5087	3.689	5.21777	4.41504	3.7234	2.35663	4.30233	4.41553	4.49135</FloatingPoint>
				<FloatingPoint size="20">	0.961853	0.429253	0.936018	0.49282	0.73052	0.311381	0.896889	0.519802	0.909075	0.198987	0.952244	0.443495	0.858682	0.410135	0.911034	0.290291	0.95134	0.423303	0.895534	0.751752</FloatingPoint>
			</Individual>
			<Individual size="2">
				<FitnessMax value="3.73473"/>
				<FloatingPoint size="50">	3.62201	1.40667	5.56957	5.63981	5.58718	3.84553	1.69604	3.60098	5.51233	4.4885	3.50582	1.32673	4.73625	5.45531	5.24235	3.57501	0.541118	3.21402	5.69257	5.35014	3.60396	0.334429	3.68095	5.59467	4.43302	3.48869	1.26553	5.36077	5.44618	5.49342	3.90779	1.42097	4.63821	4.86996	4.5973	3.59779	1.34588	4.65125	5.59468	5.47022	3.6819	1.45298	3.6462	5.2075	4.42227	3.71296	2.16173	4.2634	4.40127	4.49299</FloatingPoint>
				<FloatingPoint size="20">	0.962229	0.546224	0.93255	0.53216	0.971798	0.349165	0.900217	0.526247	0.909008	0.536007	0.958057	0.511183	0.858608	0.608288	0.916942	0.155686	0.931791	0.148258	0.893596	0.770455</FloatingPoint>
			</Individual>
			<Individual size="2">
				<FitnessMax value="3.73473"/>
				<FloatingPoint size="50">	3.64528	1.39806	5.56936	5.55808	5.58851	3.83775	1.50044	3.59141	5.51962	4.49133	3.37926	1.27067	4.73733	5.45914	5.21169	3.57741	0.466571	3.21892	5.73897	5.33238	3.599	0.31807	3.67299	5.59123	4.55685	3.45483	1.30387	5.43624	5.46287	5.52807	3.90959	1.41991	4.65023	4.88591	4.63143	3.14352	1.36898	4.64045	5.5923	5.47478	3.67906	1.56284	3.75355	5.19607	4.41849	3.70776	2.37327	4.26176	4.39786	4.49216</FloatingPoint>
				<FloatingPoint size="20">	0.965301	0.350711	0.936948	0.578515	0.965208	0.397182	0.900233	0.435528	0.909114	0.568342	0.962628	0.722016	0.858682	0.459838	0.928882	0.21764	0.930478	0.476166	0.895354	0.289172</FloatingPoint>
			</Individual>
			<Individual size="2">
				<FitnessMax value="3.73473"/>
				<FloatingPoint size="50">	3.64868	1.40628	5.57483	5.60042	5.58591	3.84548	1.58255	3.62037	5.51935	4.48632	3.37641	1.18949	4.72974	5.45796	5.18538	3.57924	0.486447	3.24462	5.69565	5.31179	3.59703	0.329923	3.68282	5.58903	4.44222	3.47518	1.26027	5.37713	5.52379	5.49045	3.91402	1.42171	4.63777	4.86201	4.62104	3.58531	1.41048	4.64053	5.59457	5.47789	3.68094	1.51795	3.73289	5.22528	4.54276	3.70934	2.2356	4.33371	4.39397	4.48782</FloatingPoint>
				<FloatingPoint size="20">	0.966977	0.556249	0.934174	0.278001	0.979421	0.242459	0.90021	0.419313	0.909097	0.475262	0.999609	0.922831	0.858709	0.475582	0.934659	0.125256	0.931438	0.491168	0.903287	0.431274</FloatingPoint>
			</Individual>
			<Individual size="2">
				<FitnessMax value="2.55917"/>
				<FloatingPoint size="50">	3.60052	1.402	5.58731	5.48074	5.59429	3.84379	1.50157	3.57768	5.66477	4.50483	3.37856	1.25775	5.0615	5.47069	5.1226	3.57158	0.41804	3.28712	5.64115	5.25121	3.51823	0.183567	3.48386	5.75241	4.85693	2.02203	1.20527	5.66157	5.6646	5.52235	3.94287	1.41647	4.56511	4.95214	4.62859	3.46396	1.49668	4.64059	5.6063	5.44329	3.6865	1.50652	4.09188	5.14423	4.18319	4.24656	2.51522	4.45515	4.62738	4.51469</FloatingPoint>
				<FloatingPoint size="20">	0.94375	0.840058	0.932262	0.614998	0.975646	0.244077	0.900211	0.616012	0.90908	0.472029	0.999575	0.603743	0.85868	0.469714	0.934604	0.324835	0.931481	0.390932	0.902296	0.411658</FloatingPoint>
			</Individual>
			<Individual size="2">
				<FitnessMax value="3.73473"/>
				<FloatingPoint size="50">	3.65753	1.39644	5.57327	5.6168	5.58867	3.8443	1.52759	3.62138	5.56638	4.49538	3.51611	1.32702	4.73476	5.46127	5.2458	3.57559	0.475756	3.21586	5.72191	5.37347	3.6037	0.334312	3.67867	5.59012	4.50861	3.47029	1.2817	5.42122	5.52824	5.49085	3.82278	1.42128	4.63348	4.86971	4.64978	3.59618	1.36708	4.64048	5.45799	5.43383	3.68267	1.53727	3.68394	5.22024	4.42042	3.7149	2.45593	4.27137	4.39803	4.48421</FloatingPoint>
				<FloatingPoint size="20">	0.962251	0.859655	0.936334	0.464914	0.978297	0.377003	0.900213	0.322479	0.90907	0.541722	0.965522	0.234746	0.85872	0.470061	0.939396	0.505764	0.939349	0.500905	0.906673	0.53342</FloatingPoint>
			</Individual>
			<Individual size="2">
				<FitnessMax value="3.73473"/>
				<FloatingPoint size="50">	3.64528	1.39213	5.56856	5.63238	5.58329	3.84548	1.50044	3.59628	5.49752	4.49133	3.37926	1.21538	4.67843	5.4845	5.17509	3.57851	0.466571	3.24433	5.69565	5.33238	3.599	0.32898	3.67299	5.58683	4.44222	3.98501	1.30387	5.54182	5.52379	5.52807	3.90959	1.42171	4.62565	4.86932	4.61407	3.61961	1.40071	4.6405	5.61172	5.47176	3.67906	1.56284	3.65728	5.2117	4.50726	3.71252	2.10826	4.26176	4.34306	4.48321</FloatingPoint>
				<FloatingPoint size="20">	0.914887	0.654413	0.936334	0.471787	0.978651	0.466748	0.900213	0.767568	0.90907	0.417495	0.917219	0.413851	0.858653	0.414926	0.943289	0.525726	0.882027	0.425973	0.892359	0.564163</FloatingPoint>
			</Individual>
			<Individual size="2">
				<FitnessMax value="3.70593"/>
				<FloatingPoint size="50">	3.62199	1.4392	5.57231	5.65005	5.58368	3.84567	1.50102	3.59919	5.5067	4.47752	3.37224	1.32669	4.73872	5.44619	5.22105	3.57425	0.54262	3.21639	5.68856	5.32363	3.61358	0.334002	3.69404	5.59817	4.3975	3.49721	1.26334	5.3594	5.4458	5.49142	3.92125	1.42096	4.64425	4.87108	4.53253	3.61951	1.34083	4.9814	5.57553	5.47196	3.68219	1.49565	3.67991	5.23345	4.63048	3.7126	2.243	4.28932	4.38195	4.49075</FloatingPoint>
				<FloatingPoint size="20">	0.962229	0.546224	0.932162	0.53216	0.976804	0.349165	0.900217	0.526247	0.909008	0.801706	0.854601	0.682554	0.858608	0.155692	0.916942	0.482155	0.931791	0.613516	0.893596	0.778944</FloatingPoint>
			</Individual>
			<Individual size="2">
				<FitnessMax value="3.07805"/>
				<FloatingPoint size="50">	3.65753	1.39246	5.56868	5.56555	5.58791	3.84461	1.52183	3.61883	5.54794	4.49106	2.19227	1.32533	4.7475	5.47894	5.20375	3.57691	0.469332	3.23037	5.6928	5.32238	3.59196	0.317597	3.67008	5.60824	4.4456	3.47579	1.27208	5.4534	5.51634	5.51496	3.75292	1.42153	4.64612	4.8611	4.61439	3.57903	1.39552	4.64051	5.59644	5.50824	3.68161	1.5087	3.689	5.21777	4.41504	3.7234	2.48493	4.30233	4.41553	4.49135</FloatingPoint>
				<FloatingPoint size="20">	0.914887	0.360492	0.934846	0.394663	0.964736	0.446419	0.900237	0.467614	0.909081	0.376536	0.946041	0.65329	0.859355	0.500141	0.93101	0.581982	0.899747	0.476026	0.89258	0.456378</FloatingPoint>
			</Individual>
			<Individual size="2">
				<FitnessMax value="3.48856"/>
				<FloatingPoint size="50">	3.65261	1.40182	5.56934	5.62462	5.5873	3.84575	1.51399	3.96976	5.51635	4.48664	3.59271	1.31835	4.74043	5.45742	5.21231	3.57596	0.474933	3.20821	5.66704	5.39957	3.59593	0.33523	3.67159	5.59187	4.54314	3.46591	1.27815	5.41555	5.45081	5.49219	3.90918	1.82407	4.64686	4.86844	4.65645	3.59816	1.36359	4.64049	5.59335	5.44453	3.68052	1.55089	3.70815	5.23624	4.80196	3.7161	2.30762	4.27356	3.03679	4.4859</FloatingPoint>
				<FloatingPoint size="20">	0.965898	0.81	0.936334	0.470585	0.978413	0.460293	0.900213	0.644538	0.90907	0.42849	0.930312	0.285542	0.858717	0.422244	0.940524	0.508679	0.914058	0.490278	0.895173	0.470375</FloatingPoint>
			</Individual>
			<Individual size="2">
				<FitnessMax value="3.15652"/>
				<FloatingPoint size="50">	3.6456	1.39842	5.56913	5.60003	5.58742	3.21436	1.51234	3.60385	5.50447	4.48948	3.48537	1.27681	0.998626	5.45646	5.27413	3.57617	0.463796	3.2144	5.71018	5.3224	3.59221	0.278621	3.67532	5.60958	4.53197	3.48071	1.27846	5.43045	5.44889	5.49616	3.84834	1.42079	4.62966	4.86187	4.62069	3.59505	1.35462	4.667	5.59194	5.47604	3.68028	1.54263	3.70704	5.20582	4.42413	3.7211	2.23669	4.26845	4.40799	4.48979</FloatingPoint>
				<FloatingPoint size="20">	0.962229	0.546224	0.932162	0.53216	0.976804	0.349165	0.900217	0.526247	0.909008	0.801706	0.964226	0.682554	0.757318	0.608288	0.916942	0.482155	0.931791	0.613516	0.893596	0.778944</FloatingPoint>
			</Individual>
			<Individual size="2">
				<FitnessMax value="3.73473"/>
				<FloatingPoint size="50">	3.6333	1.40459	5.57099	5.62567	5.58557	3.84556	1.5672	3.596	5.51238	4.50127	3.43212	1.28495	4.73947	5.45936	5.56589	3.57579	0.498725	3.2179	5.68741	5.3415	3.60492	0.318068	3.6639	5.59819	4.49891	3.47999	1.27061	5.36553	5.44794	5.50524	3.8805	1.42085	4.63888	4.87159	4.60769	3.59621	1.3773	4.66276	5.59393	5.47351	3.68067	1.4828	3.67156	5.22034	4.42136	3.7167	2.26911	4.29031	4.40052	4.49469</FloatingPoint>
				<FloatingPoint size="20">	0.923481	0.817889	0.931855	0.484799	0.975131	0.46597	0.900211	0.706975	0.909026	0.665767	0.965797	0.342243	0.858613	0.408916	0.931745	0.49618	0.932375	0.236089	0.891968	0.30787</FloatingPoint>
			</Individual>
			<Individual size="2">
				<FitnessMax value="3.73473"/>
				<FloatingPoint size="50">	3.62201	1.40667	5.56957	5.63981	5.58718	3.84553	1.50551	3.60098	5.51233	4.4885	3.50582	1.32673	4.73625	5.45531	5.24235	3.57501	0.541118	3.21402	5.69257	5.35014	3.60396	0.334429	3.68095	5.59467	4.43302	3.48869	1.26553	5.36077	5.44618	5.49342	3.90779	1.42097	4.63821	4.86996	4.5973	3.59779	1.34588	4.65125	5.59468	5.47022	3.6819	1.45298	3.6462	5.2075	4.42227	3.71296	2.16173	4.2634	4.40127	4.49299</FloatingPoint>
				<FloatingPoint size="20">	0.951824	0.379989	0.936677	0.576085	0.964877	0.349165	0.900217	0.526247	0.909026	0.446458	0.965797	0.462855	0.858613	0.408916	0.931745	0.49618	0.932375	0.236089	0.891968	0.30787</FloatingPoint>
			</Individual>
			<Individual size="2">
				<FitnessMax value="3.48856"/>
				<FloatingPoint size="50">	3.65261	1.40182	5.56934	5.62462	5.5873	3.84575	1.51399	3.96976	5.51635	4.48664	3.59271	1.31835	4.74043	5.45742	5.21231	3.57596	0.474933	3.20821	5.66704	5.39957	3.59593	0.33523	3.67159	5.59187	4.54314	3.46591	1.27815	5.41555	5.45081	5.49219	3.90918	1.82407	4.64686	4.86844	4.65645	3.59816	1.36359	4.64049	5.59335	5.44453	3.68052	1.55089	3.70815	5.23624	4.80196	3.7161	2.30762	4.27356	3.343	4.4859</FloatingPoint>
				<FloatingPoint size="20">	0.965703	0.80258	0.936251	0.45089	0.979255	0.345154	0.900212	0.613291	0.90907	0.431283	0.933637	0.318129	0.858733	0.424103	0.939822	0.50435	0.922193	0.50661	0.895888	0.481653</FloatingPoint>
			</Individual>
			<Individual size="2">
				<FitnessMax value="3.73473"/>
				<FloatingPoint size="50">	3.64859	1.39255	5.57372	5.62134	5.58752	3.84389	1.57879	3.62479	5.56726	4.48679	3.37212	1.32689	4.73771	5.45613	5.20461	3.57625	0.477141	3.24361	5.69416	5.32779	3.59675	0.333087	3.68286	5.5894	4.45262	3.47555	1.26098	5.46288	5.52883	5.49082	3.66648	1.4217	4.6438	4.86532	4.62114	3.59563	1.86128	4.6405	5.59263	5.47797	3.68289	1.52263	3.73301	5.22779	4.41786	3.70893	2.27329	4.32016	4.34762	4.48467</FloatingPoint>
				<FloatingPoint size="20">	0.96752	0.54708	0.936763	0.467651	0.974661	0.591815	0.900212	0.576952	0.909071	0.512609	0.972834	0.667532	0.858705	0.428123	0.940741	0.5167	0.912292	0.41211	0.900391	0.431326</FloatingPoint>
			</Individual>
			<Individual size="2">
				<FitnessMax value="3.74808"/>
				<FloatingPoint size="50">	3.65753	1.44232	5.46183	5.47154	5.5782	3.84822	1.51602	3.59351	5.49098	4.48635	3.38896	1.30123	4.75798	5.49685	5.45835	3.55657	0.44662	3.22535	5.75145	5.3204	3.68853	0.330931	3.57273	5.58556	4.57418	3.43936	1.27116	5.33042	5.47533	5.53279	3.4051	1.43456	4.5774	5.3664	4.47944	3.54223	1.3923	4.64048	5.4168	5.4533	3.67654	1.60907	3.7776	5.19384	4.41145	3.87231	2.20962	4.31538	4.32841	4.46123</FloatingPoint>
				<FloatingPoint size="20">	0.980301	0.456656	0.927209	0.295911	0.963856	0.480349	0.900318	0.32195	0.908955	0.794955	0.914334	0.556648	0.858262	0.57719	0.943974	0.627415	0.945197	0.0838092	0.915213	0.557416</FloatingPoint>
			</Individual>
			<Individual size="2">
				<FitnessMax value="3.73473"/>
				<FloatingPoint size="50">	3.64528	1.39964	5.57156	5.62461	5.58563	3.84325	1.509	3.60553	5.52141	4.48399	3.59184	1.31643	4.74792	5.46959	5.20887	3.57587	0.484949	3.21472	5.67657	5.37169	3.59792	0.330528	3.6401	5.60853	4.53893	3.49109	1.26517	5.42114	5.44668	5.51297	3.92212	1.43625	4.64254	4.85908	4.64925	3.59737	1.36366	4.73449	5.59328	5.47205	3.68054	1.54522	3.69383	5.23572	4.66233	3.75178	2.28587	4.27372	4.39776	4.489</FloatingPoint>
				<FloatingPoint size="20">	0.94375	0.464252	0.935153	0.525439	0.975075	0.0999162	0.899636	0.501736	0.909065	0.460113	0.990004	0.476648	0.858682	0.406551	0.893115	0.363604	0.877425	0.448739	0.89644	0.694215</FloatingPoint>
			</Individual>
			<Individual size="2">
				<FitnessMax value="3.73473"/>
				<FloatingPoint size="50">	3.64925	1.39975	5.57229	5.60992	5.58758	3.84476	1.51559	3.60735	5.54659	4.49976	3.49881	1.28995	4.74068	5.45097	5.21124	3.57636	0.478803	3.2181	5.69272	5.32207	3.60502	0.319469	3.68725	5.59722	4.51643	3.47238	1.27218	5.43991	5.50092	5.49983	3.86147	1.42081	4.62591	4.86446	4.63208	3.5876	1.3813	4.64049	5.59859	5.47104	3.68214	1.52298	3.68647	5.21901	4.41773	3.71915	2.47043	4.28685	4.40678	4.48778</FloatingPoint>
				<FloatingPoint size="20">	0.966267	0.222391	0.93469	0.542065	0.972375	0.302818	0.898278	0.446528	0.909058	0.459771	0.989006	0.355272	0.858792	0.24226	0.877067	0.266425	0.896862	0.464769	0.896904	0.767424</FloatingPoint>
			</Individual>
			<Individual size="2">
				<FitnessMax value="3.73473"/>
				<FloatingPoint size="50">	3.64528	1.39172	5.57082	5.62725	5.58578	3.84559	1.51146	3.65582	5.51295	4.48978	3.38884	1.32723	4.84	5.45874	5.42815	3.57415	0.474542	3.23756	5.70682	5.33229	3.60219	0.333227	3.68412	5.58792	4.54619	3.49685	1.27403	5.69421	5.44986	5.50521	3.87759	1.42104	4.64566	4.8755	4.62184	3.60213	1.34805	4.80867	5.58694	5.5055	3.68012	1.48057	3.71031	5.2225	4.41777	3.71202	2.19669	4.2853	4.39531	4.49326</FloatingPoint>
				<FloatingPoint size="20">	0.961854	0.424379	0.936098	0.213742	0.96381	0.47207	0.900229	0.528164	0.909094	0.534059	0.946236	0.451823	0.858687	0.851157	0.942422	0.2577	0.948124	0.513804	0.894095	0.307102</FloatingPoint>
			</Individual>
			<Individual size="2">
				<FitnessMax value="3.73473"/>
				<FloatingPoint size="50">	3.64096	1.40306	5.57131	5.60304	5.58649	3.84521	1.50359	3.59331	5.5268	4.50414	3.48151	1.25289	4.7466	5.44066	5.17668	3.57714	0.481851	3.22035	5.66353	5.27068	3.60633	0.304626	3.69583	5.60432	4.52425	3.27792	1.26267	5.4586	5.4736	5.5088	3.90016	1.42033	4.61834	4.8592	4.61439	3.57903	1.39552	4.64051	5.59644	5.50824	3.68161	1.5087	3.689	5.21777	4.41504	3.7234	2.48493	4.30233	4.41553	4.49135</FloatingPoint>
				<FloatingPoint size="20">	0.961825	0.397974	0.935172	0.472665	0.978089	0.290421	0.898952	0.491594	0.909084	0.226595	0.951096	0.447825	0.858676	0.287346	0.920855	0.489746	0.866859	0.445384	0.896722	0.384123</FloatingPoint>
			</Individual>
			<Individual size="2">
				<FitnessMax value="3.73473"/>
				<FloatingPoint size="50">	3.64132	1.40249	5.56888	5.62538	5.58715	3.84538	1.51157	3.60338	5.50313	4.49065	3.5426	1.32705	4.73704	5.47995	5.28264	3.5754	0.471599	3.21477	5.72052	5.34497	3.60255	0.334378	3.65646	5.60339	4.531	3.4606	1.28215	5.35374	5.46275	5.50511	3.5891	1.42106	4.63237	4.86985	4.62566	3.57334	1.37409	4.64048	5.61143	5.4488	3.68092	1.52824	3.74923	5.20611	4.43159	3.722	2.11174	4.2697	4.40278	4.49418</FloatingPoint>
				<FloatingPoint size="20">	0.951824	0.40783	0.936677	0.576085	0.964877	0.46133	0.900229	0.180662	0.9091	0.656059	0.948185	0.632454	0.858684	0.413393	0.937408	0.245897	0.931009	0.415687	0.894062	0.303092</FloatingPoint>
			</Individual>
			<Individual size="2">
				<FitnessMax value="3.50361"/>
				<FloatingPoint size="50">	3.65753	1.39644	5.57327	5.6168	5.58867	3.8443	1.52759	3.62138	5.56638	4.49538	3.51611	1.32702	4.73476	5.46127	5.2458	3.57559	0.475756	3.21586	1.23509	5.37347	3.6037	0.334312	3.67867	5.59012	4.50861	3.47029	1.2817	5.42122	5.52824	5.49085	3.82278	1.42128	4.63348	4.86971	4.64978	3.59618	1.36708	4.64048	5.60073	5.43383	3.68267	1.53727	3.68394	5.22024	4.42042	3.7149	2.45593	4.27137	4.39803	4.48421</FloatingPoint>
				<FloatingPoint size="20">	0.898163	0.516902	0.896036	0.295278	0.973247	0.388512	0.900229	0.353107	0.909099	0.541722	0.9733	0.31903	0.858711	0.469981	0.938301	0.464437	0.937552	0.475786	0.905673	0.505608</FloatingPoint>
			</Individual>
			<Individual size="2">
				<FitnessMax value="3.4466"/>
				<FloatingPoint size="50">	3.65261	1.394	5.57145	5.62356	4.27008	3.84552	1.50128	3.59581	5.50955	4.50354	3.38251	1.23639	4.73108	5.48231	5.72354	3.57806	0.471546	3.24431	5.68901	5.33599	3.60319	0.327244	3.66849	5.59316	4.51696	3.48778	1.28726	5.46724	5.50068	5.36761	3.90707	1.42135	4.63385	4.87198	4.61404	3.59901	1.39518	4.66661	5.61138	5.47195	3.67972	1.51073	3.67067	5.21945	4.42961	3.71543	2.17626	4.28612	4.37027	4.49191</FloatingPoint>
				<FloatingPoint size="20">	0.907721	0.553618	0.913077	0.425839	0.973284	0.72346	0.900227	0.709443	0.909092	0.436667	0.950013	0.341652	0.858665	0.465603	0.942915	0.518771	0.900612	0.456179	0.894572	0.54054</FloatingPoint>
			</Individual>
			<Individual size="2">
				<FitnessMax value="3.58058"/>
				<FloatingPoint size="50">	3.66376	1.42023	5.57339	5.64242	5.58481	3.84526	1.50097	3.5968	5.5759	4.48215	3.37926	1.40995	4.73441	5.44635	5.19988	3.57553	0.528276	3.21675	5.65757	5.31534	3.58819	0.327592	3.69177	5.59805	4.46308	3.47574	1.26294	5.49898	5.44657	5.49415	3.92034	1.42024	4.65996	4.86483	4.54675	3.58704	1.40406	4.96411	5.58563	5.47578	3.68064	1.52456	3.71393	5.26018	4.41853	3.70863	2.20333	4.29973	4.39385	4.48692</FloatingPoint>
				<FloatingPoint size="20">	0.954545	0.599751	0.932453	0.484552	0.968996	0.451161	0.899976	0.408686	0.90906	0.5987	0.953175	0.680759	0.858693	0.892693	0.938672	0.347469	0.91553	0.438862	0.899551	0.455049</FloatingPoint>
			</Individual>
		</Deme>
	</Population>
</ECF>
