<?xml version="1.0" encoding="ISO-8859-1"?>
<ECF milestone="Mon Jun 18 09:03:56 2018
">
	<Registry>
		<Entry key="1FloatingPoint.dimension">20</Entry>
		<Entry key="1FloatingPoint.lbound">0</Entry>
		<Entry key="1FloatingPoint.ubound">1</Entry>
		<Entry key="FloatingPoint.dimension">50</Entry>
		<Entry key="FloatingPoint.lbound">0</Entry>
		<Entry key="FloatingPoint.ubound">6.99</Entry>
		<Entry key="SteadyStateTournament.tsize">3</Entry>
		<Entry key="batch.logfile_">*</Entry>
		<Entry key="batch.remaining_">0</Entry>
		<Entry key="batch.repeats">1</Entry>
		<Entry key="batch.singlemilestone">1</Entry>
		<Entry key="batch.statsfile">stats/ohlc_bitfinex_iotusd_86400_10_100_0.5_0.8.csv</Entry>
		<Entry key="data.balance">16.3878</Entry>
		<Entry key="data.input">data/train/ohlc_bitfinex_iotusd_86400.csv</Entry>
		<Entry key="data.test">data/test/ohlc_bitfinex_iotusd_86400.csv</Entry>
		<Entry key="fuzzy.langvars">conf/ohlc_bitfinex_iotusd_86400.conf</Entry>
		<Entry key="fuzzy.numrules">10</Entry>
		<Entry key="fuzzy.threshold">0.8</Entry>
		<Entry key="log.frequency">10</Entry>
		<Entry key="log.level">3</Entry>
		<Entry key="milestone.elapsedtime_">185</Entry>
		<Entry key="milestone.filename">milestones/ohlc_bitfinex_iotusd_86400_10_100_0.5_0.8.txt</Entry>
		<Entry key="milestone.generation_">2999</Entry>
		<Entry key="mutation.indprob">0.5</Entry>
		<Entry key="operator.logfile">log/ohlc_bitfinex_iotusd_86400_10_100_0.5_0.8.csv</Entry>
		<Entry key="population.size">100</Entry>
		<Entry key="term.eval">300000</Entry>
	</Registry>
	<Population size="1">
		<HallOfFame size="1">
			<Individual size="2" gen="2984">
				<FitnessMax value="2.91577"/>
				<FloatingPoint size="50">	3.50774	1.27854	2.8428	2.57076	3.46971	2.73662	0.480057	2.47911	3.32388	3.20558	3.49182	2.69559	2.6347	3.13041	3.61691	2.48995	1.37996	0.856511	2.23288	3.70449	3.55551	0.647559	2.42648	3.39039	3.4518	3.32175	0.681269	2.85901	2.87563	3.24498	2.66788	0.793631	1.68312	4.34118	3.50563	3.36085	0.721302	2.83338	2.4801	2.49405	2.38269	0.352965	2.75663	1.66761	2.51265	3.26452	1.56307	3.30578	2.73318	3.06421</FloatingPoint>
				<FloatingPoint size="20">	0.825986	0.912222	0.893917	0.880386	0.214579	0.925875	0.917783	0.214081	0.329639	0.997281	0.35257	0.893366	0.919997	0.392116	0.519927	0.967674	0.515184	0.744551	0.888816	0.61098</FloatingPoint>
			</Individual>
		</HallOfFame>
		<Deme size="100">
			<HallOfFame size="1">
				<Individual size="2" gen="2984">
					<FitnessMax value="2.91577"/>
					<FloatingPoint size="50">	3.50774	1.27854	2.8428	2.57076	3.46971	2.73662	0.480057	2.47911	3.32388	3.20558	3.49182	2.69559	2.6347	3.13041	3.61691	2.48995	1.37996	0.856511	2.23288	3.70449	3.55551	0.647559	2.42648	3.39039	3.4518	3.32175	0.681269	2.85901	2.87563	3.24498	2.66788	0.793631	1.68312	4.34118	3.50563	3.36085	0.721302	2.83338	2.4801	2.49405	2.38269	0.352965	2.75663	1.66761	2.51265	3.26452	1.56307	3.30578	2.73318	3.06421</FloatingPoint>
					<FloatingPoint size="20">	0.825986	0.912222	0.893917	0.880386	0.214579	0.925875	0.917783	0.214081	0.329639	0.997281	0.35257	0.893366	0.919997	0.392116	0.519927	0.967674	0.515184	0.744551	0.888816	0.61098</FloatingPoint>
				</Individual>
			</HallOfFame>
			<Individual size="2">
				<FitnessMax value="1.33225"/>
				<FloatingPoint size="50">	3.50371	1.2781	2.84321	2.56388	3.4692	2.73662	0.483966	2.48616	3.32395	3.20665	3.55697	2.69559	2.6507	3.09884	3.61691	2.49073	1.37992	0.856512	2.22746	3.70434	3.55551	0.647678	2.42644	3.39124	3.4518	3.32175	0.680916	2.7773	2.87563	3.24498	2.6679	0.793614	1.68313	4.34118	3.50563	3.36167	0.7221	2.82779	2.30735	2.49408	2.40066	0.35318	2.75639	1.66761	2.51341	3.2646	1.57112	3.30753	2.73275	3.06326</FloatingPoint>
				<FloatingPoint size="20">	0.825456	0.915097	0.893917	0.880386	0.137291	0.925876	0.917782	0.217295	0.304536	0.997281	0.353093	0.894916	0.920007	0.392525	0.520284	0.96762	0.520458	0.741541	0.888805	0.587911</FloatingPoint>
			</Individual>
			<Individual size="2">
				<FitnessMax value="2.91577"/>
				<FloatingPoint size="50">	3.50372	1.27895	2.84281	2.57081	3.47233	2.73662	0.487894	2.47871	3.32388	3.20683	3.49206	2.69559	2.66776	3.08874	3.61689	2.4911	1.37995	0.856544	2.32044	3.70436	3.55551	0.647614	2.42643	3.3904	3.4518	3.32175	0.680822	2.85901	2.87564	3.24498	2.66789	0.793591	1.68313	4.34118	3.50563	3.36225	0.721302	2.83338	2.44645	2.49421	2.3827	0.353299	2.75607	1.66761	2.49819	3.26479	1.55807	3.30609	2.7331	3.06675</FloatingPoint>
				<FloatingPoint size="20">	0.833159	0.911484	0.893918	0.880386	0.304452	0.925875	0.917784	0.219916	0.307692	0.997281	0.352673	0.893371	0.919995	0.392658	0.519935	0.967669	0.519284	0.744531	0.870046	0.609572</FloatingPoint>
			</Individual>
			<Individual size="2">
				<FitnessMax value="2.91577"/>
				<FloatingPoint size="50">	3.50646	1.27823	2.84279	2.54234	3.46986	2.70123	0.486768	2.47774	3.32388	3.21033	3.49319	2.69559	2.644	3.10414	3.61693	2.49043	1.3799	0.856541	2.28669	3.70434	3.55551	0.647648	2.42646	3.39149	3.4518	3.32175	0.681008	2.85901	2.87563	3.24498	2.66792	0.793609	1.68313	4.34117	3.50563	3.36161	0.725026	2.81051	2.58267	2.49409	2.39101	0.353054	2.75624	1.66761	2.52799	3.26438	1.56473	3.30653	2.73301	3.05976</FloatingPoint>
				<FloatingPoint size="20">	0.853321	0.912148	0.893917	0.880386	0.242249	0.925876	0.917735	0.214068	0.336366	0.997281	0.352575	0.893731	0.920006	0.403	0.902508	0.967336	0.515906	0.74443	0.888811	0.610821</FloatingPoint>
			</Individual>
			<Individual size="2">
				<FitnessMax value="2.91577"/>
				<FloatingPoint size="50">	3.50562	1.27819	2.84326	2.59046	3.46888	2.73662	0.484872	2.47879	3.32395	3.20541	3.60059	2.69559	2.65825	3.12879	3.61691	2.49064	1.37992	0.856507	2.2319	3.70438	3.55551	0.647655	2.42645	3.39055	3.4518	3.32175	0.680843	2.724	2.87563	3.2411	2.6679	0.793613	1.68313	4.34118	3.50563	3.36135	0.721304	2.84893	2.52336	2.49406	2.39564	0.353042	2.75736	1.66761	2.51288	3.26451	1.56768	3.3086	2.73297	3.06443</FloatingPoint>
				<FloatingPoint size="20">	0.853321	0.902039	0.893918	0.880386	0.408717	0.925876	0.917386	0.489024	0.236335	0.997281	0.353335	0.89344	0.917293	0.287285	0.224466	0.967559	0.519112	0.739563	0.888806	0.574395</FloatingPoint>
			</Individual>
			<Individual size="2">
				<FitnessMax value="2.91577"/>
				<FloatingPoint size="50">	3.50646	1.27875	2.84279	2.5348	3.4678	2.73662	0.481995	2.47848	3.32388	3.20684	3.49161	2.69559	2.67201	3.08439	3.61689	2.49111	1.37995	0.856544	2.28254	3.70411	3.55551	0.647608	2.42643	3.39031	3.4518	3.32175	0.680817	2.85901	2.87564	3.24498	2.66789	0.793589	1.68314	4.34116	3.50563	3.36226	0.721302	2.83338	2.48751	2.49411	2.41511	0.353483	2.75607	1.66761	2.50002	3.26403	1.56495	3.30779	2.73327	3.06552</FloatingPoint>
				<FloatingPoint size="20">	0.847184	0.912113	0.893914	0.880386	0.786003	0.925875	0.917794	0.223333	0.327941	0.997281	0.352734	0.893763	0.916484	0.40173	0.520047	0.966751	0.524506	0.743718	0.888802	0.613186</FloatingPoint>
			</Individual>
			<Individual size="2">
				<FitnessMax value="2.91577"/>
				<FloatingPoint size="50">	3.50372	1.27895	2.84281	2.57081	3.47233	2.73662	0.487894	2.47871	3.32388	3.20683	3.49206	2.69559	2.66776	3.08874	3.61689	2.4911	1.37995	0.856544	2.32044	3.70436	3.55551	0.647614	2.42643	3.3904	3.4518	3.32175	0.680822	2.85901	2.87564	3.24498	2.66789	0.793591	1.68313	4.34118	3.50563	3.36225	0.721302	2.83338	2.44645	2.49421	2.3827	0.353299	2.75607	1.66761	2.49819	3.26479	1.55807	3.30609	2.7331	3.06675</FloatingPoint>
				<FloatingPoint size="20">	0.825677	0.91219	0.893917	0.880386	0.269977	0.925875	0.917783	0.214081	0.329639	0.997281	0.35257	0.893366	0.919997	0.392116	0.519927	0.967674	0.515184	0.744506	0.888807	0.606056</FloatingPoint>
			</Individual>
			<Individual size="2">
				<FitnessMax value="2.91577"/>
				<FloatingPoint size="50">	3.50646	1.27842	2.84293	2.55503	3.46966	2.72149	0.483093	2.47826	3.32389	3.29862	3.51051	2.55274	2.64699	3.11811	3.61692	2.49018	1.37991	0.856518	2.25095	3.7044	3.55551	0.647658	2.42647	3.39091	3.4518	3.32175	0.681127	2.86064	2.87563	3.24371	2.6679	0.793609	1.68313	4.34118	3.50563	3.3614	0.722929	2.82321	2.54477	2.49406	2.38711	0.352968	2.75693	1.66761	2.52644	3.26435	1.56612	3.30629	2.73309	3.06304</FloatingPoint>
				<FloatingPoint size="20">	0.8213	0.919434	0.893917	0.880386	0.168832	0.925875	0.917784	0.214345	0.32996	0.997281	0.352584	0.893366	0.920062	0.39222	0.520334	0.967672	0.515315	0.74421	0.888812	0.610475</FloatingPoint>
			</Individual>
			<Individual size="2">
				<FitnessMax value="2.91577"/>
				<FloatingPoint size="50">	3.50562	1.27826	2.84292	2.56369	3.46997	2.73662	0.486406	2.47698	3.32391	3.20599	3.49232	2.69559	2.65649	3.09273	3.61691	2.49035	1.37993	0.856524	2.22146	3.70425	3.55551	0.647676	2.42645	3.39084	3.4518	3.32175	0.680819	2.85901	2.87563	3.24499	2.66791	0.793573	1.68313	4.34118	3.50563	3.36181	0.722233	2.82766	2.55174	2.49404	2.40736	0.352772	2.75626	1.66761	2.5203	3.26444	1.56646	3.30871	2.73295	3.0622</FloatingPoint>
				<FloatingPoint size="20">	0.824311	0.913582	0.893917	0.880386	0.239788	0.925875	0.917783	0.21473	0.332847	0.997281	0.35277	0.895338	0.920028	0.397579	0.528487	0.967618	0.515262	0.743171	0.888808	0.608376</FloatingPoint>
			</Individual>
			<Individual size="2">
				<FitnessMax value="2.91577"/>
				<FloatingPoint size="50">	3.50414	1.27849	2.84291	2.57985	3.46983	2.73662	0.479267	2.47882	3.32392	3.20586	3.52354	2.69559	2.64805	3.10952	3.61691	2.49052	1.37995	0.856514	2.20931	3.7043	3.55551	0.647674	2.42646	3.39054	3.4518	3.32175	0.681033	2.71066	2.87563	3.24262	2.66789	0.793611	1.68311	4.34118	3.50563	3.36119	0.721525	2.8485	2.52391	2.49406	2.38525	0.35299	2.75684	1.66761	2.51381	3.26452	1.53084	3.3071	2.73309	3.0635</FloatingPoint>
				<FloatingPoint size="20">	0.844145	0.912184	0.893917	0.880386	0.873952	0.925875	0.917777	0.214209	0.352644	0.997281	0.352581	0.893463	0.920012	0.420671	0.485826	0.967353	0.515512	0.744114	0.888816	0.602787</FloatingPoint>
			</Individual>
			<Individual size="2">
				<FitnessMax value="2.91577"/>
				<FloatingPoint size="50">	3.50595	1.2782	2.8431	2.57334	3.46923	2.72403	0.485546	2.47841	3.32392	3.20716	3.56238	2.69559	2.65318	3.12002	3.61692	2.49057	1.37991	0.856519	2.25139	3.70437	3.55551	0.647652	2.42646	3.39088	3.4518	3.32175	0.680902	2.77204	2.87563	3.24248	2.66791	0.793612	1.68313	4.34118	3.50563	3.36144	0.722628	2.83526	2.54446	2.49407	2.39399	0.353046	2.75696	1.66761	2.51825	3.26446	1.56663	3.30787	2.73299	3.06277</FloatingPoint>
				<FloatingPoint size="20">	0.826365	0.912197	0.893917	0.880386	0.214956	0.925875	0.917666	0.2149	0.329894	0.997281	0.352554	0.894162	0.919977	0.392095	0.301629	0.967602	0.51522	0.74443	0.888811	0.61087</FloatingPoint>
			</Individual>
			<Individual size="2">
				<FitnessMax value="2.91577"/>
				<FloatingPoint size="50">	3.50609	1.27802	2.84336	2.59472	3.46813	2.73662	0.484218	2.47881	3.32396	3.20511	3.62407	2.69559	2.65619	3.13745	3.61692	2.49054	1.37992	0.856499	2.21274	3.70439	3.55551	0.647664	2.42646	3.39058	3.4518	3.32175	0.680848	2.69479	2.87563	3.24027	2.6679	0.793618	1.68313	4.34118	3.50563	3.36116	0.721304	2.85229	2.54	2.49402	2.39844	0.352986	2.75763	1.66761	2.51605	3.26444	1.56976	3.30915	2.73295	3.06393</FloatingPoint>
				<FloatingPoint size="20">	0.831816	0.912214	0.893917	0.880386	0.611586	0.925875	0.917776	0.214867	0.329644	0.997281	0.35257	0.893373	0.919995	0.392109	0.647772	0.967575	0.515187	0.744422	0.888816	0.600983</FloatingPoint>
			</Individual>
			<Individual size="2">
				<FitnessMax value="2.91577"/>
				<FloatingPoint size="50">	3.50677	1.27793	2.84281	2.57554	3.47127	2.73662	0.482181	2.47872	3.32389	3.20568	3.49222	2.69559	2.66151	3.07389	3.61686	2.49067	1.37993	0.856548	2.30091	3.70366	3.55551	0.647703	2.42649	3.39058	3.4518	3.32175	0.67916	2.85901	2.87564	3.28476	2.6679	0.793652	1.68313	4.34118	3.50563	3.36351	0.72134	2.88983	2.53353	2.49414	2.41041	0.352578	2.75884	1.66761	2.51382	3.26445	1.559	3.30926	2.73312	3.06665</FloatingPoint>
				<FloatingPoint size="20">	0.84803	0.912134	0.893919	0.880386	0.643986	0.925876	0.91764	0.313019	0.300429	0.997281	0.352849	0.893511	0.919054	0.362763	0.401632	0.967465	0.516972	0.742589	0.888813	0.6957</FloatingPoint>
			</Individual>
			<Individual size="2">
				<FitnessMax value="2.91577"/>
				<FloatingPoint size="50">	3.50649	1.27865	2.84303	2.493	3.46942	2.73662	0.481988	2.47794	3.32391	3.20842	3.5501	2.30992	2.63783	3.13213	3.61682	2.49003	1.37989	0.856457	2.13676	3.70445	3.55551	0.647685	2.42654	3.39057	3.45181	3.32175	0.681672	2.79151	2.87563	3.24304	2.66796	0.793645	1.68313	4.34118	3.50563	3.36001	0.721413	2.83086	2.49765	2.49404	2.38832	0.351972	2.75882	1.6676	2.50462	3.26419	1.57462	3.3061	2.73312	3.06503</FloatingPoint>
				<FloatingPoint size="20">	0.823673	0.907304	0.893917	0.880386	0.891249	0.925876	0.917466	0.350097	0.256419	0.997281	0.360407	0.89356	0.922834	0.8063	0.365975	0.975749	0.517187	0.740119	0.888811	0.590836</FloatingPoint>
			</Individual>
			<Individual size="2">
				<FitnessMax value="2.91577"/>
				<FloatingPoint size="50">	3.50646	1.27875	2.84279	2.5348	3.4678	2.73662	0.481995	2.47771	3.32389	3.21173	3.49294	2.69559	2.64435	3.09597	3.61695	2.48988	1.37988	0.856469	2.1901	3.70437	3.55551	0.647684	2.42648	3.39083	3.4518	3.32175	0.681234	2.77585	2.87562	3.24497	2.66789	0.79363	1.67466	4.34118	3.50563	3.36204	0.722284	2.80307	2.58039	2.49402	2.39446	0.353053	2.75685	1.66761	2.52312	3.2646	1.56119	3.30762	2.73312	3.06373</FloatingPoint>
				<FloatingPoint size="20">	0.853321	0.912222	0.893917	0.880386	0.214579	0.925875	0.917783	0.214081	0.329639	0.997281	0.35257	0.893366	0.919997	0.392116	0.414193	0.967674	0.515184	0.744551	0.888816	0.61098</FloatingPoint>
			</Individual>
			<Individual size="2">
				<FitnessMax value="2.91577"/>
				<FloatingPoint size="50">	3.50371	1.27807	2.84315	2.57062	3.4697	2.73662	0.480046	2.47888	3.32389	3.68033	3.69921	2.69559	2.66256	3.20019	3.61691	2.48997	1.37993	0.85651	2.22394	3.70445	3.55551	0.647635	2.42647	3.39048	3.4518	3.32175	0.681179	2.86233	2.87563	3.23322	2.66789	0.793592	1.68313	4.34118	3.50563	3.36126	0.720955	2.83337	2.52344	2.49402	2.4009	0.352905	2.75901	1.66761	2.52537	3.26449	1.56286	3.30611	2.73315	3.0633</FloatingPoint>
				<FloatingPoint size="20">	0.853321	0.902039	0.893918	0.880386	0.408717	0.925876	0.917386	0.489024	0.236335	0.997281	0.353335	0.89344	0.917293	0.343456	0.38278	0.967621	0.517007	0.742199	0.888799	0.580961</FloatingPoint>
			</Individual>
			<Individual size="2">
				<FitnessMax value="2.91577"/>
				<FloatingPoint size="50">	3.50731	1.27865	2.8428	2.39553	3.46213	2.73662	0.486931	2.47522	3.32387	3.22954	3.49961	2.69559	2.61741	3.13548	3.61672	2.48751	1.37967	0.856407	2.04163	3.70509	3.55551	0.647715	2.42662	3.39058	3.45181	3.32175	0.6825	2.85902	2.8756	3.24498	2.66803	0.793678	1.68313	4.34123	3.50563	3.35866	0.72242	2.83338	2.71278	2.49369	2.38099	0.350902	2.76028	1.66761	2.5034	3.26386	1.58155	3.3036	2.73282	3.06563</FloatingPoint>
				<FloatingPoint size="20">	0.825692	0.912087	0.893913	0.880386	0.807159	0.925875	0.917802	0.308915	0.327201	0.997281	0.356097	0.893826	0.909009	0.76301	0.520488	0.966442	0.284961	0.744173	0.888778	0.450226</FloatingPoint>
			</Individual>
			<Individual size="2">
				<FitnessMax value="2.91577"/>
				<FloatingPoint size="50">	3.5074	1.27855	2.8428	2.57008	3.46968	2.73662	0.483993	2.47847	3.32389	3.20608	3.49205	2.69559	2.64833	3.10989	3.61694	2.49061	1.3799	0.856488	2.19621	3.70442	3.55551	0.647682	2.42647	3.39052	3.4518	3.32175	0.681099	2.81265	2.87563	3.24499	2.66789	0.793608	1.68308	4.34119	3.50563	3.36136	0.721537	2.8304	2.4888	2.49406	2.38322	0.353062	2.75641	1.66761	2.513	3.26472	1.51146	3.30608	2.73312	3.06538</FloatingPoint>
				<FloatingPoint size="20">	0.853321	0.914548	0.893917	0.880386	0.18969	0.925875	0.917783	0.215217	0.344239	0.997281	0.352655	0.894051	0.920037	0.392441	0.509963	0.967629	0.515245	0.743998	0.888808	0.60744</FloatingPoint>
			</Individual>
			<Individual size="2">
				<FitnessMax value="2.91577"/>
				<FloatingPoint size="50">	3.50562	1.27895	2.84281	2.57081	3.46997	2.73662	0.487894	2.47871	3.32388	3.20599	3.49232	2.69559	2.66776	3.08874	3.61689	2.49035	1.37995	0.856524	2.22146	3.70436	3.55551	0.647614	2.42643	3.3904	3.4518	3.32175	0.680819	2.85901	2.87563	3.24499	2.66791	0.793573	1.68313	4.34118	3.50563	3.36181	0.722233	2.83338	2.55174	2.49421	2.3827	0.353299	2.75626	1.66761	2.5203	3.26479	1.55807	3.30871	2.73295	3.06675</FloatingPoint>
				<FloatingPoint size="20">	0.853321	0.902039	0.893918	0.880386	0.408717	0.925876	0.917386	0.489024	0.236335	0.997281	0.353335	0.89344	0.917293	0.287285	0.224466	0.967559	0.519112	0.739563	0.888806	0.574395</FloatingPoint>
			</Individual>
			<Individual size="2">
				<FitnessMax value="2.91577"/>
				<FloatingPoint size="50">	3.50709	1.27865	2.84281	2.55154	3.46942	2.73662	0.481988	2.47794	3.32389	3.20842	3.49228	2.30992	2.63726	3.1191	3.61692	2.49003	1.37989	0.856487	2.22734	3.70445	3.55551	0.64767	2.42647	3.39043	3.4518	3.32175	0.681223	2.85901	2.87563	3.24498	2.66789	0.793611	1.68312	4.34118	3.45293	3.36075	0.721413	2.83086	2.49765	2.49404	2.38307	0.352901	2.75681	1.6676	2.50462	3.26426	1.56773	3.3061	2.73312	3.06556</FloatingPoint>
				<FloatingPoint size="20">	0.823673	0.907304	0.893917	0.880386	0.891249	0.925876	0.917466	0.350097	0.256419	0.997281	0.360407	0.89356	0.922834	0.346554	0.365975	0.975749	0.517187	0.740119	0.888811	0.590836</FloatingPoint>
			</Individual>
			<Individual size="2">
				<FitnessMax value="2.91577"/>
				<FloatingPoint size="50">	3.50605	1.2785	2.8429	2.57208	3.46974	2.73662	0.479584	2.47891	3.3239	3.20606	3.50763	2.69559	2.63974	3.12024	3.61691	2.49017	1.37995	0.856511	2.22284	3.70435	3.55551	0.647651	2.42647	3.39044	3.4518	3.32175	0.681048	2.72719	2.87563	3.2443	2.66789	0.793628	1.68312	4.34118	3.50563	3.36111	0.721486	2.83887	2.49912	2.49405	2.38509	0.352979	2.75683	1.66761	2.51913	3.2645	1.55183	3.30645	2.73315	3.06344</FloatingPoint>
				<FloatingPoint size="20">	0.843754	0.904266	0.893918	0.880386	0.222963	0.925876	0.917574	0.456646	0.260025	0.997281	0.352861	0.893431	0.919259	0.824717	0.393239	0.96756	0.518458	0.740047	0.888803	0.580727</FloatingPoint>
			</Individual>
			<Individual size="2">
				<FitnessMax value="2.91577"/>
				<FloatingPoint size="50">	3.50709	1.27865	2.84281	2.55154	3.46942	2.73662	0.481988	2.47794	3.32389	3.20842	3.49228	2.30992	2.63726	3.1191	3.61692	2.49003	1.37989	0.856487	2.22734	3.70445	3.55551	0.64767	2.42648	3.39043	3.4518	3.32175	0.681223	2.85901	2.87563	3.24498	2.66789	0.793611	1.68312	4.34118	3.50563	3.36075	0.721413	2.83086	2.49765	2.49404	2.38307	0.352901	2.75681	1.6676	2.50462	3.26426	1.56773	3.3061	2.73312	3.06556</FloatingPoint>
				<FloatingPoint size="20">	0.853321	0.902039	0.893918	0.880386	0.319215	0.925876	0.917386	0.489024	0.236335	0.997281	0.353335	0.89344	0.917293	0.287285	0.224466	0.967559	0.519112	0.739563	0.888806	0.574395</FloatingPoint>
			</Individual>
			<Individual size="2">
				<FitnessMax value="2.71949"/>
				<FloatingPoint size="50">	3.50696	1.27866	2.84292	2.57677	3.47118	2.73662	0.484271	2.47838	3.3239	3.207	3.49202	2.69559	2.66715	3.10573	3.61691	2.49056	1.37991	0.469128	2.25147	3.70431	3.55551	0.647661	2.42646	3.39064	3.4518	3.32175	0.680846	2.83949	2.87563	3.24498	2.66791	0.793626	1.68295	4.34118	3.50563	3.36205	0.721544	2.83301	2.47465	2.49408	2.39442	0.35312	2.7562	1.66761	2.51139	3.26472	1.54171	3.30653	2.73311	3.06516</FloatingPoint>
				<FloatingPoint size="20">	0.849352	0.504563	0.893917	0.880386	0.20328	0.925875	0.917784	0.214247	0.329841	0.997281	0.352579	0.893366	0.920038	0.392182	0.520183	0.967673	0.515266	0.744084	0.888815	0.610265</FloatingPoint>
			</Individual>
			<Individual size="2">
				<FitnessMax value="2.91577"/>
				<FloatingPoint size="50">	3.5071	1.27838	2.8428	2.55655	3.46978	2.73662	0.483412	2.47842	3.32388	3.20796	3.4925	2.69559	2.63935	3.11727	3.61692	2.49019	1.37993	0.856526	2.25978	3.70442	3.55551	0.647614	2.42645	3.39129	3.4518	3.32175	0.680929	2.85901	2.87563	3.24498	2.66789	0.793607	1.68313	4.34118	3.50563	3.36205	0.722364	2.82656	2.49112	2.49415	2.39034	0.353162	2.75611	1.66761	2.5131	3.26478	1.5616	3.30643	2.73303	3.06203</FloatingPoint>
				<FloatingPoint size="20">	0.825456	0.915097	0.893917	0.880386	0.137291	0.925876	0.917782	0.215811	0.347605	0.997281	0.353093	0.894916	0.920007	0.392525	0.509123	0.96762	0.515233	0.742635	0.888805	0.587911</FloatingPoint>
			</Individual>
			<Individual size="2">
				<FitnessMax value="2.91577"/>
				<FloatingPoint size="50">	3.50649	1.27865	2.84303	2.493	3.46942	2.73662	0.481988	2.47794	3.32391	3.20842	3.5501	2.30992	2.63783	3.13213	3.61682	2.49003	1.37989	0.856457	2.13676	3.70445	3.55551	0.647685	2.42654	3.39057	3.45181	3.32175	0.681299	2.84505	2.87563	3.23562	2.66791	0.793605	1.68313	4.34118	3.50563	3.36095	0.721067	2.83276	2.51715	2.49403	2.39783	0.352677	2.75896	1.66761	2.5203	3.26442	1.56573	3.30611	2.73314	3.06372</FloatingPoint>
				<FloatingPoint size="20">	0.830492	0.911566	0.893917	0.880386	0.541477	0.925876	0.917626	0.282768	0.307008	0.997281	0.356521	0.893458	0.921382	0.600904	0.413537	0.971687	0.516404	0.741357	0.888814	0.592419</FloatingPoint>
			</Individual>
			<Individual size="2">
				<FitnessMax value="2.91577"/>
				<FloatingPoint size="50">	3.50677	1.27793	2.84281	2.57554	3.47127	2.73662	0.482181	2.47872	3.32389	3.20568	3.49222	2.69559	2.66151	3.07389	3.61686	2.49067	1.37993	0.856548	2.30091	3.70366	3.55551	0.647703	2.42649	3.39058	3.4518	3.32175	0.67916	2.85901	2.87564	3.28476	2.6679	0.793652	1.68313	4.34118	3.50563	3.36351	0.72134	2.88983	2.53353	2.49414	2.41041	0.352578	2.75884	1.66761	2.51382	3.26445	1.559	3.30926	2.73312	3.06665</FloatingPoint>
				<FloatingPoint size="20">	0.847184	0.912113	0.893914	0.880386	0.786003	0.925875	0.917794	0.223333	0.327941	0.997281	0.352734	0.893763	0.916484	0.40173	0.520047	0.966751	0.524506	0.743718	0.888802	0.613186</FloatingPoint>
			</Individual>
			<Individual size="2">
				<FitnessMax value="2.91577"/>
				<FloatingPoint size="50">	3.50646	1.27875	2.84279	2.5348	3.4678	2.73662	0.481995	2.47771	3.32389	3.21173	3.49294	2.69559	2.64435	3.09597	3.61695	2.48988	1.37988	0.856469	2.1901	3.70437	3.55551	0.647684	2.42648	3.39083	3.4518	3.32175	0.681234	2.77585	2.87562	3.24497	2.66789	0.79363	1.67466	4.34118	3.50563	3.36204	0.722284	2.80307	2.58039	2.49402	2.39446	0.353053	2.75685	1.66761	2.52312	3.2646	1.56119	3.30762	2.73312	3.06373</FloatingPoint>
				<FloatingPoint size="20">	0.847184	0.912113	0.893914	0.880386	0.786003	0.925875	0.917794	0.223333	0.327941	0.997281	0.352734	0.893763	0.916484	0.40173	0.520047	0.966751	0.524506	0.743768	0.88881	0.609052</FloatingPoint>
			</Individual>
			<Individual size="2">
				<FitnessMax value="2.91577"/>
				<FloatingPoint size="50">	3.5074	1.27855	2.8428	2.57008	3.46968	2.73662	0.483993	2.47847	3.32389	3.20608	3.49205	2.69559	2.64833	3.10989	3.61694	2.49061	1.3799	0.856488	2.19621	3.70442	3.55551	0.647682	2.42647	3.39052	3.4518	3.32175	0.681099	2.81265	2.87563	3.24499	2.66789	0.793608	1.68308	4.34119	3.50563	3.36136	0.721537	2.8304	2.4888	2.49406	2.38322	0.353062	2.75641	1.66761	2.513	3.26472	1.51146	3.30608	2.73312	3.06538</FloatingPoint>
				<FloatingPoint size="20">	0.825456	0.88362	0.893917	0.880386	0.187094	0.925876	0.917785	0.215254	0.378716	0.997281	0.70594	0.893545	0.919983	0.394865	0.5091	0.967583	0.515354	0.741512	0.88881	0.59042</FloatingPoint>
			</Individual>
			<Individual size="2">
				<FitnessMax value="2.21056"/>
				<FloatingPoint size="50">	3.50759	1.27866	2.8428	2.49894	3.46333	2.73662	0.485413	2.47651	3.32388	3.22044	3.49528	2.69559	2.62907	3.1263	3.6168	2.49033	1.37988	0.856409	2.04413	3.70467	3.55551	0.647708	2.42659	3.39059	3.45181	3.32175	0.681931	2.78681	2.87562	3.24498	2.66791	0.793643	1.68294	4.34121	3.50563	3.35887	0.722312	2.82344	2.59668	1.85959	2.38483	0.352926	2.75886	1.66761	2.51538	3.26387	1.57002	3.30492	2.73282	3.06475</FloatingPoint>
				<FloatingPoint size="20">	0.853322	0.912222	0.893917	0.880386	0.710867	0.925875	0.917783	0.214081	0.329639	0.997281	0.35257	0.893366	0.919997	0.392116	0.519929	0.967674	0.515184	0.744551	0.888816	0.61098</FloatingPoint>
			</Individual>
			<Individual size="2">
				<FitnessMax value="2.91577"/>
				<FloatingPoint size="50">	3.50609	1.27802	2.84336	2.59472	3.46813	2.73662	0.484218	2.47881	3.32396	3.20503	3.62669	2.69559	2.65641	3.13813	3.61692	2.49054	1.37992	0.856498	2.21069	3.70439	3.55551	0.647665	2.42646	3.39057	3.4518	3.32175	0.680846	2.69153	2.87563	3.24017	2.6679	0.793618	1.68313	4.34118	3.50563	3.36114	0.721283	2.85281	2.54098	2.49402	2.3986	0.352983	2.75766	1.66761	2.51611	3.26444	1.56992	3.3092	2.73294	3.06397</FloatingPoint>
				<FloatingPoint size="20">	0.825456	0.91222	0.893918	0.880386	0.892692	0.925875	0.917685	0.217446	0.303947	0.997281	0.400893	0.893466	0.917709	0.397014	0.481336	0.967486	0.51987	0.743324	0.888812	0.760682</FloatingPoint>
			</Individual>
			<Individual size="2">
				<FitnessMax value="2.91577"/>
				<FloatingPoint size="50">	3.50567	1.27819	2.84326	2.59046	3.46888	2.73662	0.484872	2.47879	3.32395	3.20541	3.60059	2.69559	2.65825	3.12879	3.61691	2.49064	1.37992	0.856507	2.2319	3.70438	3.55551	0.647655	2.42645	3.39055	3.4518	3.32175	0.680843	2.724	2.87563	3.2411	2.6679	0.793613	1.68313	4.34118	3.50563	3.36135	0.721304	2.84893	2.52336	2.49406	2.39564	0.353042	2.75736	1.66761	2.51288	3.26451	1.56768	3.3086	2.73297	3.06443</FloatingPoint>
				<FloatingPoint size="20">	0.831816	0.912214	0.893917	0.880386	0.611586	0.925875	0.917776	0.214867	0.329644	0.997281	0.35257	0.893373	0.919995	0.392109	0.647772	0.967575	0.515187	0.744422	0.888816	0.600983</FloatingPoint>
			</Individual>
			<Individual size="2">
				<FitnessMax value="2.91577"/>
				<FloatingPoint size="50">	3.50372	1.27895	2.84281	2.57081	3.47233	2.73662	0.487894	2.47871	3.32388	3.20683	3.49206	2.69559	2.66776	3.08874	3.61689	2.4911	1.37995	0.856544	2.32044	3.70436	3.55551	0.647614	2.42643	3.3904	3.4518	3.32175	0.680822	2.85901	2.87564	3.24498	2.66789	0.793591	1.68313	4.34118	3.50563	3.36225	0.721302	2.83338	2.44645	2.49421	2.3827	0.353299	2.75607	1.66761	2.49819	3.26479	1.55807	3.30609	2.7331	3.06675</FloatingPoint>
				<FloatingPoint size="20">	0.856456	0.914284	0.893919	0.880386	0.176957	0.925875	0.917356	0.227197	0.312459	0.997281	0.353505	0.893769	0.921397	0.915919	0.52584	0.967546	0.519707	0.73345	0.888821	0.598683</FloatingPoint>
			</Individual>
			<Individual size="2">
				<FitnessMax value="2.91577"/>
				<FloatingPoint size="50">	3.50657	1.27828	2.84279	2.57287	3.46985	2.73662	0.486652	2.47843	3.32389	3.19962	3.49266	2.69559	2.64969	3.10643	3.61693	2.49047	1.37989	0.85654	2.20609	3.70442	3.55551	0.647645	2.42647	3.39135	3.45179	3.32175	0.681013	2.81624	2.87563	3.24506	2.66792	0.793608	1.68312	4.34119	3.50563	3.36162	0.721945	2.81512	2.51091	2.49407	2.3915	0.353056	2.75643	1.66761	2.51837	3.26473	1.59934	3.30585	2.73312	3.05741</FloatingPoint>
				<FloatingPoint size="20">	0.825456	0.912222	0.893917	0.880386	0.214579	0.925875	0.917783	0.214081	0.329639	0.997281	0.35257	0.893366	0.919997	0.392116	0.504687	0.967674	0.515184	0.744551	0.888816	0.61098</FloatingPoint>
			</Individual>
			<Individual size="2">
				<FitnessMax value="2.91577"/>
				<FloatingPoint size="50">	3.50402	1.2788	2.8428	2.54752	3.46864	2.73662	0.482899	2.47854	3.32389	3.20712	3.49244	2.69559	2.64943	3.08715	3.61693	2.49111	1.3799	0.856541	2.20932	3.70437	3.55551	0.647682	2.42646	3.39062	3.4518	3.32175	0.681234	2.78491	2.87562	3.24498	2.66789	0.793621	1.68146	4.34118	3.50563	3.36152	0.722205	2.8006	2.49847	2.49408	2.39418	0.353271	2.75622	1.66761	2.52143	3.26482	1.56108	3.30587	2.73314	3.06403</FloatingPoint>
				<FloatingPoint size="20">	0.853322	0.912222	0.893917	0.880386	0.710867	0.925875	0.917783	0.214081	0.329639	0.997281	0.35257	0.893366	0.919997	0.392116	0.519929	0.967674	0.515184	0.744551	0.888816	0.61098</FloatingPoint>
			</Individual>
			<Individual size="2">
				<FitnessMax value="2.91577"/>
				<FloatingPoint size="50">	3.50413	1.27854	2.8428	2.57076	3.47015	2.73662	0.480057	2.47911	3.32388	3.20403	3.49182	2.69559	2.6347	3.13041	3.6169	2.49051	1.37996	0.856511	2.23288	3.70449	3.55551	0.647559	2.42648	3.39039	3.4518	3.32175	0.681269	2.85901	2.87564	3.24498	2.66788	0.793527	1.68312	4.34119	3.50563	3.36085	0.721302	2.83338	2.4801	2.49402	2.42788	0.352965	2.75609	1.66761	2.52028	3.26452	1.56903	3.31126	2.73281	3.06241</FloatingPoint>
				<FloatingPoint size="20">	0.825692	0.901967	0.893918	0.880386	0.236835	0.925876	0.917797	0.2392	0.352565	0.997281	0.35368	0.893371	0.919497	0.278466	0.336902	0.967539	0.517102	0.742188	0.88881	0.564643</FloatingPoint>
			</Individual>
			<Individual size="2">
				<FitnessMax value="2.91577"/>
				<FloatingPoint size="50">	3.50774	1.2784	2.8433	2.58226	3.46785	2.73662	0.482293	2.47858	3.3239	3.20789	3.55469	2.69559	2.65535	3.11442	3.61693	2.49006	1.37991	0.856475	2.20116	3.70438	3.55551	0.647669	2.42646	3.39066	3.4518	3.32175	0.681234	2.73949	2.87563	3.24167	2.66789	0.793627	1.68171	4.34118	3.50563	3.36204	0.722113	2.83718	2.57215	2.49402	2.39492	0.353001	2.75694	1.66761	2.52095	3.2645	1.56375	3.30851	2.73304	3.06393</FloatingPoint>
				<FloatingPoint size="20">	0.8395	0.912167	0.893916	0.880386	0.523692	0.925875	0.917735	0.217295	0.304536	0.997281	0.461999	0.893596	0.916279	0.397013	0.520284	0.967201	0.520458	0.741541	0.888808	0.539353</FloatingPoint>
			</Individual>
			<Individual size="2">
				<FitnessMax value="2.91577"/>
				<FloatingPoint size="50">	3.5074	1.27838	2.8428	2.55965	3.47044	2.73662	0.482336	2.47874	3.32389	3.23623	3.49227	2.69559	2.65788	3.09902	3.61686	2.49066	1.37993	0.856529	2.30479	3.70413	3.55551	0.647632	2.42649	3.39059	3.4518	3.32175	0.679915	2.85901	2.87564	3.41853	2.6679	0.793629	1.68313	4.34118	3.50563	3.36293	0.721442	2.86064	2.4956	2.49408	2.40479	0.352891	2.76652	1.66761	2.5147	3.26442	1.55912	3.30656	2.7331	3.06631</FloatingPoint>
				<FloatingPoint size="20">	0.84803	0.912134	0.893919	0.880386	0.643986	0.925876	0.91764	0.313019	0.300429	0.997281	0.0855414	0.89337	0.919588	0.299061	0.350909	0.967563	0.516755	0.742616	0.888811	0.57304</FloatingPoint>
			</Individual>
			<Individual size="2">
				<FitnessMax value="2.91577"/>
				<FloatingPoint size="50">	3.50599	1.27829	2.84305	2.53802	3.46848	2.73662	0.487721	2.47802	3.32392	3.21601	3.50057	2.69559	2.64397	3.10885	3.61691	2.48943	1.37986	0.856484	2.1616	3.70438	3.55551	0.647716	2.42648	3.39075	3.45181	3.32175	0.681999	2.85381	2.87563	3.24494	2.66793	0.793601	1.68313	4.34118	3.50563	3.36213	0.724102	2.84084	2.61757	2.49379	2.40694	0.352359	2.75899	1.66761	2.51021	3.26443	1.57985	3.31016	2.73268	3.06479</FloatingPoint>
				<FloatingPoint size="20">	0.825692	0.901967	0.893918	0.880386	0.236835	0.925876	0.917797	0.2392	0.352565	0.997281	0.35368	0.893371	0.919497	0.278466	0.346559	0.967539	0.517102	0.742188	0.88881	0.564643</FloatingPoint>
			</Individual>
			<Individual size="2">
				<FitnessMax value="2.91577"/>
				<FloatingPoint size="50">	3.50605	1.2785	2.8429	2.57208	3.46974	2.73662	0.479584	2.47891	3.3239	3.20606	3.50763	2.69559	2.63974	3.12024	3.61691	2.49017	1.37995	0.856511	2.22284	3.70435	3.55551	0.647651	2.42647	3.39044	3.4518	3.32175	0.681048	2.72719	2.87563	3.2443	2.66789	0.793628	1.68312	4.34118	3.50563	3.36111	0.721486	2.83887	2.49912	2.49405	2.38509	0.352979	2.75683	1.66761	2.51374	3.26451	1.54231	3.30674	2.73314	3.06357</FloatingPoint>
				<FloatingPoint size="20">	0.825456	0.915097	0.893917	0.880386	0.137291	0.925876	0.917782	0.215811	0.347605	0.997281	0.353093	0.894082	0.920007	0.392525	0.509123	0.96762	0.515233	0.742635	0.888805	0.587911</FloatingPoint>
			</Individual>
			<Individual size="2">
				<FitnessMax value="2.91577"/>
				<FloatingPoint size="50">	3.50371	1.2781	2.84321	2.56388	3.4692	2.73662	0.483966	2.48616	3.32395	3.20665	3.55697	2.69559	2.6507	3.09884	3.61691	2.49073	1.37992	0.856512	2.22746	3.70434	3.55551	0.647678	2.42644	3.39124	3.4518	3.32175	0.680916	2.7773	2.87563	3.24498	2.6679	0.793614	1.68313	4.34118	3.50563	3.36167	0.7221	2.82779	2.30735	2.49408	2.40066	0.35318	2.75639	1.66761	2.51341	3.2646	1.57112	3.30753	2.73275	3.06326</FloatingPoint>
				<FloatingPoint size="20">	0.825456	0.915097	0.893917	0.880386	0.137291	0.925876	0.917782	0.215811	0.347605	0.997281	0.353093	0.894916	0.920007	0.392525	0.509123	0.96762	0.515233	0.742635	0.888805	0.587911</FloatingPoint>
			</Individual>
			<Individual size="2">
				<FitnessMax value="2.91577"/>
				<FloatingPoint size="50">	3.50605	1.27877	2.8428	2.5412	3.46829	2.73662	0.4814	2.47788	3.3239	3.21036	3.49279	2.69559	2.64956	3.09103	3.61694	2.49	1.37989	0.856478	2.18886	3.70432	3.55551	0.647695	2.42647	3.39082	3.4518	3.32175	0.681103	2.79064	2.87562	3.24497	2.66789	0.793612	1.67617	4.34118	3.50563	3.3621	0.722109	2.80846	2.57891	2.49402	2.4004	0.352961	2.75672	1.66761	2.52261	3.26457	1.56258	3.30826	2.73307	3.06349</FloatingPoint>
				<FloatingPoint size="20">	0.8213	0.919434	0.893917	0.880386	0.168832	0.925875	0.917784	0.214345	0.32996	0.997281	0.352584	0.893366	0.920062	0.39222	0.520334	0.967672	0.515315	0.743809	0.888814	0.609843</FloatingPoint>
			</Individual>
			<Individual size="2">
				<FitnessMax value="2.91577"/>
				<FloatingPoint size="50">	3.50371	1.27807	2.84315	2.57062	3.4697	2.73662	0.480046	2.47888	3.32389	3.68033	3.69921	2.69559	2.66256	3.20019	3.61691	2.48997	1.37993	0.85651	2.22394	3.70445	3.55551	0.647635	2.42647	3.39048	3.4518	3.32175	0.681179	2.86233	2.87563	3.23322	2.66789	0.793592	1.68313	4.34118	3.50563	3.36126	0.720955	2.83337	2.52344	2.49402	2.4009	0.352905	2.75901	1.66761	2.52537	3.26449	1.56286	3.30611	2.73315	3.0633</FloatingPoint>
				<FloatingPoint size="20">	0.853321	0.912222	0.893917	0.880386	0.214579	0.925876	0.917783	0.214081	0.329639	0.997281	0.35257	0.893366	0.919997	0.392116	0.519927	0.967674	0.515184	0.744482	0.888793	0.586649</FloatingPoint>
			</Individual>
			<Individual size="2">
				<FitnessMax value="2.91577"/>
				<FloatingPoint size="50">	3.50371	1.27869	2.84288	2.54943	3.46915	2.73662	0.482955	2.47843	3.32391	3.20666	3.49244	2.69559	2.65214	3.08742	3.61691	2.49082	1.37992	0.856533	2.20951	3.70432	3.55551	0.64768	2.42646	3.39081	3.4518	3.32175	0.681089	2.85063	2.87562	3.24499	2.66789	0.793611	1.68273	4.34118	3.50563	3.36156	0.722224	2.82552	2.50242	2.49406	2.40091	0.352785	2.75624	1.66761	2.52038	3.26472	1.56379	3.30863	2.733	3.06315</FloatingPoint>
				<FloatingPoint size="20">	0.853322	0.912222	0.893917	0.880386	0.710867	0.925875	0.917783	0.214081	0.329639	0.997281	0.35257	0.893366	0.919997	0.392116	0.519929	0.967674	0.515184	0.744551	0.888816	0.61098</FloatingPoint>
			</Individual>
			<Individual size="2">
				<FitnessMax value="2.73275"/>
				<FloatingPoint size="50">	3.50609	1.27847	2.84288	2.53944	3.46784	2.73662	0.482274	2.47849	3.3239	3.2078	3.53541	2.69559	2.65919	3.0877	3.61693	2.49078	1.37995	0.856477	2.22569	3.7042	3.55551	0.647609	2.42645	3.39046	3.4518	3.32175	0.681223	2.85719	2.87563	3.24448	2.66789	0.793603	1.68177	4.34117	3.50563	3.36221	0.722096	2.83491	2.56937	2.49411	2.40146	5.92174	2.75688	1.66761	2.51617	3.26444	1.56404	3.30832	2.73325	3.06479</FloatingPoint>
				<FloatingPoint size="20">	0.8395	0.912167	0.893916	0.880386	0.523692	0.925875	0.917735	0.217295	0.304536	0.997281	0.461999	0.893596	0.916279	0.556343	0.520284	0.967201	0.520458	0.741541	0.888808	0.539353</FloatingPoint>
			</Individual>
			<Individual size="2">
				<FitnessMax value="2.91577"/>
				<FloatingPoint size="50">	3.5071	1.27838	2.8428	2.59472	3.46813	2.73662	0.484218	2.47842	3.32396	3.20511	3.62407	2.69559	2.65619	3.13745	3.61692	2.49054	1.37993	0.856499	2.21274	3.70439	3.55551	0.647664	2.42646	3.39058	3.4518	3.32175	0.680848	2.69479	2.87563	3.24027	2.6679	0.793618	1.68313	4.34118	3.50563	3.36116	0.721304	2.82656	2.49112	2.49415	2.39844	0.352986	2.75611	1.66761	2.51605	3.26478	1.56976	3.30915	2.73295	3.06203</FloatingPoint>
				<FloatingPoint size="20">	0.831816	0.912214	0.893917	0.880386	0.611586	0.925875	0.917776	0.214867	0.329644	0.997281	0.352396	0.893132	0.920017	0.38287	0.616282	0.96764	0.51544	0.744936	0.888818	0.615293</FloatingPoint>
			</Individual>
			<Individual size="2">
				<FitnessMax value="2.21056"/>
				<FloatingPoint size="50">	3.50439	1.27812	2.84308	2.57402	3.46988	2.73662	0.488707	2.47598	3.32394	3.20416	3.51009	2.69559	2.67133	3.07752	3.6169	2.49052	1.37992	0.856519	2.18681	3.70412	3.55551	0.647737	2.42644	3.39073	3.4518	3.32175	0.680546	2.83666	2.87564	3.24435	2.66791	0.793539	1.68314	4.34119	3.50563	3.36132	0.721304	4.60669	2.50278	2.49413	2.40232	0.352927	2.75614	1.66761	2.51661	3.26473	1.56967	3.30942	2.73293	3.06212</FloatingPoint>
				<FloatingPoint size="20">	0.831816	0.879209	0.893918	0.880386	0.261381	0.925875	0.917675	0.211256	0.28113	0.997281	0.571263	0.893428	0.916074	0.392295	0.52052	0.967651	0.516411	0.739364	0.888815	0.546458</FloatingPoint>
			</Individual>
			<Individual size="2">
				<FitnessMax value="2.91577"/>
				<FloatingPoint size="50">	3.50441	1.27825	2.8428	2.41184	3.46681	2.73662	0.48089	2.47897	3.3239	3.19908	3.49176	2.69559	2.63287	3.10139	3.61697	2.4904	1.37985	0.856512	2.23086	3.70437	3.49162	0.647686	2.42648	3.39046	3.45181	3.32175	0.680773	2.85946	2.87562	3.24498	2.66788	0.793524	1.68075	4.34119	3.50563	3.36191	0.72696	2.80813	2.46414	2.49411	2.42432	0.352971	2.75696	1.66761	2.54412	3.26462	1.56491	3.3028	2.73281	3.06413</FloatingPoint>
				<FloatingPoint size="20">	0.825692	0.901967	0.893918	0.880386	0.236835	0.925876	0.917797	0.2392	0.352565	0.997281	0.35368	0.893371	0.918738	0.278466	0.336902	0.967539	0.517102	0.742188	0.88881	0.564643</FloatingPoint>
			</Individual>
			<Individual size="2">
				<FitnessMax value="1.99093"/>
				<FloatingPoint size="50">	3.50649	1.27865	2.84303	2.493	3.46942	2.73662	0.481988	2.47794	3.32391	3.20842	3.5501	2.30992	2.63783	3.12767	3.61682	2.49003	1.37989	0.856457	2.13676	3.70445	3.55551	0.647685	2.42654	3.39057	3.45181	3.32175	0.681299	0.924345	2.87563	3.23562	2.66791	0.793605	1.68313	4.34118	3.50563	3.36095	0.721067	2.83276	2.51715	2.49403	2.39783	0.352677	2.75896	1.66761	2.5203	3.26442	1.56573	3.30611	2.73314	3.06372</FloatingPoint>
				<FloatingPoint size="20">	0.8213	0.919434	0.893917	0.880386	0.168832	0.925876	0.917784	0.214345	0.32996	0.997281	0.352584	0.893366	0.920062	0.39222	0.520334	0.967672	0.515315	0.743809	0.888814	0.609843</FloatingPoint>
			</Individual>
			<Individual size="2">
				<FitnessMax value="2.35283"/>
				<FloatingPoint size="50">	3.5071	1.27838	2.8428	2.55655	3.46978	2.73662	0.483412	2.47842	3.32388	3.20796	3.4925	2.69559	2.63935	3.11727	3.61692	2.49019	1.37993	0.856526	2.25978	3.70442	3.55551	0.647614	2.42645	3.39129	3.4518	3.32175	0.680929	2.85901	2.87563	3.24498	2.66789	0.793607	1.68313	4.34118	3.50563	3.36205	1.46423	2.82656	2.49112	2.49415	2.39034	0.353162	2.75611	1.66761	2.5131	3.26478	1.5616	3.30643	2.73303	3.06203</FloatingPoint>
				<FloatingPoint size="20">	0.853265	0.911038	0.893917	0.880386	0.620957	0.925875	0.917681	0.277017	0.300994	0.997281	0.352573	0.893125	0.919344	0.355857	0.475738	0.967667	0.516443	0.743798	0.888816	0.612397</FloatingPoint>
			</Individual>
			<Individual size="2">
				<FitnessMax value="2.91577"/>
				<FloatingPoint size="50">	3.50649	1.27865	2.84303	2.493	3.46942	2.73662	0.481988	2.47794	3.32391	3.20842	3.5501	2.30992	2.63783	3.13213	3.61682	2.49003	1.37989	0.856457	2.13676	3.70445	3.55551	0.647685	2.42654	3.39057	3.45181	3.32175	0.681299	2.84505	2.87563	3.23562	2.66791	0.793605	1.68313	4.34118	3.50563	3.36095	0.721067	2.83276	2.51715	2.49403	2.39783	0.352677	2.75896	1.66761	2.5203	3.26442	1.56573	3.30611	2.73314	3.06372</FloatingPoint>
				<FloatingPoint size="20">	0.8213	0.919434	0.893917	0.880386	0.168832	0.925876	0.917784	0.214345	0.32996	0.997281	0.352584	0.893366	0.920062	0.39222	0.520334	0.967672	0.515315	0.743809	0.888814	0.609843</FloatingPoint>
			</Individual>
			<Individual size="2">
				<FitnessMax value="2.91577"/>
				<FloatingPoint size="50">	3.50731	1.27865	2.8428	2.39553	3.46213	2.73662	0.486931	2.47522	3.32387	3.22954	3.49961	2.69559	2.61741	3.13548	3.61672	2.48751	1.37967	0.856407	2.04163	3.70509	3.55551	0.647715	2.42662	3.39058	3.45181	3.32175	0.6825	2.85902	2.8756	3.24498	2.66803	0.793678	1.68313	4.34123	3.50563	3.35866	0.72242	2.83338	2.71278	2.49369	2.38099	0.350902	2.76028	1.66761	2.5034	3.26386	1.58155	3.3036	2.73282	3.06563</FloatingPoint>
				<FloatingPoint size="20">	0.825692	0.910437	0.893916	0.880386	0.397522	0.925875	0.917785	0.214203	0.330651	0.997281	0.352557	0.893387	0.919467	0.40709	0.516777	0.967612	0.519071	0.744538	0.888814	0.60459</FloatingPoint>
			</Individual>
			<Individual size="2">
				<FitnessMax value="2.91577"/>
				<FloatingPoint size="50">	3.50646	1.27823	2.84279	2.54234	3.46986	2.70123	0.486768	2.47774	3.32388	3.21033	3.49319	2.69559	2.644	3.10414	3.61693	2.49043	1.3799	0.856541	2.28669	3.70434	3.55551	0.647648	2.42646	3.39149	3.4518	3.32175	0.681008	2.85901	2.87563	3.24498	2.66792	0.793609	1.68313	4.34117	3.50563	3.36161	0.725026	2.81051	2.58267	2.49409	2.39101	0.353054	2.75624	1.66761	2.52799	3.26438	1.56473	3.30653	2.73301	3.05976</FloatingPoint>
				<FloatingPoint size="20">	0.8213	0.919434	0.893917	0.880386	0.168832	0.925875	0.917784	0.214345	0.32996	0.997281	0.352584	0.893366	0.920062	0.39222	0.520334	0.967672	0.515315	0.74421	0.888812	0.610475</FloatingPoint>
			</Individual>
			<Individual size="2">
				<FitnessMax value="2.91577"/>
				<FloatingPoint size="50">	3.50709	1.27865	2.84281	2.55154	3.46942	2.73662	0.481988	2.47794	3.32389	3.20842	3.49228	2.30992	2.63726	3.1191	3.61692	2.49003	1.37989	0.856487	2.22734	3.70445	3.55551	0.64767	2.42648	3.39043	3.4518	3.32175	0.681223	2.85901	2.87563	3.24498	2.66789	0.793611	1.68312	4.34118	3.50563	3.36075	0.721413	2.83086	2.49765	2.49404	2.38307	0.352901	2.75681	1.6676	2.50462	3.26426	1.56773	3.3061	2.73312	3.06556</FloatingPoint>
				<FloatingPoint size="20">	0.853321	0.902039	0.893918	0.880386	0.319215	0.925876	0.917386	0.489024	0.236335	0.997281	0.353335	0.89344	0.917293	0.287285	0.224466	0.967559	0.519112	0.739563	0.888806	0.574395</FloatingPoint>
			</Individual>
			<Individual size="2">
				<FitnessMax value="2.91577"/>
				<FloatingPoint size="50">	3.50646	1.27844	2.84305	2.58346	3.47046	2.73662	0.484012	2.47819	3.32392	3.20731	3.49197	2.69559	2.67559	3.10286	3.61691	2.49008	1.3799	0.856499	2.19058	3.70426	3.55551	0.647686	2.42648	3.39077	3.45181	3.32175	0.680777	2.82067	2.87563	3.24498	2.66793	0.793647	1.68281	4.34119	3.50563	3.36194	0.72167	2.83559	2.49658	2.49403	2.407	0.352963	2.75617	1.66761	2.51354	3.26467	1.56084	3.30702	2.73309	3.06465</FloatingPoint>
				<FloatingPoint size="20">	0.849352	0.911084	0.893917	0.880386	0.202762	0.925875	0.917786	0.218847	0.33405	0.997281	0.352728	0.893572	0.920012	0.384144	0.496443	0.967656	0.515407	0.743777	0.888813	0.601965</FloatingPoint>
			</Individual>
			<Individual size="2">
				<FitnessMax value="2.91577"/>
				<FloatingPoint size="50">	3.50599	1.27826	2.84303	2.53429	3.46657	2.73662	0.488091	2.47586	3.32391	3.21744	3.50347	2.69559	2.64246	3.10903	3.61685	2.48753	1.37983	0.856433	2.05066	3.70458	3.55551	0.647735	2.42647	3.39059	3.45181	3.32175	0.682381	2.83689	2.87561	3.24483	2.66801	0.793579	1.68314	4.34119	3.50563	3.36065	0.721768	2.83375	2.6543	2.49376	2.40762	0.352208	2.75985	1.66761	2.50712	3.26434	1.58044	3.30992	2.73282	3.06518</FloatingPoint>
				<FloatingPoint size="20">	0.825692	0.91217	0.893914	0.880386	0.42851	0.925875	0.917727	0.308881	0.327927	0.997281	0.354727	0.893706	0.916131	0.632723	0.520245	0.966763	0.340528	0.744888	0.888807	0.540454</FloatingPoint>
			</Individual>
			<Individual size="2">
				<FitnessMax value="2.73275"/>
				<FloatingPoint size="50">	3.50774	1.2784	2.8433	2.58226	3.46785	2.73662	0.482293	2.47858	3.3239	3.20789	3.55469	2.69559	2.65535	3.11442	3.61693	2.49006	1.37991	0.856475	2.20116	3.70438	3.55551	0.647669	2.42646	3.39066	3.4518	3.32175	0.681234	2.73949	2.87563	3.24167	2.66789	0.793627	1.68171	4.34118	3.50563	3.36204	0.722113	2.83718	2.57215	2.49402	2.39492	4.57923	2.75694	1.66761	2.52095	3.2645	1.56375	3.30851	2.73304	3.06393</FloatingPoint>
				<FloatingPoint size="20">	0.8395	0.912167	0.893916	0.880386	0.523692	0.925875	0.917735	0.217295	0.304536	0.997281	0.461999	0.893596	0.916279	0.397013	0.520284	0.967201	0.520458	0.741541	0.888815	0.608106</FloatingPoint>
			</Individual>
			<Individual size="2">
				<FitnessMax value="2.91577"/>
				<FloatingPoint size="50">	3.50562	1.27826	2.84292	2.56369	3.46997	2.73662	0.486406	2.47698	3.32391	3.20599	3.49232	2.69559	2.65649	3.09273	3.61691	2.49035	1.37993	0.856524	2.22146	3.70425	3.55551	0.647676	2.42645	3.39084	3.4518	3.32175	0.680819	2.85901	2.87563	3.24499	2.66791	0.793573	1.68313	4.34118	3.50563	3.36181	0.722233	2.82766	2.55174	2.49404	2.40736	0.352772	2.75626	1.66761	2.5203	3.26444	1.56646	3.30871	2.73295	3.0622</FloatingPoint>
				<FloatingPoint size="20">	0.824311	0.913582	0.893917	0.880386	0.239788	0.925875	0.917783	0.21473	0.332847	0.997281	0.35277	0.895338	0.920028	0.397579	0.528487	0.967618	0.515262	0.743171	0.888808	0.608376</FloatingPoint>
			</Individual>
			<Individual size="2">
				<FitnessMax value="2.91577"/>
				<FloatingPoint size="50">	3.50657	1.27857	2.8428	2.56796	3.46821	2.73662	0.482809	2.47815	3.32393	3.20773	3.55843	2.69559	2.65287	3.11424	3.61693	2.49027	1.37991	0.856489	2.2008	3.70435	3.55551	0.64768	2.42646	3.3907	3.4518	3.32175	0.680976	2.74271	2.87563	3.24262	2.6679	0.793615	1.67965	4.34118	3.50563	3.36163	0.721707	2.81751	2.53502	2.49408	2.39942	0.352974	2.75641	1.66761	2.51933	3.26468	1.56617	3.30871	2.73301	3.06276</FloatingPoint>
				<FloatingPoint size="20">	0.8213	0.919434	0.893917	0.880386	0.168832	0.925875	0.917784	0.214345	0.32996	0.997281	0.352584	0.893366	0.920062	0.39222	0.520334	0.967672	0.515315	0.743809	0.888814	0.609843</FloatingPoint>
			</Individual>
			<Individual size="2">
				<FitnessMax value="2.91577"/>
				<FloatingPoint size="50">	3.51003	1.27802	2.84325	2.59472	3.46855	2.73662	0.486647	2.63116	3.32393	3.20503	3.62669	2.69559	2.64592	3.09448	3.61694	2.86365	1.37992	0.856506	2.21059	3.70515	3.55551	0.647629	2.42638	3.39079	3.4518	3.32175	0.6802	2.68624	2.87563	3.24499	2.66788	0.79356	1.68313	4.34119	3.50563	3.36056	0.721516	2.8924	2.54536	2.4942	2.38804	0.353971	2.75353	1.66761	2.51731	3.26487	1.58021	3.30962	2.73267	3.06347</FloatingPoint>
				<FloatingPoint size="20">	0.853321	0.913361	0.893918	0.880386	0.244144	0.925875	0.91754	0.22133	0.243274	0.997281	0.353261	0.893581	0.91906	0.684993	0.523333	0.967533	0.518227	0.739151	0.888816	0.593651</FloatingPoint>
			</Individual>
			<Individual size="2">
				<FitnessMax value="2.91577"/>
				<FloatingPoint size="50">	3.50402	1.27856	2.84302	2.56451	3.46951	2.73662	0.480347	2.47865	3.32389	3.36459	3.52345	2.446	2.64922	3.12856	3.61692	2.48999	1.37993	0.8565	2.22424	3.70445	3.55551	0.647666	2.42647	3.39048	3.4518	3.32175	0.681216	2.86186	2.87563	3.24277	2.66789	0.793609	1.68313	4.34118	3.50563	3.36125	0.721363	2.8327	2.51645	2.49404	2.3842	0.352904	2.75745	1.66761	2.52528	3.26432	1.56717	3.30611	2.73314	3.06549</FloatingPoint>
				<FloatingPoint size="20">	0.834537	0.912992	0.893917	0.880386	0.224944	0.925875	0.917783	0.214698	0.330138	0.997281	0.352595	0.894312	0.920022	0.395564	0.526065	0.967664	0.515221	0.743919	0.888795	0.607455</FloatingPoint>
			</Individual>
			<Individual size="2">
				<FitnessMax value="2.91577"/>
				<FloatingPoint size="50">	3.50599	1.27826	2.84303	2.53429	3.46657	2.73662	0.488091	2.47586	3.32391	3.21744	3.50347	2.69559	2.64246	3.10903	3.61685	2.48753	1.37983	0.856433	2.05066	3.70458	3.55551	0.647735	2.42647	3.39059	3.45181	3.32175	0.682381	2.83689	2.87561	3.24483	2.66801	0.793579	1.68314	4.34119	3.50563	3.36065	0.721768	2.83375	2.6543	2.49376	2.40762	0.352208	2.75985	1.66761	2.50712	3.26434	1.58044	3.30992	2.73282	3.06518</FloatingPoint>
				<FloatingPoint size="20">	0.825692	0.85695	0.893914	0.880386	0.42851	0.925875	0.917727	0.308881	0.327927	0.997281	0.354727	0.893706	0.916131	0.632723	0.520245	0.966763	0.340528	0.744888	0.888807	0.540454</FloatingPoint>
			</Individual>
			<Individual size="2">
				<FitnessMax value="2.91577"/>
				<FloatingPoint size="50">	3.50567	1.27819	2.84326	2.59046	3.46888	2.73662	0.484872	2.47879	3.32395	3.20541	3.60059	2.69559	2.65825	3.12879	3.61691	2.49064	1.37992	0.856507	2.2319	3.70438	3.55551	0.647655	2.42645	3.39055	3.4518	3.32175	0.680843	2.724	2.87563	3.2411	2.6679	0.793613	1.68313	4.34118	3.50563	3.36135	0.721304	2.84893	2.52336	2.49406	2.39564	0.353042	2.75736	1.66761	2.51288	3.26451	1.56768	3.3086	2.73297	3.06443</FloatingPoint>
				<FloatingPoint size="20">	0.828294	0.912223	0.893917	0.880386	0.611586	0.925875	0.917716	0.214867	0.334594	0.997281	0.35257	0.893336	0.922183	0.392109	0.520162	0.967575	0.516361	0.744422	0.888816	0.600983</FloatingPoint>
			</Individual>
			<Individual size="2">
				<FitnessMax value="2.91577"/>
				<FloatingPoint size="50">	3.50562	1.27895	2.84281	2.57081	3.46997	2.73662	0.487894	2.47871	3.32388	3.20599	3.49232	2.69559	2.66776	3.08874	3.61689	2.49035	1.37995	0.856524	2.22146	3.70436	3.55551	0.647614	2.42643	3.3904	3.4518	3.32175	0.680819	2.85901	2.87563	3.24499	2.66791	0.793573	1.68313	4.34118	3.50563	3.36181	0.722233	2.83338	2.55174	2.49421	2.3827	0.353299	2.75626	1.66761	2.5203	3.26479	1.55807	3.30871	2.73295	3.06675</FloatingPoint>
				<FloatingPoint size="20">	0.844145	0.912184	0.893917	0.880386	0.61643	0.925875	0.917777	0.214209	0.345036	0.997281	0.352418	0.893662	0.913711	0.582861	0.467042	0.966794	0.561483	0.744208	0.888796	0.531387</FloatingPoint>
			</Individual>
			<Individual size="2">
				<FitnessMax value="2.91577"/>
				<FloatingPoint size="50">	3.50626	1.2784	2.8428	2.56997	3.46941	2.73662	0.484025	2.49878	3.3239	3.20523	3.67874	2.69559	2.65095	3.10951	3.6169	2.49052	1.3799	0.856503	2.20092	3.70441	3.55551	0.647684	2.42646	3.39092	3.4518	3.32175	0.680074	2.70189	2.87563	3.24499	2.66789	0.793619	1.68309	4.34119	3.50563	3.36137	0.721537	2.83329	2.45038	2.49408	2.37933	0.353091	2.75641	1.66761	2.51412	3.26472	1.53579	3.31188	2.73475	3.06318</FloatingPoint>
				<FloatingPoint size="20">	0.851336	0.907105	0.893918	0.880386	0.290492	0.925875	0.917585	0.351553	0.282987	0.997281	0.352953	0.893403	0.918645	0.339701	0.372197	0.967617	0.517148	0.742057	0.888811	0.592688</FloatingPoint>
			</Individual>
			<Individual size="2">
				<FitnessMax value="2.91577"/>
				<FloatingPoint size="50">	3.50402	1.27845	2.8431	2.57533	3.4707	2.73662	0.483052	2.47518	3.32392	3.20635	3.49188	2.69559	2.6372	3.12013	3.61687	2.49004	1.37995	0.856531	2.22343	3.70443	3.55551	0.647702	2.42648	3.39049	3.4518	3.32175	0.680485	2.85901	2.87563	3.24498	2.66789	0.793639	1.68313	4.34118	3.50563	3.36172	0.721316	2.88776	2.51754	2.49404	2.40423	0.352795	2.7563	1.66761	2.51375	3.2645	1.57141	3.30896	2.73297	3.06411</FloatingPoint>
				<FloatingPoint size="20">	0.825692	0.901967	0.893918	0.880386	0.236835	0.925876	0.917797	0.2392	0.352565	0.997281	0.35368	0.893371	0.919497	0.278466	0.336902	0.967539	0.517102	0.742188	0.88881	0.564643</FloatingPoint>
			</Individual>
			<Individual size="2">
				<FitnessMax value="2.91577"/>
				<FloatingPoint size="50">	3.50731	1.2785	2.84281	2.56893	3.46966	2.73662	0.480497	2.47898	3.32389	3.20652	3.49189	2.69559	2.63671	3.12456	3.61691	2.49004	1.37995	0.856509	2.22736	3.70447	3.55551	0.647581	2.42648	3.39042	3.4518	3.32175	0.681268	2.85901	2.87563	3.24498	2.66789	0.793629	1.68312	4.34118	3.50563	3.36093	0.721312	2.82895	2.49033	2.49404	2.38437	0.352945	2.75661	1.66761	2.51368	3.26451	1.56306	3.30606	2.73315	3.06411</FloatingPoint>
				<FloatingPoint size="20">	0.825456	0.915097	0.893917	0.880386	0.137291	0.925876	0.917782	0.215811	0.347605	0.997281	0.353093	0.894082	0.920007	0.392525	0.509123	0.96762	0.515233	0.742635	0.888805	0.587911</FloatingPoint>
			</Individual>
			<Individual size="2">
				<FitnessMax value="2.91577"/>
				<FloatingPoint size="50">	3.50414	1.27849	2.84291	2.57985	3.46983	2.73662	0.479267	2.47882	3.32392	3.20586	3.52354	2.69559	2.64805	3.10952	3.61691	2.49052	1.37995	0.856514	2.20931	3.7043	3.55551	0.647674	2.42646	3.39054	3.4518	3.32175	0.681033	2.71066	2.87563	3.24262	2.66789	0.793611	1.68311	4.34118	3.50563	3.36119	0.721525	2.8485	2.52391	2.49406	2.38525	0.35299	2.75684	1.66761	2.51381	3.26452	1.53084	3.3071	2.73309	3.0635</FloatingPoint>
				<FloatingPoint size="20">	0.848543	0.912988	0.893918	0.880386	0.680951	0.925875	0.917684	0.215589	0.25988	0.997281	0.352769	0.893487	0.919248	0.600442	0.499908	0.96749	0.516025	0.742104	0.888816	0.601741</FloatingPoint>
			</Individual>
			<Individual size="2">
				<FitnessMax value="2.91577"/>
				<FloatingPoint size="50">	3.50646	1.27823	2.84279	2.54161	3.46984	2.73662	0.486804	2.47772	3.32388	3.21041	3.49506	2.69559	2.64382	3.10461	3.61693	2.49043	1.37989	0.856541	2.28776	3.70434	3.55551	0.647647	2.42646	3.3915	3.4518	3.32175	0.68101	2.86136	2.87563	3.24505	2.66792	0.793609	1.68313	4.34117	3.50563	3.36161	0.725078	2.80992	2.58325	2.49409	2.39112	0.353055	2.75626	1.66761	2.52816	3.26438	1.56466	3.30657	2.73301	3.0597</FloatingPoint>
				<FloatingPoint size="20">	0.825456	0.912194	0.893917	0.880386	0.215344	0.925876	0.917602	0.215748	0.330044	0.997281	0.352521	0.894618	0.919963	0.39201	0.286505	0.967537	0.515382	0.744301	0.888811	0.618797</FloatingPoint>
			</Individual>
			<Individual size="2">
				<FitnessMax value="2.91577"/>
				<FloatingPoint size="50">	3.50646	1.27823	2.84279	2.54161	3.46984	2.73662	0.486804	2.47772	3.32388	3.21041	3.49506	2.69559	2.64382	3.10461	3.61693	2.49043	1.37989	0.856541	2.28776	3.70434	3.55551	0.647647	2.42646	3.3915	3.4518	3.32175	0.68101	2.86136	2.87563	3.24505	2.66792	0.793609	1.68313	4.34117	3.50563	3.36161	0.725078	2.80992	2.58325	2.49409	2.39112	0.353055	2.75626	1.66761	2.52816	3.26438	1.56466	3.30657	2.73301	3.0597</FloatingPoint>
				<FloatingPoint size="20">	0.825456	0.912222	0.893917	0.880386	0.214579	0.925875	0.917783	0.214081	0.329639	0.997281	0.35257	0.893366	0.919997	0.392116	0.504687	0.967674	0.515184	0.744551	0.888816	0.61098</FloatingPoint>
			</Individual>
			<Individual size="2">
				<FitnessMax value="1.92278"/>
				<FloatingPoint size="50">	3.50521	1.2775	2.84279	2.47049	3.46725	2.73662	0.48207	2.47499	3.32389	3.25708	3.49271	2.69559	2.64962	3.10066	3.61695	2.49013	1.37987	0.856507	2.18438	3.70435	3.49564	0.64766	2.42648	3.39069	3.4518	3.32175	0.680966	2.84883	2.87562	3.24498	2.6679	0.793558	1.68043	4.34118	3.50563	3.36162	0.726441	2.80215	2.52373	2.49412	2.42294	0.35307	2.75645	1.6676	2.52503	3.26462	1.56557	3.30704	2.73289	3.06385</FloatingPoint>
				<FloatingPoint size="20">	0.82492	0.912211	0.893917	0.880386	0.400632	0.925875	0.917777	0.21456	0.332153	0.667142	0.357796	0.893368	0.983799	0.393231	0.568824	0.976059	0.512915	0.741245	0.888818	0.602993</FloatingPoint>
			</Individual>
			<Individual size="2">
				<FitnessMax value="2.91577"/>
				<FloatingPoint size="50">	3.49836	1.27874	2.84279	2.54078	3.46809	2.73662	0.485296	2.47772	3.32388	3.21096	3.49488	2.69559	2.64423	3.09916	3.61693	2.4899	1.37989	0.856537	2.26391	3.70436	3.55551	0.647662	2.42647	3.39107	3.4518	3.32175	0.681017	2.8564	2.87563	3.24503	2.66789	0.793624	1.68038	4.34118	3.50563	3.36196	0.724652	2.80504	2.58178	2.49403	2.39347	0.353054	2.75668	1.66761	2.527	3.26456	1.56289	3.30661	2.73309	3.0607</FloatingPoint>
				<FloatingPoint size="20">	0.825456	0.912194	0.893917	0.880386	0.215344	0.925876	0.917602	0.215748	0.330044	0.997281	0.352521	0.894618	0.919963	0.39201	0.286505	0.967537	0.515382	0.744301	0.888811	0.618797</FloatingPoint>
			</Individual>
			<Individual size="2">
				<FitnessMax value="2.91577"/>
				<FloatingPoint size="50">	3.50774	1.27854	2.8428	2.57076	3.46971	2.73662	0.480057	2.47911	3.32388	3.20558	3.49182	2.69559	2.6347	3.13041	3.61691	2.48995	1.37996	0.856511	2.23288	3.70449	3.55551	0.647559	2.42648	3.39039	3.4518	3.32175	0.681269	2.85901	2.87563	3.24498	2.66788	0.793631	1.68312	4.34118	3.50563	3.36085	0.721302	2.83338	2.4801	2.49405	2.38269	0.352965	2.75663	1.66761	2.51265	3.26452	1.56307	3.30578	2.73318	3.06421</FloatingPoint>
				<FloatingPoint size="20">	0.828294	0.912223	0.893917	0.880386	0.403887	0.925875	0.917716	0.209635	0.334594	0.997281	0.352969	0.893336	0.922183	0.394166	0.520162	0.967209	0.516361	0.750065	0.888814	0.587192</FloatingPoint>
			</Individual>
			<Individual size="2">
				<FitnessMax value="2.61821"/>
				<FloatingPoint size="50">	3.50372	1.27895	2.84281	2.57081	3.47233	2.73662	0.487894	2.47871	3.32388	3.20683	3.49206	2.69559	2.66776	3.08874	3.61689	2.4911	1.37995	0.856544	2.32044	3.70436	3.55551	0.647614	2.42643	3.3904	3.4518	3.32175	0.680822	2.85901	2.87564	3.24498	2.66789	0.793591	1.68313	4.34118	3.50563	3.36225	0.721302	2.83338	2.44645	2.49421	2.3827	0.353299	2.75607	1.66761	2.49819	3.26479	1.55807	3.30609	2.7331	3.06675</FloatingPoint>
				<FloatingPoint size="20">	0.8213	0.914064	0.391896	0.880386	0.250913	0.925875	0.917642	0.221227	0.309915	0.997281	0.353461	0.893441	0.920689	0.71129	0.52533	0.967588	0.519362	0.737431	0.88001	0.60872</FloatingPoint>
			</Individual>
			<Individual size="2">
				<FitnessMax value="2.91577"/>
				<FloatingPoint size="50">	3.5074	1.27838	2.8428	2.55965	3.47044	2.73662	0.482336	2.47874	3.32389	3.23623	3.49227	2.69559	2.65788	3.09902	3.61686	2.49066	1.37993	0.856529	2.30479	3.70413	3.55551	0.647632	2.42649	3.39059	3.4518	3.32175	0.679915	2.85901	2.87564	3.41853	2.6679	0.793629	1.68313	4.34118	3.50563	3.36293	0.721442	2.86064	2.4956	2.49408	2.40479	0.352891	2.76652	1.66761	2.5147	3.26442	1.55912	3.30656	2.7331	3.06631</FloatingPoint>
				<FloatingPoint size="20">	0.84803	0.912134	0.893919	0.880386	0.643986	0.925876	0.91764	0.313019	0.300429	0.997281	0.352849	0.893511	0.919054	0.362763	0.401632	0.967465	0.516972	0.742589	0.888813	0.6957</FloatingPoint>
			</Individual>
			<Individual size="2">
				<FitnessMax value="2.91577"/>
				<FloatingPoint size="50">	3.50562	1.27895	2.84281	2.57081	3.46997	2.73662	0.487894	2.47871	3.32388	3.20599	3.49232	2.69559	2.66776	3.08874	3.61689	2.49035	1.37995	0.856524	2.22146	3.70436	3.55551	0.647614	2.42643	3.3904	3.4518	3.32175	0.680819	2.85901	2.87563	3.24499	2.66791	0.793573	1.68313	4.34118	3.50563	3.36181	0.722233	2.83338	2.55174	2.49421	2.3827	0.353299	2.75626	1.66761	2.5203	3.26479	1.55807	3.30871	2.73295	3.06675</FloatingPoint>
				<FloatingPoint size="20">	0.844145	0.912184	0.893917	0.880386	0.61643	0.925875	0.917777	0.214209	0.337092	0.997281	0.352581	0.893463	0.920012	0.420671	0.485826	0.967353	0.515512	0.743836	0.888816	0.602787</FloatingPoint>
			</Individual>
			<Individual size="2">
				<FitnessMax value="2.91577"/>
				<FloatingPoint size="50">	3.5074	1.27863	2.8428	2.56995	3.47116	2.73662	0.485588	2.47821	3.32392	3.20769	3.51106	2.69559	2.66043	3.10355	3.61691	2.49044	1.37992	0.856511	2.20271	3.70436	3.55551	0.64762	2.42646	3.39068	3.4518	3.32175	0.680927	2.80681	2.87563	3.24496	2.66789	0.7936	1.68014	4.34118	3.50563	3.36216	0.721459	2.82729	2.53227	2.49411	2.3922	0.353057	2.75616	1.66761	2.51587	3.26477	1.56034	3.3063	2.73303	3.06394</FloatingPoint>
				<FloatingPoint size="20">	0.856456	0.914284	0.893919	0.880386	0.176957	0.925875	0.917356	0.227197	0.312459	0.997281	0.353505	0.893769	0.921397	0.915919	0.52584	0.967546	0.519707	0.73345	0.888821	0.598683</FloatingPoint>
			</Individual>
			<Individual size="2">
				<FitnessMax value="2.91577"/>
				<FloatingPoint size="50">	3.50567	1.27819	2.84326	2.59046	3.46888	2.73662	0.484872	2.47879	3.32395	3.20541	3.60059	2.69559	2.65825	3.12879	3.61691	2.49064	1.37992	0.856507	2.2319	3.70438	3.55551	0.647655	2.42645	3.39055	3.4518	3.32175	0.680843	2.724	2.87563	3.2411	2.6679	0.793613	1.68313	4.34118	3.50563	3.36135	0.721304	2.84893	2.52336	2.49406	2.39564	0.352677	2.75896	1.66761	2.5203	3.26442	1.56573	3.30611	2.73314	3.06372</FloatingPoint>
				<FloatingPoint size="20">	0.823673	0.907304	0.893917	0.880386	0.891249	0.925876	0.917466	0.350097	0.256419	0.997281	0.360407	0.89356	0.922834	0.8063	0.517965	0.975749	0.517187	0.740119	0.888811	0.590836</FloatingPoint>
			</Individual>
			<Individual size="2">
				<FitnessMax value="2.91577"/>
				<FloatingPoint size="50">	3.5074	1.27855	2.8428	2.57008	3.46968	2.73662	0.483993	2.47847	3.32389	3.20608	3.49205	2.69559	2.64833	3.10989	3.61694	2.49061	1.3799	0.856488	2.19621	3.70442	3.55551	0.647682	2.42647	3.39052	3.4518	3.32175	0.681099	2.81265	2.87563	3.24499	2.66789	0.793608	1.68308	4.34119	3.50563	3.36136	0.721537	2.8304	2.4888	2.49406	2.38322	0.353062	2.75641	1.66761	2.513	3.26472	1.51146	3.30608	2.73312	3.06538</FloatingPoint>
				<FloatingPoint size="20">	0.849352	0.912171	0.893917	0.880386	0.20328	0.925875	0.917784	0.214247	0.329841	0.997281	0.352579	0.893366	0.920038	0.392182	0.520183	0.967673	0.515266	0.744084	0.888815	0.610265</FloatingPoint>
			</Individual>
			<Individual size="2">
				<FitnessMax value="2.91577"/>
				<FloatingPoint size="50">	3.50562	1.27826	2.84292	2.56369	3.46997	2.73662	0.486406	2.47698	3.32391	3.20599	3.49232	2.69559	2.65649	3.09273	3.61691	2.49035	1.37993	0.856524	2.22146	3.70425	3.55551	0.647676	2.42645	3.39084	3.4518	3.32175	0.680819	2.85901	2.87563	3.24499	2.66791	0.793573	1.68313	4.34118	3.50563	3.36181	0.722233	2.82766	2.55174	2.49404	2.40736	0.352772	2.75626	1.66761	2.5203	3.26444	1.56646	3.30871	2.73295	3.0622</FloatingPoint>
				<FloatingPoint size="20">	0.859149	0.905815	0.893916	0.880386	0.790745	0.925875	0.917781	0.226156	0.359448	0.997281	0.361597	0.89683	0.991558	0.359576	0.453762	0.99425	0.508126	0.739794	0.88883	0.584535</FloatingPoint>
			</Individual>
			<Individual size="2">
				<FitnessMax value="2.91577"/>
				<FloatingPoint size="50">	3.50521	1.2775	2.84279	2.47049	3.46725	2.73662	0.48207	2.47499	3.32389	3.25708	3.49271	2.69559	2.64962	3.10066	3.61695	2.49013	1.37987	0.856507	2.18438	3.70435	3.49564	0.64766	2.42648	3.39069	3.4518	3.32175	0.680966	2.84883	2.87562	3.24498	2.6679	0.793558	1.68043	4.34118	3.50563	3.36162	0.726441	2.80215	2.52373	2.49412	2.42294	0.35307	2.75645	1.6676	2.52503	3.26462	1.56557	3.30704	2.73289	3.06385</FloatingPoint>
				<FloatingPoint size="20">	0.82666	0.912265	0.893917	0.880386	0.382827	0.925876	0.917785	0.215268	0.362392	0.997281	0.36096	0.893657	0.943273	0.393083	0.521441	0.97628	0.513082	0.740771	0.888818	0.603674</FloatingPoint>
			</Individual>
			<Individual size="2">
				<FitnessMax value="2.91577"/>
				<FloatingPoint size="50">	3.50605	1.2785	2.84306	2.6684	3.46945	2.73662	0.481937	2.47893	3.3239	3.20617	3.53883	2.28215	2.63751	3.12827	3.61692	2.49005	1.37995	0.856459	2.12203	3.70429	3.55551	0.647641	2.42648	3.39039	3.4518	3.32175	0.680923	2.80896	2.87563	3.23662	2.66791	0.79361	1.68313	4.34118	3.50563	3.36108	0.721215	2.83122	2.51591	2.49403	2.40605	0.353145	2.76048	1.66761	2.51848	3.2645	1.54493	3.3072	2.73314	3.0635</FloatingPoint>
				<FloatingPoint size="20">	0.825456	0.915097	0.893917	0.880386	0.137291	0.925876	0.917782	0.215811	0.347605	0.997281	0.353093	0.894082	0.920007	0.392525	0.509123	0.96762	0.515233	0.742635	0.888805	0.587911</FloatingPoint>
			</Individual>
			<Individual size="2">
				<FitnessMax value="2.91577"/>
				<FloatingPoint size="50">	3.5071	1.27848	2.84305	2.56985	3.4704	2.73662	0.483066	2.47737	3.32395	3.20657	3.49199	2.69559	2.66283	3.08966	3.44822	2.49016	1.37993	0.85654	2.1931	3.70418	3.55551	0.647705	2.42646	3.39069	3.4518	3.32175	0.680455	2.85317	2.87563	3.24498	2.66791	0.79363	1.68221	4.34118	3.50563	3.36306	0.721496	2.88191	2.5768	2.49402	2.40012	0.352746	2.75604	1.66761	2.52072	3.26457	1.56508	3.30943	2.73301	3.06389</FloatingPoint>
				<FloatingPoint size="20">	0.843754	0.912222	0.893917	0.880386	0.214579	0.925875	0.917783	0.214081	0.329639	0.997281	0.35257	0.893366	0.919997	0.392116	0.504687	0.967674	0.515184	0.744551	0.888816	0.61098</FloatingPoint>
			</Individual>
			<Individual size="2">
				<FitnessMax value="2.91577"/>
				<FloatingPoint size="50">	3.50371	1.27807	2.84315	2.57062	3.4697	2.73662	0.480046	2.47888	3.32389	3.68033	3.69921	2.69559	2.66256	3.20019	3.61691	2.48997	1.37993	0.85651	2.22394	3.70445	3.55551	0.647635	2.42647	3.39048	3.4518	3.32175	0.681179	2.86233	2.87563	3.23322	2.66789	0.793592	1.68313	4.34118	3.50563	3.36156	0.721006	2.84081	2.52477	2.49404	2.40216	0.352862	2.75899	1.66761	2.52385	3.26449	1.56235	3.30653	2.73315	3.06374</FloatingPoint>
				<FloatingPoint size="20">	0.853321	0.912222	0.893917	0.880386	0.214579	0.925876	0.917783	0.214081	0.329639	0.997281	0.35257	0.893366	0.919997	0.392116	0.519927	0.967674	0.515184	0.744482	0.888793	0.586649</FloatingPoint>
			</Individual>
			<Individual size="2">
				<FitnessMax value="2.91577"/>
				<FloatingPoint size="50">	3.50562	1.27851	2.84281	2.57031	3.47144	2.73662	0.482181	2.47872	3.32389	3.23001	3.49222	2.69559	2.66151	3.13092	3.61689	2.49067	1.37993	0.856531	2.30091	3.70437	3.55551	0.647613	2.42645	3.39041	3.4518	3.32175	0.680833	2.85901	2.87563	3.28476	2.6679	0.793604	1.68313	4.34118	3.50563	3.36137	0.729096	2.83116	2.4695	2.49414	2.39969	0.578107	2.75884	1.66761	2.51824	3.26448	1.559	3.30613	2.73312	3.06665</FloatingPoint>
				<FloatingPoint size="20">	0.825456	0.912187	0.893917	0.880386	0.458	0.925875	0.917747	0.214069	0.332645	0.997281	0.35265	0.893395	0.922117	0.394366	0.0100093	0.967361	0.51587	0.748206	0.888814	0.590269</FloatingPoint>
			</Individual>
			<Individual size="2">
				<FitnessMax value="2.91577"/>
				<FloatingPoint size="50">	3.5074	1.27855	2.8428	2.57008	3.46968	2.73662	0.483993	2.47847	3.32389	3.20608	3.49205	2.69559	2.64833	3.10989	3.61694	2.49061	1.3799	0.856488	2.19621	3.70442	3.55551	0.647682	2.42647	3.39052	3.4518	3.32175	0.681099	2.81265	2.87563	3.24499	2.66789	0.793608	1.68308	4.34119	3.50563	3.36136	0.721537	2.8304	2.4888	2.49406	2.38322	0.353062	2.75641	1.66761	2.513	3.26472	1.51146	3.30608	2.73312	3.06538</FloatingPoint>
				<FloatingPoint size="20">	0.841944	0.912196	0.893917	0.880386	0.209676	0.925875	0.805426	0.214199	0.329906	0.997281	0.352581	0.893366	0.920056	0.392189	0.520326	0.967673	0.515291	0.743964	0.888814	0.610101</FloatingPoint>
			</Individual>
			<Individual size="2">
				<FitnessMax value="2.91577"/>
				<FloatingPoint size="50">	3.5083	1.27808	2.84281	2.51171	3.47138	2.73662	0.488756	2.47847	3.32389	3.21435	3.49228	2.69559	2.66528	3.08529	3.6169	2.4906	1.37992	0.856519	2.21021	3.70436	3.55551	0.647623	2.42645	3.39075	3.4518	3.32175	0.680797	2.85901	2.87564	3.24498	2.66789	0.793572	1.68313	4.34118	3.50563	3.36244	0.729516	2.83338	2.59987	2.49412	2.39798	0.352872	2.7563	1.66761	2.50693	3.26462	1.56473	3.3064	2.73292	3.065</FloatingPoint>
				<FloatingPoint size="20">	0.8213	0.72286	0.893917	0.880386	0.168832	0.925876	0.917788	0.216796	0.385556	0.997281	0.352702	0.893347	0.919862	0.3989	0.508006	0.967578	0.516057	0.74064	0.888818	0.577024</FloatingPoint>
			</Individual>
			<Individual size="2">
				<FitnessMax value="2.28189"/>
				<FloatingPoint size="50">	3.50371	1.27841	2.84289	2.57202	3.46986	2.73662	0.483062	2.47779	3.32391	3.20764	3.49213	2.69559	2.63859	3.11925	3.61692	2.49016	1.37994	0.856528	2.24266	3.70443	3.55551	0.647643	2.42646	3.39063	3.4518	3.32175	0.680899	2.85901	2.87563	3.24498	2.66789	0.793611	1.68313	4.34118	3.50563	3.36179	2.40974	2.88597	2.49135	2.49406	2.40104	0.352947	2.75624	1.66761	2.51317	3.26468	1.56389	3.3077	2.73298	3.06361</FloatingPoint>
				<FloatingPoint size="20">	0.825692	0.901967	0.893918	0.880386	0.236835	0.925876	0.917797	0.2392	0.352565	0.997281	0.35368	0.893371	0.919497	0.278466	0.336902	0.967539	0.517102	0.742188	0.88881	0.564643</FloatingPoint>
			</Individual>
			<Individual size="2">
				<FitnessMax value="2.91577"/>
				<FloatingPoint size="50">	3.5074	1.27855	2.8428	2.57008	3.46968	2.73662	0.483993	2.47847	3.32389	3.20608	3.49205	2.69559	2.64833	3.10989	3.61694	2.49061	1.3799	0.856488	2.19621	3.70442	3.55551	0.647682	2.42647	3.39052	3.4518	3.32175	0.681099	2.81265	2.87563	3.24499	2.66789	0.793608	1.68308	4.34119	3.50563	3.36136	0.721537	2.8304	2.4888	2.49406	2.38322	0.353062	2.75641	1.66761	2.513	3.26472	1.51146	3.30608	2.73312	3.06538</FloatingPoint>
				<FloatingPoint size="20">	0.832138	0.879739	0.893918	0.880386	0.260306	0.925875	0.917677	0.211316	0.282077	0.997281	0.567984	0.893437	0.916134	0.392297	0.520362	0.967651	0.516393	0.739433	0.888814	0.547372</FloatingPoint>
			</Individual>
			<Individual size="2">
				<FitnessMax value="2.91577"/>
				<FloatingPoint size="50">	3.50774	1.2784	2.8433	2.58226	3.46785	2.73662	0.482293	2.47858	3.3239	3.20789	3.55469	2.69559	2.65535	3.11442	3.61693	2.49006	1.37991	0.856475	2.20116	3.70438	3.55551	0.647669	2.42646	3.39066	3.4518	3.32175	0.681234	2.73949	2.87563	3.24167	2.66789	0.793627	1.68171	4.34118	3.50563	3.36204	0.722113	2.83718	2.57215	2.49402	2.39492	0.353001	2.75694	1.66761	2.52095	3.2645	1.56375	3.30851	2.73304	3.06393</FloatingPoint>
				<FloatingPoint size="20">	0.8395	0.912167	0.893916	0.880386	0.523692	0.925875	0.917735	0.217295	0.304536	0.997281	0.461999	0.893596	0.916279	0.556343	0.520284	0.967201	0.520458	0.741541	0.888808	0.539353</FloatingPoint>
			</Individual>
			<Individual size="2">
				<FitnessMax value="2.91577"/>
				<FloatingPoint size="50">	3.50646	1.27875	2.84279	2.5348	3.4678	2.73662	0.481995	2.47771	3.32389	3.21173	3.49294	2.69559	2.64435	3.09597	3.61695	2.48988	1.37988	0.856469	2.1901	3.70437	3.55551	0.647684	2.42648	3.39083	3.4518	3.32175	0.681234	2.77585	2.87562	3.24497	2.66789	0.79363	1.67466	4.34118	3.50563	3.36204	0.722284	2.80307	2.58039	2.49402	2.39446	0.353053	2.75685	1.66761	2.52312	3.2646	1.56119	3.30762	2.73312	3.06373</FloatingPoint>
				<FloatingPoint size="20">	0.824575	0.912905	0.893917	0.880386	0.237267	0.925875	0.917552	0.218875	0.306989	0.997281	0.352968	0.893461	0.919239	0.607711	0.521424	0.967549	0.515387	0.743807	0.888816	0.605769</FloatingPoint>
			</Individual>
			<Individual size="2">
				<FitnessMax value="2.91577"/>
				<FloatingPoint size="50">	3.50774	1.27832	2.84307	2.54762	3.46959	2.73662	0.487468	2.47857	3.32394	3.21146	3.49208	2.69559	2.64963	3.08121	3.61692	2.48996	1.37992	0.856516	2.22411	3.7043	3.55551	0.647706	2.42648	3.39078	3.4518	3.32175	0.6802	2.85901	2.87563	3.24498	2.66792	0.79362	1.68313	4.34118	3.50563	3.36245	0.725	2.8677	2.55858	2.49406	2.38523	0.352624	2.75601	1.66761	2.51581	3.26449	1.5651	3.31026	2.73264	3.06421</FloatingPoint>
				<FloatingPoint size="20">	0.825692	0.901967	0.893918	0.880386	0.236835	0.925876	0.917797	0.2392	0.352565	0.997281	0.35368	0.893371	0.919497	0.278466	0.346559	0.967539	0.517102	0.742188	0.88881	0.564643</FloatingPoint>
			</Individual>
			<Individual size="2">
				<FitnessMax value="2.91577"/>
				<FloatingPoint size="50">	3.50372	1.27895	2.84281	2.57081	3.47233	2.73662	0.487894	2.47871	3.32388	3.20683	3.49206	2.69559	2.66776	3.08874	3.61689	2.4911	1.37995	0.856544	2.32044	3.70436	3.55551	0.647614	2.42643	3.3904	3.4518	3.32175	0.680822	2.85901	2.87564	3.24498	2.66789	0.793591	1.68313	4.34118	3.50563	3.36225	0.721302	2.83338	2.44645	2.49421	2.3827	0.353299	2.75607	1.66761	2.49819	3.26479	1.55807	3.30609	2.7331	3.06675</FloatingPoint>
				<FloatingPoint size="20">	0.856456	0.914284	0.893919	0.880386	0.176957	0.925875	0.917356	0.227197	0.312459	0.997281	0.353505	0.893769	0.921397	0.915919	0.52584	0.967546	0.519707	0.73345	0.888821	0.598683</FloatingPoint>
			</Individual>
			<Individual size="2">
				<FitnessMax value="2.91577"/>
				<FloatingPoint size="50">	3.5074	1.27887	2.8428	2.57079	3.47182	2.73662	0.484503	2.47855	3.32388	3.20672	3.49206	2.69559	2.65961	3.1083	3.6169	2.49098	1.37991	0.123107	2.30586	3.70436	3.55551	0.647637	2.42644	3.39052	3.4518	3.32175	0.680908	2.8563	2.87563	3.24498	2.66789	0.793608	1.68308	4.34118	3.50563	3.36214	0.721432	2.8307	2.45506	2.49412	2.38319	0.35326	2.75622	1.66761	2.50946	3.26477	1.52461	3.30608	2.73312	3.06561</FloatingPoint>
				<FloatingPoint size="20">	0.855193	0.911974	0.893917	0.880386	0.245888	0.925875	0.917635	0.238555	0.328717	0.997281	0.354352	0.893389	0.920226	0.511268	0.453745	0.977802	0.516243	0.743808	0.888814	0.60501</FloatingPoint>
			</Individual>
			<Individual size="2">
				<FitnessMax value="2.91577"/>
				<FloatingPoint size="50">	3.50562	1.27826	2.84292	2.56369	3.46997	2.73662	0.486406	2.47698	3.32391	3.20599	3.49232	2.69559	2.65649	3.09273	3.61691	2.49035	1.37993	0.856524	2.22146	3.70425	3.55551	0.647676	2.42645	3.39084	3.4518	3.32175	0.680819	2.85901	2.87563	3.24499	2.66791	0.793573	1.68313	4.34118	3.50563	3.36181	0.722233	2.82766	2.55174	2.49404	2.40736	0.352772	2.75626	1.07401	2.5203	3.26444	1.56646	3.30871	2.73295	3.0622</FloatingPoint>
				<FloatingPoint size="20">	0.843718	0.912296	0.893917	0.880386	0.211832	0.925875	0.91775	0.214199	0.333248	0.997281	0.352623	0.893336	0.920022	0.385599	0.506477	0.967665	0.515204	0.743985	0.888815	0.608106</FloatingPoint>
			</Individual>
			<Individual size="2">
				<FitnessMax value="2.91577"/>
				<FloatingPoint size="50">	3.50413	1.27886	2.84281	2.57078	3.47054	2.73662	0.478648	2.47868	3.32394	3.20403	3.49213	2.69559	2.67362	3.06818	3.6169	2.49051	1.37993	0.856522	2.18313	3.70408	3.55551	0.647748	2.42644	3.39075	3.4518	3.32175	0.680499	2.85901	2.87564	3.24499	2.66791	0.793527	1.68314	4.34119	3.50563	3.36239	0.721302	2.83338	2.5721	2.49402	2.42788	0.352535	2.75609	1.66761	2.52028	3.26444	1.56903	3.31126	2.73281	3.06241</FloatingPoint>
				<FloatingPoint size="20">	0.83731	0.915828	0.893917	0.880386	0.191705	0.925876	0.917785	0.215438	0.357598	0.997281	0.352636	0.893356	0.91993	0.395508	0.4611	0.967626	0.515621	0.742595	0.888817	0.594002</FloatingPoint>
			</Individual>
			<Individual size="2">
				<FitnessMax value="2.91577"/>
				<FloatingPoint size="50">	3.50646	1.27875	2.84279	2.5348	3.4678	2.73662	0.481995	2.47848	3.32388	3.20684	3.49161	2.69559	2.67201	3.08439	3.61689	2.49111	1.37995	0.856544	2.28254	3.70411	3.55551	0.647608	2.42643	3.39031	3.4518	3.32175	0.680817	2.85901	2.87563	3.24498	2.66789	0.793629	1.68312	4.34118	3.50563	3.36093	0.721312	2.82895	2.49033	2.49404	2.38437	0.352945	2.75661	1.66761	2.51368	3.26451	1.56306	3.30606	2.73315	3.06411</FloatingPoint>
				<FloatingPoint size="20">	0.825456	0.915097	0.893917	0.880386	0.137291	0.925876	0.917782	0.215811	0.347605	0.997281	0.353093	0.894082	0.920007	0.392525	0.509123	0.96762	0.515233	0.742635	0.888805	0.587911</FloatingPoint>
			</Individual>
			<Individual size="2">
				<FitnessMax value="2.91577"/>
				<FloatingPoint size="50">	3.50562	1.27851	2.84281	2.57031	3.47144	2.73662	0.482181	2.47872	3.32389	3.23001	3.49222	2.69559	2.66151	3.13092	3.61689	2.49067	1.37993	0.856531	2.30091	3.70437	3.55551	0.647613	2.42645	3.39041	3.4518	3.32175	0.680833	2.85901	2.87563	3.28476	2.6679	0.793604	1.68313	4.34118	3.50563	3.36137	0.729096	2.83116	2.4695	2.49414	2.39969	0.578107	2.75884	1.66761	2.51824	3.26448	1.559	3.30613	2.73312	3.06665</FloatingPoint>
				<FloatingPoint size="20">	0.848234	0.912187	0.893918	0.880386	0.894588	0.925875	0.917783	0.214081	0.329639	0.997281	0.352571	0.893404	0.920007	0.394786	0.516125	0.96762	0.515304	0.744497	0.888816	0.611601</FloatingPoint>
			</Individual>
			<Individual size="2">
				<FitnessMax value="2.91577"/>
				<FloatingPoint size="50">	3.5074	1.27887	2.8428	2.57079	3.47182	2.73662	0.484503	2.47855	3.32388	3.20672	3.49206	2.69559	2.65961	3.1083	3.6169	2.49098	1.37991	0.123107	2.30586	3.70436	3.55551	0.647637	2.42644	3.39052	3.4518	3.32175	0.680908	2.8563	2.87563	3.24498	2.66789	0.793608	1.68308	4.34118	3.50563	3.36214	0.721432	2.8307	2.45506	2.49412	2.38319	0.35326	2.75622	1.66761	2.50946	3.26477	1.52461	3.30608	2.73312	3.06561</FloatingPoint>
				<FloatingPoint size="20">	0.849352	0.912171	0.893917	0.880386	0.20328	0.925875	0.917784	0.214247	0.329841	0.997281	0.352579	0.893366	0.920038	0.392182	0.520183	0.967673	0.515266	0.744084	0.888815	0.610265</FloatingPoint>
			</Individual>
			<Individual size="2">
				<FitnessMax value="2.91577"/>
				<FloatingPoint size="50">	3.50371	1.27807	2.84315	2.57062	3.4697	2.73662	0.480046	2.47888	3.32389	3.68033	3.69921	2.69559	2.66256	3.20019	3.61691	2.48997	1.37993	0.85651	2.22394	3.70445	3.55551	0.647635	2.42647	3.39048	3.4518	3.32175	0.681179	2.86233	2.87563	3.23322	2.66789	0.793592	1.68313	4.34118	3.50563	3.36126	0.720955	2.83337	2.52344	2.49402	2.4009	0.352905	2.75901	1.66761	2.52537	3.26449	1.56286	3.30611	2.73315	3.0633</FloatingPoint>
				<FloatingPoint size="20">	0.834537	0.912992	0.893917	0.880386	0.224944	0.925875	0.917783	0.214698	0.330138	0.997281	0.352595	0.894312	0.920022	0.395564	0.526065	0.967664	0.515221	0.743919	0.888795	0.607455</FloatingPoint>
			</Individual>
			<Individual size="2">
				<FitnessMax value="2.91577"/>
				<FloatingPoint size="50">	3.50649	1.27865	2.84303	2.493	3.46942	2.73662	0.481988	2.47794	3.32391	3.20842	3.5501	2.30992	2.63783	3.13213	3.61682	2.49003	1.37989	0.856457	2.13676	3.70445	3.55551	0.647685	2.42654	3.39057	3.45181	3.32175	0.681299	2.84505	2.87563	3.23562	2.66791	0.793605	1.68313	4.34118	3.50563	3.36095	0.721067	2.83276	2.51715	2.49403	2.39783	0.352677	2.75896	1.66761	2.5203	3.26442	1.56573	3.30611	2.73314	3.06372</FloatingPoint>
				<FloatingPoint size="20">	0.823673	0.907304	0.893917	0.880386	0.891249	0.925876	0.917466	0.350097	0.256419	0.997281	0.360407	0.89356	0.922834	0.8063	0.365975	0.975749	0.517187	0.740119	0.888811	0.590836</FloatingPoint>
			</Individual>
			<Individual size="2">
				<FitnessMax value="2.91577"/>
				<FloatingPoint size="50">	3.50402	1.27856	2.84302	2.56451	3.46951	2.73662	0.480347	2.47865	3.32389	3.36459	3.52345	2.446	2.64922	3.12856	3.61692	2.48999	1.37993	0.8565	2.22424	3.70445	3.55551	0.647666	2.42647	3.39048	3.4518	3.32175	0.681216	2.86186	2.87563	3.24277	2.66789	0.793609	1.68313	4.34118	3.50563	3.36125	0.721363	2.8327	2.51645	2.49404	2.3842	0.352904	2.75745	1.66761	2.52528	3.26432	1.56717	3.30611	2.73314	3.06549</FloatingPoint>
				<FloatingPoint size="20">	0.839327	0.912516	0.893917	0.880386	0.458769	0.925875	0.917783	0.21422	0.329704	0.997281	0.352574	0.894168	0.920007	0.393908	0.52425	0.967668	0.515193	0.744406	0.888797	0.607518</FloatingPoint>
			</Individual>
		</Deme>
	</Population>
</ECF>
