<?xml version="1.0" encoding="ISO-8859-1"?>
<ECF milestone="Mon Jun 18 18:11:21 2018
">
	<Registry>
		<Entry key="1FloatingPoint.dimension">20</Entry>
		<Entry key="1FloatingPoint.lbound">0</Entry>
		<Entry key="1FloatingPoint.ubound">1</Entry>
		<Entry key="FloatingPoint.dimension">50</Entry>
		<Entry key="FloatingPoint.lbound">0</Entry>
		<Entry key="FloatingPoint.ubound">6.99</Entry>
		<Entry key="SteadyStateTournament.tsize">3</Entry>
		<Entry key="batch.logfile_">*</Entry>
		<Entry key="batch.remaining_">0</Entry>
		<Entry key="batch.repeats">1</Entry>
		<Entry key="batch.singlemilestone">1</Entry>
		<Entry key="batch.statsfile">stats/ohlc_bitfinex_zecusd_21600_10_100_0.9_0.7.csv</Entry>
		<Entry key="data.balance">3210.95</Entry>
		<Entry key="data.input">data/train/ohlc_bitfinex_zecusd_21600.csv</Entry>
		<Entry key="data.test">data/test/ohlc_bitfinex_zecusd_21600.csv</Entry>
		<Entry key="fuzzy.langvars">conf/ohlc_bitfinex_zecusd_21600.conf</Entry>
		<Entry key="fuzzy.numrules">10</Entry>
		<Entry key="fuzzy.threshold">0.7</Entry>
		<Entry key="log.frequency">10</Entry>
		<Entry key="log.level">3</Entry>
		<Entry key="milestone.elapsedtime_">311</Entry>
		<Entry key="milestone.filename">milestones/ohlc_bitfinex_zecusd_21600_10_100_0.9_0.7.txt</Entry>
		<Entry key="milestone.generation_">2999</Entry>
		<Entry key="mutation.indprob">0.9</Entry>
		<Entry key="operator.logfile">log/ohlc_bitfinex_zecusd_21600_10_100_0.9_0.7.csv</Entry>
		<Entry key="population.size">100</Entry>
		<Entry key="term.eval">300000</Entry>
		<Entry key="term.maxtime">1800</Entry>
	</Registry>
	<Population size="1">
		<HallOfFame size="1">
			<Individual size="2" gen="2750">
				<FitnessMax value="3.26019"/>
				<FloatingPoint size="50">	2.67968	0.364786	3.58049	1.59013	2.42272	3.46915	0.894382	2.72118	4.22954	3.01687	2.32721	0.558119	2.56396	3.33274	3.71641	3.36177	0.547642	3.22095	5.22814	4.35371	3.24881	0.57766	3.3714	4.52999	4.49488	2.30879	0.361361	2.64108	1.78747	2.6809	3.46882	0.697816	3.23762	5.34188	4.44378	2.77359	0.353749	2.5697	3.8557	3.56422	2.39903	0.347335	2.43513	1.8345	2.43795	2.61546	0.571194	3.24774	3.70401	3.73566</FloatingPoint>
				<FloatingPoint size="20">	0.98647	0.314532	0.998474	0.530862	0.70819	0.420676	0.748366	0.173231	0.788265	0.558491	0.761415	0.271747	0.936933	0.640862	0.664454	0.483711	0.959764	0.0881414	0.935943	0.428028</FloatingPoint>
			</Individual>
		</HallOfFame>
		<Deme size="100">
			<HallOfFame size="1">
				<Individual size="2" gen="2750">
					<FitnessMax value="3.26019"/>
					<FloatingPoint size="50">	2.67968	0.364786	3.58049	1.59013	2.42272	3.46915	0.894382	2.72118	4.22954	3.01687	2.32721	0.558119	2.56396	3.33274	3.71641	3.36177	0.547642	3.22095	5.22814	4.35371	3.24881	0.57766	3.3714	4.52999	4.49488	2.30879	0.361361	2.64108	1.78747	2.6809	3.46882	0.697816	3.23762	5.34188	4.44378	2.77359	0.353749	2.5697	3.8557	3.56422	2.39903	0.347335	2.43513	1.8345	2.43795	2.61546	0.571194	3.24774	3.70401	3.73566</FloatingPoint>
					<FloatingPoint size="20">	0.98647	0.314532	0.998474	0.530862	0.70819	0.420676	0.748366	0.173231	0.788265	0.558491	0.761415	0.271747	0.936933	0.640862	0.664454	0.483711	0.959764	0.0881414	0.935943	0.428028</FloatingPoint>
				</Individual>
			</HallOfFame>
			<Individual size="2">
				<FitnessMax value="2.21683"/>
				<FloatingPoint size="50">	2.6624	0.367462	3.5553	1.59423	2.36265	3.27566	0.604746	2.75848	4.23755	3.05164	2.34545	0.558149	2.52387	3.34161	3.71347	3.44171	0.367731	2.92656	5.23216	4.34719	3.23693	0.577185	3.44039	4.60743	4.40009	2.43488	0.412769	2.69625	1.72571	2.70949	3.46887	0.697895	3.23885	5.34042	4.49047	2.73265	0.408939	2.52647	3.86052	3.57467	2.39709	0.347287	2.40846	1.65224	2.4838	2.37674	0.596223	3.26804	3.61958	3.73256</FloatingPoint>
				<FloatingPoint size="20">	0.878072	0.470006	0.988725	0.542768	0.77102	0.498185	0.726374	0.514534	0.79869	0.208806	0.76384	0.667308	0.689768	0.623865	0.716123	0.400213	0.958363	0.171724	0.527102	0.493293</FloatingPoint>
			</Individual>
			<Individual size="2">
				<FitnessMax value="3.06449"/>
				<FloatingPoint size="50">	2.66467	0.367217	3.55795	1.59422	2.35455	3.49422	0.633745	2.76181	4.23759	3.05039	2.3375	0.55815	2.51951	3.33642	3.71156	3.4362	0.376068	2.92714	5.23214	4.34731	3.23778	0.575534	3.43872	4.59857	4.40485	2.3594	0.413117	2.68939	1.71731	2.6416	3.46887	0.697851	3.23866	5.34044	4.44794	2.73179	0.410334	2.5582	3.86037	3.57459	2.39722	0.34673	2.41493	1.6538	2.48916	2.61753	0.596027	3.24416	3.61936	3.73254</FloatingPoint>
				<FloatingPoint size="20">	0.799373	0.606144	0.988706	0.373414	0.761004	0.56844	0.726308	0.516476	0.798822	0.0824277	0.714983	0.677787	0.956639	0.356098	0.729169	0.439636	0.958358	0.00640188	0.88019	0.714719</FloatingPoint>
			</Individual>
			<Individual size="2">
				<FitnessMax value="3.06449"/>
				<FloatingPoint size="50">	2.66464	0.367202	3.55785	1.59423	2.35469	3.49422	0.648587	2.76181	4.23757	3.05042	2.3375	0.55815	2.51972	3.3364	3.71158	3.43521	0.378249	2.92705	5.23214	4.34732	3.23778	0.575525	3.43869	4.59761	4.40938	2.35802	0.413239	2.68984	1.7192	2.64208	3.46887	0.697863	3.23866	5.34044	4.45365	2.73202	0.410266	2.5587	3.86037	3.5746	2.3972	0.346772	2.41384	1.65374	2.49143	2.61753	0.596044	3.24429	3.6194	3.73254</FloatingPoint>
				<FloatingPoint size="20">	0.799373	0.606144	0.988706	0.373414	0.761004	0.619281	0.726308	0.481555	0.798822	0.0824277	0.714983	0.63743	0.953482	0.273662	0.798888	0.423066	0.958322	0.210094	0.875025	0.566964</FloatingPoint>
			</Individual>
			<Individual size="2">
				<FitnessMax value="3.06449"/>
				<FloatingPoint size="50">	2.66529	0.366469	3.55439	1.59441	2.35656	3.49694	0.762822	2.77189	4.23748	3.05093	2.33786	0.558153	2.52224	3.33529	3.71187	3.38535	0.398782	2.92508	5.23224	4.34716	3.23783	0.574962	3.44169	4.57299	4.44297	2.30476	0.411197	2.6726	1.73492	2.6505	3.46887	0.698375	3.23869	5.34049	4.44711	2.7447	0.391176	2.56691	3.861	3.57464	2.39687	0.348333	2.40447	1.62571	2.51499	2.61748	0.5963	3.24861	3.61991	3.73259</FloatingPoint>
				<FloatingPoint size="20">	0.799373	0.75244	0.988706	0.413213	0.760999	0.493806	0.726311	0.440709	0.798823	0.236267	0.714915	0.829043	0.955302	0.353936	0.758729	0.432589	0.958343	0.193966	0.878002	0.517888</FloatingPoint>
			</Individual>
			<Individual size="2">
				<FitnessMax value="3.06449"/>
				<FloatingPoint size="50">	2.66464	0.367202	3.55785	1.59423	2.35469	3.49422	0.648587	2.76181	4.23757	3.05042	2.3375	0.55815	2.51972	3.3364	3.71158	3.43521	0.378249	2.92705	5.23214	4.34732	3.23778	0.575525	3.43869	4.59761	4.40938	2.35802	0.413239	2.68984	1.7192	2.64208	3.46887	0.697863	3.23866	5.34044	4.45365	2.73202	0.410266	2.5587	3.86037	3.5746	2.3972	0.346772	2.41384	1.65374	2.49143	2.61753	0.596044	3.24429	3.6194	3.73254</FloatingPoint>
				<FloatingPoint size="20">	0.799373	0.606144	0.988706	0.373414	0.761004	0.401584	0.726308	0.481555	0.798822	0.0824277	0.714983	0.969846	0.956639	0.356098	0.729169	0.439636	0.958358	0.00737845	0.88019	0.714719</FloatingPoint>
			</Individual>
			<Individual size="2">
				<FitnessMax value="3.06449"/>
				<FloatingPoint size="50">	2.66529	0.36654	3.55439	1.59441	2.35657	3.49699	0.765816	2.77147	4.23748	3.05098	2.33764	0.558153	2.52256	3.33529	3.71184	3.38484	0.400116	2.92509	5.2322	4.34715	3.23782	0.574968	3.44168	4.57289	4.44296	2.30478	0.411186	2.67326	1.73364	2.6504	3.46887	0.698332	3.23869	5.34048	4.4955	2.74401	0.391247	2.56689	3.86071	3.57465	2.39686	0.348182	2.40448	1.62867	2.51337	2.61748	0.59631	3.24867	3.61966	3.73257</FloatingPoint>
				<FloatingPoint size="20">	0.799373	0.606144	0.988706	0.301485	0.761004	0.436613	0.726308	0.481555	0.798822	0.0824277	0.714983	0.908533	0.956639	0.356098	0.729169	0.439636	0.958358	0.145546	0.88019	0.503028</FloatingPoint>
			</Individual>
			<Individual size="2">
				<FitnessMax value="3.06449"/>
				<FloatingPoint size="50">	2.66465	0.367204	3.55793	1.59423	2.35459	3.49422	0.643945	2.76181	4.23758	3.05041	2.3375	0.55815	2.51958	3.33642	3.71157	3.43522	0.377296	2.92707	5.23214	4.34731	3.23778	0.575529	3.43872	4.59776	4.40757	2.35806	0.413215	2.68966	1.7188	2.64162	3.46887	0.697856	3.23866	5.34044	4.4486	2.73185	0.410308	2.5586	3.86037	3.5746	2.3972	0.346745	2.41456	1.6538	2.49017	2.61753	0.596027	3.24416	3.61939	3.73254</FloatingPoint>
				<FloatingPoint size="20">	0.799373	0.606144	0.988706	0.373414	0.761004	0.56844	0.726308	0.516476	0.798822	0.0642116	0.714983	0.677787	0.956639	0.356098	0.729169	0.439636	0.958358	0.00640188	0.88019	0.714719</FloatingPoint>
			</Individual>
			<Individual size="2">
				<FitnessMax value="2.64014"/>
				<FloatingPoint size="50">	2.68256	0.3818	3.5506	1.59385	2.32781	3.50117	0.890296	2.77404	4.23681	3.02326	2.32797	0.558113	0.0411732	3.40562	3.71684	3.36153	0.479264	3.21886	5.2304	4.34675	3.24127	0.575106	3.41524	4.5303	4.49464	2.30435	0.405476	2.6332	1.7882	2.68091	3.46882	0.697274	3.32663	5.34069	4.46396	2.7736	0.368605	2.57005	3.74683	3.57395	2.40015	0.348984	2.41705	1.82626	2.52783	2.61774	0.603366	3.23337	3.55513	3.73367</FloatingPoint>
				<FloatingPoint size="20">	0.814846	0.567207	0.989506	0.381248	0.743221	0.404279	0.728132	0.477457	0.798339	0.184473	0.718825	0.932834	0.95501	0.362895	0.737508	0.432906	0.958474	0.333449	0.884513	0.453893</FloatingPoint>
			</Individual>
			<Individual size="2">
				<FitnessMax value="3.05814"/>
				<FloatingPoint size="50">	2.66449	0.366614	3.55436	1.59442	2.04141	3.49698	0.756823	2.77147	4.23742	3.05066	2.3377	0.558151	2.52104	3.2357	3.71177	3.41031	0.38845	2.92601	5.2322	4.34723	3.23789	0.575214	3.44021	4.58395	4.42615	2.33139	0.412283	2.68086	1.72723	2.64607	3.46887	0.698114	3.23869	5.34047	4.47747	2.73835	0.399795	2.56276	3.86102	3.57462	2.39707	0.347532	2.40881	1.63891	2.50323	2.61751	0.596097	3.24645	3.6197	3.73256</FloatingPoint>
				<FloatingPoint size="20">	0.799373	0.211482	0.988718	0.444769	0.767183	0.597441	0.726607	0.509859	0.798857	0.112682	0.742163	0.636828	0.953762	0.308905	0.795795	0.477392	0.958345	0.191041	0.87627	0.533007</FloatingPoint>
			</Individual>
			<Individual size="2">
				<FitnessMax value="2.93118"/>
				<FloatingPoint size="50">	2.66481	0.366823	2.48728	1.59432	2.35593	3.49429	0.742548	2.76513	4.23749	3.05088	2.33753	0.558152	2.52176	3.33625	3.7118	3.3915	0.395831	2.92585	5.23215	4.3472	3.23779	0.575444	3.43894	4.59091	4.43748	2.33825	0.413239	2.68984	1.7192	2.64208	3.46887	0.697863	3.23866	5.34044	4.45365	2.73202	0.410266	2.5587	3.86037	3.5746	2.3972	0.346772	2.41384	1.65374	2.49143	2.61753	0.596044	3.24429	3.6194	3.73254</FloatingPoint>
				<FloatingPoint size="20">	0.483798	0.24466	0.988706	0.422537	0.761003	0.54904	0.726309	0.481621	0.798822	0.0823641	0.714878	0.684122	0.95412	0.352839	0.761822	0.428438	0.958356	0.0434922	0.876058	0.652854</FloatingPoint>
			</Individual>
			<Individual size="2">
				<FitnessMax value="3.05814"/>
				<FloatingPoint size="50">	2.66481	0.366823	3.55566	1.59432	2.35469	3.49422	0.648587	2.76181	4.23749	3.05088	2.33753	0.558152	2.51972	3.3364	3.71158	3.43521	0.378249	2.92705	5.23215	4.3472	3.23779	0.575444	3.43894	4.59761	4.40938	2.35802	0.41241	2.68984	1.733	2.64208	3.46887	0.697964	3.23866	5.34044	4.48365	2.74182	0.40983	2.56294	3.86043	3.5746	2.3972	0.347306	2.40881	1.65374	2.50268	2.61751	0.596044	3.24568	3.6194	3.73254</FloatingPoint>
				<FloatingPoint size="20">	0.799373	0.468893	0.988658	0.057321	0.76112	0.500008	0.726521	0.520502	0.798686	0.25795	0.773482	0.57213	0.956494	0.718484	0.740889	0.519843	0.958378	0.304606	0.882161	0.467692</FloatingPoint>
			</Individual>
			<Individual size="2">
				<FitnessMax value="2.96391"/>
				<FloatingPoint size="50">	2.6747	0.373302	3.55973	1.59263	2.38619	3.49909	0.890046	2.54603	4.23741	3.02283	2.3273	0.558116	2.56397	3.33488	3.71657	3.3677	0.46148	3.23515	5.23063	4.34743	3.22993	0.577709	3.43798	4.5469	4.44343	2.34792	0.408345	2.64202	1.65735	2.66816	3.46883	0.696715	3.23777	5.34058	4.47883	2.77159	0.363428	2.51219	3.82545	3.57289	2.39293	0.344913	2.43392	1.8203	2.41133	2.61771	0.608671	3.25388	3.62343	3.7326</FloatingPoint>
				<FloatingPoint size="20">	0.799373	0.490857	0.988707	0.898962	0.760939	0.399727	0.726348	0.482498	0.798841	0.0803115	0.714093	0.972906	0.956673	0.356602	0.728911	0.439414	0.958358	0.1792	0.880241	0.712441</FloatingPoint>
			</Individual>
			<Individual size="2">
				<FitnessMax value="3.05814"/>
				<FloatingPoint size="50">	2.66032	0.367197	3.55652	1.59436	2.35579	3.49425	0.641728	2.76631	4.23756	3.05058	2.35694	0.558151	2.52112	3.33656	3.71175	3.41814	0.381164	2.92549	5.23221	4.34731	3.23779	0.594091	3.43967	4.59435	4.36733	2.31038	0.413176	2.68849	1.72337	2.96339	3.46887	0.697923	3.23882	5.34045	4.49163	2.73723	0.399938	2.5494	3.86086	3.57463	2.39718	0.346888	2.40593	1.64826	2.47379	2.61751	0.596138	3.23734	3.61946	3.73256</FloatingPoint>
				<FloatingPoint size="20">	0.799373	0.517647	0.988611	0.579465	0.732123	0.476088	0.731463	0.312879	0.797058	0.117883	0.795624	0.87251	0.95489	0.377513	0.669664	0.440603	0.958389	0.166063	0.886658	0.406192</FloatingPoint>
			</Individual>
			<Individual size="2">
				<FitnessMax value="3.05814"/>
				<FloatingPoint size="50">	2.66464	0.367202	3.55785	1.59423	2.35469	3.49422	0.648587	2.76181	4.23757	3.05042	2.3375	0.55815	2.51972	3.3364	3.71158	3.43521	0.378249	2.92705	5.23214	4.34732	3.23778	0.575525	3.43869	4.59761	4.40938	2.35802	0.413239	2.68984	1.7192	2.64208	3.46887	0.697863	3.23866	5.34044	4.45365	2.73202	0.410266	2.5587	3.86037	3.5746	2.3972	0.346772	2.41384	1.65374	2.49143	2.61753	0.596044	3.24429	3.6194	3.73254</FloatingPoint>
				<FloatingPoint size="20">	0.799373	0.475291	0.988827	0.372398	0.770968	0.591426	0.720199	0.488483	0.800578	0.337044	0.794041	0.839591	0.953921	0.255891	0.693762	0.371802	0.958317	0.282948	0.871015	0.339203</FloatingPoint>
			</Individual>
			<Individual size="2">
				<FitnessMax value="3.06449"/>
				<FloatingPoint size="50">	2.66489	0.366845	3.55616	1.59432	2.35563	3.49558	0.705713	2.76679	4.23753	3.05066	2.3377	0.558151	2.52104	3.2357	3.71177	3.41031	0.38845	2.92601	5.2322	4.34723	3.23789	0.575214	3.44021	4.58395	4.42615	2.33139	0.412283	2.68086	1.72723	2.64607	3.46887	0.698114	3.23869	5.34047	4.47747	2.73835	0.399795	2.56276	3.59222	3.57462	2.39707	0.347532	2.40881	1.63891	2.50323	2.61751	0.596097	3.24645	3.6197	3.73256</FloatingPoint>
				<FloatingPoint size="20">	0.799373	0.0323418	0.988706	0.373414	0.761004	0.619281	0.726308	0.481555	0.798822	0.0824277	0.714983	0.63743	0.953482	0.356098	0.729169	0.439636	0.958358	0.182518	0.88019	0.446779</FloatingPoint>
			</Individual>
			<Individual size="2">
				<FitnessMax value="3.06449"/>
				<FloatingPoint size="50">	2.66491	0.366834	3.5561	1.59432	2.35566	3.49563	0.707872	2.76695	4.23752	3.05067	2.33769	0.558152	2.5211	3.23927	3.71178	3.40939	0.388869	2.92598	5.2322	4.34723	3.23789	0.575205	3.44027	4.58355	4.42675	2.33044	0.412243	2.68059	1.72746	2.64622	3.46887	0.697879	3.23866	5.34044	4.45515	2.73245	0.409582	2.55899	3.86038	3.5746	2.39719	0.346823	2.41351	1.65284	2.49222	2.61753	0.596054	3.24445	3.61941	3.73255</FloatingPoint>
				<FloatingPoint size="20">	0.799373	0.119604	0.988706	0.453012	0.760994	0.586028	0.726314	0.481698	0.798825	0.0821072	0.714848	0.68824	0.953965	0.351774	0.788289	0.425542	0.958327	0.205415	0.875815	0.588997</FloatingPoint>
			</Individual>
			<Individual size="2">
				<FitnessMax value="3.05814"/>
				<FloatingPoint size="50">	2.66529	0.366487	3.55441	1.59441	2.35656	3.49693	0.763322	2.77176	4.23748	3.0509	2.33789	0.558153	2.52237	3.33532	3.71186	3.3854	0.398651	2.925	5.23225	4.34715	3.23787	0.574903	3.44174	4.57189	4.44292	2.30477	0.411443	2.67222	1.73527	2.65009	3.46887	0.698366	3.23872	5.34049	4.68626	2.74468	0.389324	2.56688	3.86117	3.57464	2.39695	0.348292	2.40441	1.62409	2.51503	2.61748	0.596292	3.24861	3.62	3.73258</FloatingPoint>
				<FloatingPoint size="20">	0.799373	0.331683	0.988646	0.234699	0.764821	0.395037	0.724081	0.478344	0.797635	0.232521	0.795264	0.344724	0.954776	0.313636	0.701779	0.49811	0.958372	0.577896	0.87858	0.609258</FloatingPoint>
			</Individual>
			<Individual size="2">
				<FitnessMax value="3.05814"/>
				<FloatingPoint size="50">	2.66119	0.367199	3.55726	1.59434	2.35634	3.49502	0.64358	2.763	4.23753	3.05048	2.35413	0.558151	2.52092	3.33653	3.71165	3.42531	0.380113	2.92557	5.23216	4.3473	3.23779	0.578367	3.4404	4.58407	4.37125	2.33647	0.412191	2.68838	1.73198	2.73985	3.46887	0.697892	3.23878	5.34045	4.4838	2.73619	0.419029	2.49487	3.86044	3.57462	2.39712	0.346773	2.4086	1.66495	2.47693	2.46657	0.596127	3.28805	3.61949	3.73255</FloatingPoint>
				<FloatingPoint size="20">	0.799373	0.458203	0.988689	0.382029	0.755468	0.351368	0.731578	0.505912	0.796584	0.117737	0.795636	0.965891	0.960686	0.461733	0.81941	0.317369	0.958405	0.147183	0.886809	0.317282</FloatingPoint>
			</Individual>
			<Individual size="2">
				<FitnessMax value="3.06449"/>
				<FloatingPoint size="50">	2.66481	0.366823	3.55566	1.59432	2.35593	3.49429	0.742548	2.76513	4.23749	3.05088	2.33753	0.558152	2.52176	3.33625	3.7118	3.3915	0.395831	2.92585	5.23215	4.3472	3.23779	0.575444	3.43894	4.59091	4.43748	2.33825	0.41241	2.67902	1.733	2.64698	3.46887	0.697964	3.23866	5.34048	4.48365	2.74182	0.40983	2.56294	3.86043	3.57464	2.39708	0.347306	2.40881	1.65239	2.50268	2.61751	0.596289	3.24568	3.61966	3.73255</FloatingPoint>
				<FloatingPoint size="20">	0.799373	0.606144	0.988706	0.373414	0.761004	0.401584	0.726308	0.481555	0.798822	0.0824277	0.714983	0.969846	0.956639	0.356098	0.729169	0.439636	0.958358	0.182518	0.88019	0.446779</FloatingPoint>
			</Individual>
			<Individual size="2">
				<FitnessMax value="2.93745"/>
				<FloatingPoint size="50">	2.66489	0.366845	3.55616	1.59432	2.35563	3.49558	0.705713	2.76679	4.23753	3.05066	2.3377	0.558151	2.52104	3.2357	3.71177	3.41031	0.38845	3.23247	5.2322	4.34723	3.23789	0.575214	3.44021	4.58395	4.42615	2.33139	0.412283	2.68086	1.72723	2.64607	3.46887	0.698114	3.23869	5.34047	4.47747	2.73835	0.399795	2.56276	3.59222	3.57462	2.39707	0.347532	2.40881	1.63891	2.50323	2.61751	0.596097	3.24645	3.6197	3.73256</FloatingPoint>
				<FloatingPoint size="20">	0.799373	0.149632	0.931815	0.35994	0.761083	0.491727	0.726129	0.481468	0.798921	0.0915016	0.764499	0.865899	0.954752	0.345247	0.735001	0.457401	0.958355	0.204296	0.879362	0.448424</FloatingPoint>
			</Individual>
			<Individual size="2">
				<FitnessMax value="2.93118"/>
				<FloatingPoint size="50">	2.66119	2.55875	3.55726	1.59434	2.35634	3.49502	0.64358	2.763	4.23753	3.05048	2.35413	0.558151	2.52092	3.33653	3.71165	3.42531	0.380113	2.92557	5.23216	4.3473	3.23779	0.578367	3.4404	4.58407	4.37125	2.33647	0.412191	2.68838	1.73198	2.73985	3.46887	0.697892	3.23878	5.34045	4.4838	2.73619	0.419029	2.49487	3.86044	3.57462	2.39712	0.346773	2.4086	1.66495	2.47693	2.46657	0.596127	3.28805	3.61949	3.73255</FloatingPoint>
				<FloatingPoint size="20">	0.799373	0.461095	0.988663	0.383157	0.760697	0.363667	0.729886	0.505703	0.798357	0.17793	0.779087	0.949189	0.959465	0.549367	0.757453	0.421954	0.958393	0.204353	0.886439	0.333024</FloatingPoint>
			</Individual>
			<Individual size="2">
				<FitnessMax value="3.06449"/>
				<FloatingPoint size="50">	2.66515	0.366832	3.29446	1.59432	2.35592	3.4951	0.721735	2.76662	4.23751	3.05071	2.33758	0.558152	2.52172	3.28903	3.71178	3.40661	0.393366	2.92595	5.23218	4.34722	3.23783	0.575388	3.43994	4.58472	4.42923	2.33373	0.413117	2.68419	1.72625	2.64247	3.46887	0.697875	3.23866	5.34044	4.45369	2.73239	0.410197	2.55882	3.86038	3.5746	2.39719	0.346822	2.41361	1.65334	2.49183	2.61753	0.596048	3.24431	3.6194	3.73255</FloatingPoint>
				<FloatingPoint size="20">	0.799373	0.606144	0.988706	0.373414	0.761004	0.401584	0.726308	0.481555	0.798822	0.0824277	0.714983	0.880741	0.956639	0.356098	0.729169	0.439636	0.958358	0.00640188	0.88019	0.714719</FloatingPoint>
			</Individual>
			<Individual size="2">
				<FitnessMax value="3.05814"/>
				<FloatingPoint size="50">	2.66407	0.368338	3.55336	1.59385	2.35128	3.49086	0.38908	2.74744	4.23758	3.04936	2.3372	0.558144	2.51504	3.34071	3.71094	3.54729	0.346749	2.92924	5.23204	4.34772	3.23773	0.576473	3.43321	4.63966	4.36283	2.46252	0.417535	2.72518	1.69839	2.62811	3.46886	0.696839	3.23871	5.34035	4.38606	2.70619	0.453549	2.47399	3.85984	3.57452	2.3979	0.34479	2.42674	1.71152	2.43725	2.61763	0.595658	3.23332	3.61906	3.73249</FloatingPoint>
				<FloatingPoint size="20">	0.799373	0.49817	0.988795	0.36264	0.756076	0.39305	0.721078	0.560604	0.800324	0.121068	0.794168	0.47437	0.952422	0.222247	0.80052	0.459712	0.958315	0.463853	0.885333	0.468387</FloatingPoint>
			</Individual>
			<Individual size="2">
				<FitnessMax value="2.97402"/>
				<FloatingPoint size="50">	2.66481	0.366823	3.55566	1.59432	2.35469	3.49422	0.648587	2.76181	4.23749	3.05088	2.33753	0.558152	2.51972	3.3364	3.71158	3.43521	0.378249	2.92705	5.23215	4.3472	3.23779	0.575444	3.43894	4.59761	4.40938	2.35802	0.41241	2.68984	1.733	2.64208	3.46887	0.697964	3.23866	5.34044	4.48365	2.74182	0.40983	2.56294	3.86043	3.5746	2.3972	0.347306	2.40881	1.65374	2.50268	2.61751	0.596044	3.24568	3.6194	3.73254</FloatingPoint>
				<FloatingPoint size="20">	0.799373	0.606144	0.988706	0.373414	0.761004	0.619281	0.726308	0.481555	0.798822	0.0824277	0.267264	0.63743	0.953482	0.356098	0.729169	0.439636	0.958358	0.182518	0.88019	0.446779</FloatingPoint>
			</Individual>
			<Individual size="2">
				<FitnessMax value="3.05814"/>
				<FloatingPoint size="50">	2.66389	0.367238	3.55405	1.59425	2.364	3.27176	0.655078	2.7614	4.23749	3.05127	2.33686	0.558152	2.52567	3.34326	3.71521	3.43571	0.376572	2.93531	5.23217	4.34712	3.24048	0.575542	3.43992	4.65351	4.43441	2.53212	0.412508	2.69635	1.72615	2.66315	3.46887	0.697973	3.23862	5.34041	4.49519	2.73614	0.398448	2.55932	3.8606	3.57472	2.39706	0.347821	2.40832	1.63902	2.49094	2.6175	0.596322	3.24724	3.61968	3.73257</FloatingPoint>
				<FloatingPoint size="20">	0.799368	0.360664	0.988761	0.827738	0.809945	0.581143	0.726371	0.546605	0.798833	0.411174	0.781364	0.421993	0.956542	0.62064	0.66419	0.299348	0.958347	0.326938	0.880152	0.491296</FloatingPoint>
			</Individual>
			<Individual size="2">
				<FitnessMax value="2.92827"/>
				<FloatingPoint size="50">	2.66278	0.367244	3.32859	1.59422	2.36223	3.22511	0.713566	2.76103	4.23742	3.04943	2.3367	0.558151	2.52493	3.34068	3.71571	3.43491	0.391614	2.93405	5.23217	4.34728	3.24334	0.575337	3.4397	4.65818	4.43802	2.63075	0.412862	2.696	1.72548	2.64834	3.46887	0.697901	3.23848	5.3404	4.49767	2.74418	0.397679	2.55694	3.86122	3.57474	2.39703	0.346314	2.41396	1.63056	2.47816	2.61751	0.595725	3.24369	3.61969	3.73255</FloatingPoint>
				<FloatingPoint size="20">	0.799373	0.606144	0.988706	0.373414	0.761004	0.401584	0.726308	0.481555	0.798822	0.0824277	0.195054	0.969846	0.956639	0.356098	0.729169	0.439636	0.958358	0.182518	0.88019	0.714719</FloatingPoint>
			</Individual>
			<Individual size="2">
				<FitnessMax value="3.05814"/>
				<FloatingPoint size="50">	2.66278	0.367244	3.32859	1.59422	2.36223	3.22511	0.713566	2.76103	4.23742	3.04943	2.3367	0.558151	2.52493	3.34068	3.71571	3.43491	0.391614	2.93405	5.23217	4.34718	3.24334	0.575337	3.4397	4.65818	4.43802	2.63075	0.412862	2.696	1.72548	2.64834	3.46887	0.697901	3.23848	5.3404	4.49767	2.74418	0.397679	2.55694	3.86122	3.57474	2.39703	0.346314	2.41396	1.63056	2.47816	2.61751	0.595725	3.24369	3.61969	3.73255</FloatingPoint>
				<FloatingPoint size="20">	0.799373	0.286517	0.988622	0.358139	0.752643	0.286871	0.721719	0.550204	0.797456	0.239441	0.878277	0.370713	0.955331	0.332777	0.699758	0.448207	0.958369	0.379962	0.884301	0.388251</FloatingPoint>
			</Individual>
			<Individual size="2">
				<FitnessMax value="3.06449"/>
				<FloatingPoint size="50">	2.66468	0.366831	3.5561	1.59438	2.13338	3.49689	0.720605	2.76793	4.23743	3.05008	2.3374	0.558153	2.52306	3.31974	3.71213	3.40772	0.396797	2.92602	5.2322	4.34716	3.23978	0.575	3.44045	4.58641	4.43193	2.37679	0.412254	2.68271	1.72948	2.64652	3.46887	0.698206	3.23841	5.34044	4.48995	2.74039	0.391465	2.56263	3.75241	3.57463	2.39696	0.347928	2.40747	1.63549	2.50057	2.6175	0.59612	3.24678	3.61969	3.73257</FloatingPoint>
				<FloatingPoint size="20">	0.799373	0.0323418	0.988706	0.373414	0.761004	0.619281	0.726308	0.481555	0.798822	0.0824277	0.714983	0.63743	0.953482	0.356098	0.978872	0.439636	0.958358	0.182518	0.88019	0.446779</FloatingPoint>
			</Individual>
			<Individual size="2">
				<FitnessMax value="2.44773"/>
				<FloatingPoint size="50">	2.66859	0.369147	3.55521	1.59298	2.51154	3.49557	0.677221	2.76893	4.23764	3.03682	2.33247	0.558134	2.5398	3.33502	3.7139	3.40854	0.411812	3.06776	5.23116	4.34761	3.234	0.576952	3.43589	4.5763	3.4137	2.34836	0.409659	2.66603	1.68619	2.64928	3.46884	0.696947	3.23814	5.34044	4.46839	2.7441	0.396223	2.55709	3.84098	3.57376	2.39933	0.347607	2.42456	1.7536	2.46834	2.61758	0.599319	3.24558	3.61265	3.73241</FloatingPoint>
				<FloatingPoint size="20">	0.98647	0.723047	0.998418	0.339705	0.829833	0.632217	0.748366	0.351847	0.795197	0.527574	0.760327	0.323558	0.936936	0.503547	0.71467	0.601256	0.959764	0.451449	0.930904	0.489897</FloatingPoint>
			</Individual>
			<Individual size="2">
				<FitnessMax value="2.77476"/>
				<FloatingPoint size="50">	2.66464	0.366929	3.45481	1.5943	2.3279	6.13692	0.690371	2.7663	4.23747	3.05009	2.33726	0.558151	2.52114	3.26836	3.71281	3.42808	0.381814	2.92738	5.23218	4.34728	3.23787	0.575486	3.4395	4.62552	4.41065	2.38225	0.412676	2.68906	1.72523	2.64334	3.46887	0.697906	3.23863	5.34046	4.4668	2.73483	0.407571	2.55964	3.86099	4.68213	2.3971	0.34679	2.41214	1.64947	2.49265	2.61751	0.595946	3.24515	3.61955	3.73255</FloatingPoint>
				<FloatingPoint size="20">	0.79937	0.483404	0.836477	0.600576	0.785474	0.491364	0.72634	0.51408	0.798827	0.166362	0.746525	0.679716	0.955815	0.439156	0.723859	0.399081	0.958351	0.173707	0.879101	0.583812</FloatingPoint>
			</Individual>
			<Individual size="2">
				<FitnessMax value="3.06449"/>
				<FloatingPoint size="50">	2.66379	0.367199	3.55727	1.59429	2.35558	3.49423	0.643351	2.76264	4.23756	3.05044	2.34821	0.55815	2.51985	3.33646	3.7116	3.43024	0.37862	2.92589	5.23216	4.34732	3.23778	0.579604	3.43947	4.59651	4.40219	2.35306	0.41321	2.68915	1.72123	2.7316	3.46887	0.697904	3.23879	5.34044	4.45886	2.73528	0.406574	2.55032	3.86077	3.57461	2.3972	0.346814	2.40744	1.65288	2.47922	2.61751	0.596086	3.2386	3.61944	3.73255</FloatingPoint>
				<FloatingPoint size="20">	0.799373	0.606144	0.988706	0.373414	0.761004	0.401584	0.726308	0.481555	0.798822	0.0824277	0.714983	0.969846	0.956639	0.356098	0.729169	0.439636	0.958358	0.00737845	0.883791	0.38055</FloatingPoint>
			</Individual>
			<Individual size="2">
				<FitnessMax value="3.05814"/>
				<FloatingPoint size="50">	2.66464	0.367802	3.55284	1.59411	2.35226	3.49204	0.481397	2.75541	4.23775	3.05003	2.3373	0.55815	2.51758	3.33709	3.7111	3.45171	0.366257	2.92871	5.23207	4.34759	3.23771	0.576251	3.43364	4.60129	4.37702	2.38795	0.413663	2.69694	1.70526	2.63492	3.46887	0.696986	3.23859	5.34041	4.44458	2.71698	0.425892	2.54523	3.35438	3.57451	2.39798	0.345945	2.41593	1.69261	2.48317	2.61756	0.595928	3.24023	3.6192	3.73249</FloatingPoint>
				<FloatingPoint size="20">	0.799373	0.603549	0.988701	0.369828	0.757564	0.345378	0.724129	0.535427	0.798326	0.0873729	0.737616	0.722482	0.95566	0.357258	0.696132	0.443645	0.958369	0.406146	0.885406	0.39299</FloatingPoint>
			</Individual>
			<Individual size="2">
				<FitnessMax value="2.16035"/>
				<FloatingPoint size="50">	2.66464	0.367099	3.55727	1.59428	2.35625	3.49691	0.736786	2.76965	4.23755	3.05076	2.33784	0.558152	2.51976	3.3364	3.71188	3.42902	0.388041	2.92672	5.23221	4.34724	3.23779	0.575092	3.43952	4.59055	4.43145	2.32735	0.411409	2.67394	1.73116	2.64971	6.82703	0.698024	3.23871	5.34049	4.48267	2.7398	6.57198	2.56621	3.86094	3.57463	2.39711	0.347221	2.40935	1.64336	2.49827	2.6175	0.657459	3.24761	3.61951	3.73255</FloatingPoint>
				<FloatingPoint size="20">	0.799373	0.49817	0.988795	0.36264	0.756076	0.39305	0.721078	0.560604	0.800324	0.121068	0.794168	0.47437	0.952422	0.222247	0.80052	0.459712	0.958315	0.463853	0.885333	0.468387</FloatingPoint>
			</Individual>
			<Individual size="2">
				<FitnessMax value="3.06449"/>
				<FloatingPoint size="50">	2.66464	0.367202	3.55785	1.59423	2.35469	3.49422	0.648587	2.76181	4.23757	3.05042	2.3375	0.55815	2.51972	3.3364	3.71158	3.43521	0.378249	2.92705	5.23214	4.34732	3.23778	0.575525	3.43869	4.59761	4.40938	2.35802	0.413239	2.68984	1.7192	2.64208	3.46887	0.697863	3.23866	5.34044	4.45365	2.73202	0.410266	2.5587	3.86037	3.5746	2.3972	0.346772	2.41384	1.65374	2.49143	2.61753	0.596044	3.24429	3.6194	3.73254</FloatingPoint>
				<FloatingPoint size="20">	0.799373	0.606144	0.988706	0.373414	0.761004	0.401584	0.726308	0.481555	0.798822	0.0824277	0.714983	0.969846	0.956639	0.356098	0.729169	0.439636	0.958358	0.00737845	0.88019	0.714719</FloatingPoint>
			</Individual>
			<Individual size="2">
				<FitnessMax value="3.06449"/>
				<FloatingPoint size="50">	2.66464	0.367202	3.55785	1.59423	2.35469	3.49422	0.648587	2.76181	4.23757	3.05042	2.3375	0.55815	2.51972	3.3364	3.71158	3.43521	0.378249	2.92705	5.23214	4.34732	3.23778	0.575525	3.43869	4.59761	4.40938	2.35802	0.413239	2.68984	1.7192	2.64208	3.46887	0.697863	3.23866	5.34044	4.45365	2.73202	0.410266	2.5587	3.86037	3.5746	2.3972	0.346772	2.41384	1.65374	2.49143	2.61753	0.596044	3.24429	3.6194	3.73254</FloatingPoint>
				<FloatingPoint size="20">	0.799373	0.606144	0.988706	0.373414	0.761004	0.401584	0.726308	0.481555	0.798822	0.0824277	0.714983	0.969846	0.956639	0.356098	0.729169	0.439636	0.958358	0.00737845	0.883791	0.38055</FloatingPoint>
			</Individual>
			<Individual size="2">
				<FitnessMax value="3.05814"/>
				<FloatingPoint size="50">	2.66481	0.366823	3.55566	1.59432	2.35593	3.49429	0.742548	2.76513	4.23749	3.05088	2.33753	0.558152	2.52176	3.33625	3.7118	3.3915	0.395831	2.92585	5.23215	4.3472	3.23779	0.575444	3.43894	4.59091	4.43748	2.33825	0.41241	2.67902	1.733	2.64698	3.46887	0.697964	3.23866	5.34048	4.48365	2.74182	0.40983	2.56294	3.86043	3.57464	2.39708	0.347306	2.40881	1.65239	2.50268	2.61751	0.596289	3.24568	3.61966	3.73255</FloatingPoint>
				<FloatingPoint size="20">	0.799373	0.480042	0.988752	0.795971	0.773616	0.460694	0.724655	0.515133	0.798952	0.120718	0.788998	0.911799	0.955413	0.352064	0.69037	0.60759	0.958355	0.291433	0.87407	0.342521</FloatingPoint>
			</Individual>
			<Individual size="2">
				<FitnessMax value="3.05814"/>
				<FloatingPoint size="50">	2.66467	0.367217	3.55795	1.59422	2.35455	3.49422	0.633745	2.76181	4.23759	3.05039	2.3375	0.55815	2.51951	3.33642	3.71156	3.4362	0.376068	2.92714	5.23214	4.34731	3.23778	0.575534	3.43872	4.59857	4.40485	2.3594	0.413117	2.68939	1.71731	2.6416	3.46887	0.697851	3.23866	5.34044	4.44794	2.73179	0.410334	2.5582	3.86037	3.57459	2.39722	0.34673	2.41493	1.6538	2.48916	2.61753	0.596027	3.24416	3.61936	3.73254</FloatingPoint>
				<FloatingPoint size="20">	0.799373	0.211482	0.988718	0.394303	0.767183	0.597441	0.726607	0.509859	0.798857	0.112682	0.742163	0.636828	0.953762	0.308905	0.795795	0.477392	0.958345	0.191041	0.87627	0.533007</FloatingPoint>
			</Individual>
			<Individual size="2">
				<FitnessMax value="1.99195"/>
				<FloatingPoint size="50">	2.66278	0.367244	3.32859	1.59422	2.36223	3.22511	0.713566	2.76103	4.23742	3.04943	2.3367	0.558151	2.52493	3.34068	3.71571	3.43491	0.391614	2.93405	5.23217	4.34718	3.24334	0.575337	3.4397	4.65818	4.43802	2.63075	0.412862	2.696	1.72548	2.64834	3.46887	0.697901	3.23848	5.3404	4.49767	2.74418	0.397679	2.55694	3.86122	3.57474	2.39703	0.346314	2.41396	1.63056	2.47816	2.61751	0.595725	3.24369	3.61969	3.73255</FloatingPoint>
				<FloatingPoint size="20">	0.799373	0.3091	0.988634	0.296419	0.758732	0.340954	0.7229	0.514274	0.797546	0.235981	0.836771	0.357718	0.955053	0.323207	0.700768	0.473158	0.95837	0.478929	0.88144	0.988976</FloatingPoint>
			</Individual>
			<Individual size="2">
				<FitnessMax value="3.05814"/>
				<FloatingPoint size="50">	2.66521	0.366593	3.55437	1.59441	2.40303	3.49692	0.757323	2.77151	4.2374	3.05068	2.41026	0.558153	2.52112	3.31207	3.7118	3.38613	0.397981	2.92534	5.23219	4.34715	3.23787	0.574938	3.4421	4.58073	4.42092	2.29133	0.411514	2.68174	1.73386	2.64642	3.43736	0.69802	3.23871	5.34046	4.48674	2.74419	0.399785	2.56221	3.86119	3.57464	2.39704	0.34751	2.40266	1.61168	2.508	2.61748	0.596228	3.24628	3.6197	3.73258</FloatingPoint>
				<FloatingPoint size="20">	0.799366	0.37695	0.988701	0.36339	0.802719	0.536893	0.725694	0.530591	0.798256	0.263532	0.790282	0.257272	0.957062	0.347567	0.726436	0.390435	0.95835	0.242656	0.881	0.836227</FloatingPoint>
			</Individual>
			<Individual size="2">
				<FitnessMax value="3.05814"/>
				<FloatingPoint size="50">	2.66515	0.366487	3.55447	1.59441	2.35656	3.49693	0.762839	2.77176	4.23748	3.0509	2.33789	0.558153	2.52237	3.33535	3.71197	3.3854	0.398651	2.92498	5.23225	4.34715	3.238	0.574903	3.44174	4.57028	4.44292	2.30477	0.411327	2.67188	1.73527	2.65006	3.46887	0.698366	3.23872	5.34049	4.5013	2.74468	0.389324	2.56682	3.86167	3.57464	2.39695	0.348292	2.40377	1.62409	2.51503	2.61748	0.59615	3.24861	3.62	3.73258</FloatingPoint>
				<FloatingPoint size="20">	0.799368	0.332289	0.988702	0.127018	0.803769	0.535707	0.725743	0.549454	0.799751	0.266445	0.792189	0.571874	0.95658	0.770263	0.680396	0.448337	0.958335	0.305765	0.880939	0.765192</FloatingPoint>
			</Individual>
			<Individual size="2">
				<FitnessMax value="2.93118"/>
				<FloatingPoint size="50">	2.66464	0.367059	3.55571	1.59425	4.70596	3.49426	0.723426	2.7512	4.23755	3.0507	2.33753	0.558152	2.52073	3.33639	3.71158	3.39175	0.387452	2.92591	5.23215	4.34723	3.23778	0.575448	3.4387	4.59251	4.4284	2.35075	0.413195	2.67992	1.73048	2.64576	3.46887	0.697944	3.23866	5.34045	4.45622	2.73521	0.41011	2.56244	3.86039	3.57462	2.39714	0.346952	2.41049	1.65373	2.49432	2.61752	0.596289	3.24537	3.6195	3.73255</FloatingPoint>
				<FloatingPoint size="20">	0.799373	0.606144	0.988706	0.373414	0.761004	0.56844	0.726308	0.481555	0.798822	0.0824277	0.714983	0.677787	0.956639	0.434945	0.729169	0.439636	0.958358	0.00640188	0.88019	0.714719</FloatingPoint>
			</Individual>
			<Individual size="2">
				<FitnessMax value="3.06449"/>
				<FloatingPoint size="50">	2.66464	0.367202	3.55785	1.59423	2.35469	3.49422	0.648587	2.76181	4.23757	3.05042	2.3375	0.55815	2.51972	3.3364	3.71158	3.43521	0.378249	2.92705	5.23214	4.34732	3.23778	0.575525	3.43869	4.59761	4.40938	2.35802	0.413239	2.68984	1.7192	2.64208	3.46887	0.697863	3.23866	5.34044	4.45365	2.73202	0.410266	2.5587	3.86037	3.5746	2.3972	0.346772	2.41384	1.65374	2.49143	2.61753	0.596044	3.24429	3.6194	3.73254</FloatingPoint>
				<FloatingPoint size="20">	0.799373	0.664282	0.988706	0.373414	0.761004	0.401584	0.726308	0.481555	0.798822	0.0824277	0.714983	0.969846	0.956639	0.356098	0.729169	0.439636	0.958358	0.182518	0.88019	0.714719</FloatingPoint>
			</Individual>
			<Individual size="2">
				<FitnessMax value="2.96391"/>
				<FloatingPoint size="50">	2.67289	0.370611	3.5578	1.59176	2.39442	3.49941	0.890223	2.78364	4.23752	3.02245	2.32722	0.558117	2.56397	3.33278	3.71694	3.36158	0.461363	3.21901	5.23017	4.34763	3.22998	0.577715	3.43834	4.55915	4.443	2.29573	0.406672	2.64524	1.68151	2.66218	3.46883	0.69702	3.2379	5.34047	4.4887	2.77288	0.363762	2.45498	3.82235	3.57292	2.39795	0.347789	2.43394	1.82007	2.43745	2.61763	0.605053	3.2523	3.612	3.73242</FloatingPoint>
				<FloatingPoint size="20">	0.799373	0.608492	0.988707	0.898962	0.760939	0.399727	0.726348	0.482498	0.798841	0.0803115	0.714093	0.972906	0.956673	0.356602	0.728911	0.439414	0.958358	0.1792	0.880241	0.712441</FloatingPoint>
			</Individual>
			<Individual size="2">
				<FitnessMax value="2.93118"/>
				<FloatingPoint size="50">	2.66481	0.366823	2.48728	1.59432	2.35593	3.49429	0.742548	2.76513	4.23749	3.05088	2.33753	0.558152	2.52176	3.33625	3.7118	3.3915	0.395831	2.92585	5.23215	4.3472	3.23779	0.575444	3.43894	4.59091	4.43748	2.33825	0.413239	2.68984	1.7192	2.64208	3.46887	0.697863	3.23866	5.34044	4.45365	2.73202	0.410266	2.5587	3.86037	3.5746	2.3972	0.346772	2.41384	1.65374	2.49143	2.61753	0.596044	3.24429	3.6194	3.73254</FloatingPoint>
				<FloatingPoint size="20">	0.799373	0.606144	0.988706	0.373414	0.761004	0.401584	0.726308	0.481555	0.798822	0.0824277	0.714983	0.677787	0.956639	0.356098	0.729169	0.439636	0.958358	0.00640188	0.88019	0.714719</FloatingPoint>
			</Individual>
			<Individual size="2">
				<FitnessMax value="3.04336"/>
				<FloatingPoint size="50">	2.66407	0.368338	3.55336	1.59385	2.35128	3.49086	0.38908	2.74744	4.23758	3.04936	2.3372	0.558144	2.51504	3.34071	3.71094	3.54729	0.346749	2.92924	5.23204	4.34772	3.23773	0.576473	3.43321	4.63966	4.36283	2.46252	0.417535	2.72518	2.15425	2.62811	3.46886	0.696839	3.23871	5.34035	4.38606	2.70619	0.453549	2.47399	3.85984	3.57452	2.3979	0.34479	2.42674	1.79105	2.50029	2.61751	0.596198	3.24603	3.61956	3.73256</FloatingPoint>
				<FloatingPoint size="20">	0.799373	0.360468	0.988919	0.373457	0.776122	0.603272	0.721038	0.545274	0.80088	0.380535	0.793966	0.39672	0.952593	0.179009	0.8185	0.418405	0.958311	0.444426	0.883097	0.525399</FloatingPoint>
			</Individual>
			<Individual size="2">
				<FitnessMax value="2.53861"/>
				<FloatingPoint size="50">	2.67289	0.370611	3.5578	1.59176	2.39442	3.49941	0.890223	2.78364	4.23752	3.02245	2.32722	0.558117	2.56397	3.33278	3.71694	3.36158	0.461363	3.21901	5.23017	4.34763	3.22998	0.577715	3.43834	4.54912	4.44495	2.30529	0.405303	2.63241	1.66545	2.6649	3.46882	0.696904	3.23765	5.34047	4.49428	2.77361	0.363951	2.56998	3.8206	3.57294	2.40079	0.349415	2.43395	1.81994	2.45222	2.61759	0.603007	3.2514	3.60553	3.73231</FloatingPoint>
				<FloatingPoint size="20">	0.98647	0.723047	0.998418	0.19975	0.812682	0.56871	0.733479	0.481879	0.798194	0.355743	0.781293	0.486958	0.949863	0.679055	0.692116	0.50063	0.289802	0.355584	0.898025	0.67105</FloatingPoint>
			</Individual>
			<Individual size="2">
				<FitnessMax value="3.04336"/>
				<FloatingPoint size="50">	2.66407	0.366798	3.55952	1.59441	2.36489	3.35245	0.820266	2.77155	4.23737	3.05096	2.43536	0.558152	2.52284	3.33629	3.71344	3.42954	0.40139	2.92832	5.23215	4.34718	3.24449	0.574975	3.43903	4.62981	4.43879	2.6227	0.411415	2.70027	2.41892	2.64593	3.46887	0.697169	3.23762	5.34041	4.49816	2.74097	0.405941	2.55547	3.86131	3.57467	2.39693	0.345924	2.40818	1.60679	2.47666	2.61755	0.596341	3.24297	3.80181	3.73249</FloatingPoint>
				<FloatingPoint size="20">	0.799373	0.166129	0.988591	0.363382	0.744404	0.331192	0.721432	0.597263	0.796561	0.101561	0.795718	0.551859	0.952171	0.394186	0.630718	0.463609	0.958387	0.514607	0.887424	0.657635</FloatingPoint>
			</Individual>
			<Individual size="2">
				<FitnessMax value="3.05814"/>
				<FloatingPoint size="50">	2.65999	0.366842	3.55426	1.59457	2.36604	3.49667	0.746295	2.7713	4.23731	3.04821	2.33601	0.558163	2.53115	3.35008	3.71761	3.5136	0.399833	2.95656	5.23213	4.34675	3.25744	0.574441	3.43926	4.73675	4.4387	2.90576	0.411156	2.70445	1.73311	2.64754	3.46886	0.697795	3.23804	5.34031	4.49874	2.7456	0.391322	2.50532	3.86078	3.57485	2.39785	0.348213	2.4173	1.62642	2.43839	2.61749	0.596227	3.24823	3.61997	3.73257</FloatingPoint>
				<FloatingPoint size="20">	0.799373	0.3872	0.98865	0.387612	0.76194	0.516639	0.731084	0.511818	0.798559	0.377633	0.794009	0.464564	0.956332	0.312872	0.817396	0.617737	0.958387	0.305006	0.88346	0.536059</FloatingPoint>
			</Individual>
			<Individual size="2">
				<FitnessMax value="3.06449"/>
				<FloatingPoint size="50">	2.66464	0.367202	3.55785	1.59423	2.35469	3.49422	0.648587	2.76181	4.23757	3.05042	2.3375	0.55815	2.51972	3.3364	3.71158	3.43521	0.378249	2.92705	5.23214	4.34732	3.23778	0.575525	3.43869	4.59761	4.40938	2.35802	0.413239	2.68984	1.7192	2.64208	3.46887	0.697863	3.23866	5.34044	4.45365	2.73202	0.410266	2.5587	3.86037	3.5746	2.3972	0.346772	2.41384	1.65374	2.49143	2.61753	0.596044	3.24429	3.6194	3.73254</FloatingPoint>
				<FloatingPoint size="20">	0.799373	0.606144	0.988706	0.373414	0.761004	0.56844	0.726308	0.481555	0.798822	0.0824277	0.714983	0.677787	0.956639	0.356098	0.729169	0.439636	0.958358	0.00640188	0.88019	0.714719</FloatingPoint>
			</Individual>
			<Individual size="2">
				<FitnessMax value="3.06449"/>
				<FloatingPoint size="50">	2.66481	0.366823	3.55566	1.59432	2.35469	3.49422	0.648587	2.76181	4.23749	3.05088	2.33753	0.558152	2.51972	3.3364	3.71158	3.43521	0.378249	2.92705	5.23215	4.3472	3.23779	0.575444	3.43894	4.59761	4.40938	2.35802	0.41241	2.68984	1.733	2.64208	3.46887	0.697964	3.23866	5.34044	4.48365	2.74182	0.40983	2.56294	3.86043	3.5746	2.3972	0.347306	2.40881	1.65374	2.50268	2.61751	0.596044	3.24568	3.6194	3.73254</FloatingPoint>
				<FloatingPoint size="20">	0.799373	0.606144	0.988706	0.373414	0.761004	0.401584	0.726308	0.481555	0.798822	0.240781	0.714983	0.969846	0.956639	0.356098	0.729169	0.439636	0.958358	0.182518	0.88019	0.446779</FloatingPoint>
			</Individual>
			<Individual size="2">
				<FitnessMax value="3.05814"/>
				<FloatingPoint size="50">	2.66278	0.367244	3.32859	1.59422	2.36223	3.22511	0.713566	2.76103	4.23742	3.04943	2.3367	0.558151	2.52493	3.34068	3.71571	3.43491	0.391614	2.93405	5.23217	4.34718	3.24334	0.575337	3.4397	4.65818	4.43802	2.63075	0.412862	2.696	1.72548	2.64834	3.46887	0.697901	3.23848	5.3404	4.49767	2.74418	0.397679	2.55694	3.86122	3.57474	2.39703	0.346314	2.41396	1.63056	2.47816	2.61751	0.595725	3.24369	3.61969	3.73255</FloatingPoint>
				<FloatingPoint size="20">	0.799373	0.198699	0.988602	0.351837	0.745885	0.3453	0.721165	0.574219	0.796763	0.117734	0.795636	0.545309	0.952398	0.389372	0.640266	0.460846	0.958383	0.493385	0.886777	0.0127127</FloatingPoint>
			</Individual>
			<Individual size="2">
				<FitnessMax value="3.05814"/>
				<FloatingPoint size="50">	2.66412	0.36674	3.55484	1.59439	2.35878	3.49593	0.745785	2.76901	4.23741	3.04968	2.33729	0.558156	2.52442	3.33964	3.71505	3.41265	0.398288	2.94302	5.23218	4.34717	3.24493	0.575128	3.43946	4.6753	4.43874	2.52705	0.411647	2.68826	1.73309	2.64837	3.46887	0.698046	3.23832	5.34043	4.49298	2.74331	0.398448	2.55932	3.8606	3.57472	2.39706	0.347821	2.40832	1.63902	2.49094	2.6175	0.596322	3.24724	3.61968	3.73257</FloatingPoint>
				<FloatingPoint size="20">	0.799373	0.631338	0.988738	0.198481	0.765565	0.532702	0.670313	0.415836	0.799443	0.338182	0.794481	0.45109	0.955088	0.308296	0.773103	0.423483	0.958334	0.238729	0.878755	0.506237</FloatingPoint>
			</Individual>
			<Individual size="2">
				<FitnessMax value="3.06449"/>
				<FloatingPoint size="50">	2.66449	0.366614	3.55436	1.59442	2.04141	3.49698	0.756823	2.77147	4.23742	3.05066	2.3377	0.558151	2.52104	3.2357	3.71177	3.41031	0.38845	2.92601	5.2322	4.34723	3.23789	0.575214	3.44021	4.58395	4.42615	2.33139	0.412283	2.68086	1.72723	2.64607	3.46887	0.698114	3.23869	5.34047	4.47747	2.73835	0.399795	2.56276	3.86102	3.57462	2.39707	0.347532	2.40881	1.63891	2.50323	2.61751	0.596097	3.24645	3.6197	3.73256</FloatingPoint>
				<FloatingPoint size="20">	0.799373	0.0323418	0.988706	0.373414	0.761004	0.619281	0.726308	0.481555	0.798822	0.0824277	0.714983	0.63743	0.953482	0.273662	0.798888	0.423066	0.958322	0.210094	0.875025	0.566964</FloatingPoint>
			</Individual>
			<Individual size="2">
				<FitnessMax value="3.06449"/>
				<FloatingPoint size="50">	2.66464	0.367802	3.55284	1.59411	2.35226	3.49204	0.481397	2.75541	4.23775	3.05003	2.3373	0.55815	2.51758	3.33709	3.7111	3.45171	0.366257	2.92871	5.23207	4.34759	3.23771	0.576251	3.43364	4.60129	4.37702	2.38795	0.413663	2.69694	1.70526	2.63492	3.46887	0.696986	3.23859	5.34041	4.44458	2.71698	0.425892	2.54523	3.85971	3.57451	2.39798	0.345945	2.41593	1.69261	2.48317	2.61756	0.595928	3.24023	3.6192	3.73249</FloatingPoint>
				<FloatingPoint size="20">	0.799373	0.606144	0.988706	0.373414	0.761004	0.401584	0.726308	0.481555	0.798822	0.0824277	0.714983	0.72269	0.956639	0.356098	0.729169	0.439636	0.958358	0.00737845	0.883791	0.38055</FloatingPoint>
			</Individual>
			<Individual size="2">
				<FitnessMax value="2.44433"/>
				<FloatingPoint size="50">	2.66464	0.367202	3.55785	1.59423	2.35469	3.49422	0.648587	2.76181	4.23757	3.05042	2.3375	0.55815	2.51972	3.3364	3.71158	3.43521	0.378249	2.92705	5.23214	4.34732	3.23778	0.575525	3.43869	4.59761	4.40938	2.35802	0.413239	2.68984	1.7192	2.64208	3.46887	0.697863	1.76751	5.34044	4.45365	2.73202	0.410266	2.5587	3.86037	3.5746	2.3972	0.346772	2.41384	1.65374	2.49143	2.61753	0.596044	3.24429	3.6194	3.73254</FloatingPoint>
				<FloatingPoint size="20">	0.799373	0.402421	0.988654	0.362626	0.753444	0.482291	0.723736	0.527887	0.797792	0.100081	0.755309	0.591369	0.95294	0.331517	0.719577	0.441956	0.958352	0.351739	0.880901	0.515106</FloatingPoint>
			</Individual>
			<Individual size="2">
				<FitnessMax value="3.06449"/>
				<FloatingPoint size="50">	2.66233	0.367197	3.55594	1.59437	2.35637	3.49613	0.645949	2.76242	4.23753	3.05048	2.36187	0.558152	2.52149	3.33751	3.71164	3.42532	0.382827	2.92539	5.23218	4.34728	3.23779	0.578379	3.44041	4.57932	4.37634	2.33109	0.41204	2.68699	1.73769	2.64293	3.46887	0.698211	3.23869	5.34045	4.48205	2.73267	0.400219	2.55098	3.86043	3.57464	2.39709	0.346966	2.40842	1.65025	2.48218	2.61752	0.596151	3.23908	3.61951	3.73255</FloatingPoint>
				<FloatingPoint size="20">	0.799373	0.606144	0.988706	0.108253	0.761004	0.619281	0.726308	0.481555	0.798822	0.0824277	0.714983	0.63743	0.953482	0.273662	0.798888	0.423066	0.958322	0.210094	0.875025	0.566964</FloatingPoint>
			</Individual>
			<Individual size="2">
				<FitnessMax value="2.87479"/>
				<FloatingPoint size="50">	2.66529	0.366829	3.55588	1.59424	2.56241	3.45234	0.685991	2.75987	4.23759	3.05016	2.39653	0.55815	2.52071	3.33655	3.71154	3.44785	0.394877	2.92845	5.23211	4.34754	3.24128	0.575906	3.43374	4.60885	4.4046	2.51599	0.412611	2.6971	1.78641	2.64587	3.46887	0.697166	3.23764	5.34041	4.46676	2.73622	0.411081	2.54541	3.85984	3.57465	2.3971	0.345938	2.41489	1.67181	2.4767	2.61755	0.596169	3.24248	3.69023	3.73249</FloatingPoint>
				<FloatingPoint size="20">	0.799373	0.166129	0.988591	0.363382	0.744404	0.331192	0.721432	0.597263	0.796561	0.101561	0.795718	0.551859	0.952171	0.394186	0.181377	0.463609	0.958387	0.514607	0.887424	0.657635</FloatingPoint>
			</Individual>
			<Individual size="2">
				<FitnessMax value="3.06449"/>
				<FloatingPoint size="50">	2.66481	0.366823	3.55566	1.59432	2.35593	3.49429	0.742548	2.76513	4.23749	3.05088	2.33753	0.558152	2.52176	3.33625	3.7118	3.3915	0.395831	2.92585	5.23215	4.3472	3.23779	0.575444	3.43894	4.59091	4.43748	2.33825	0.41241	2.67902	1.733	2.64698	3.46887	0.697964	3.23866	5.34048	4.48365	2.74182	0.40983	2.56294	3.86043	3.57464	2.39708	0.347306	2.40881	1.65239	2.50268	2.61751	0.596289	3.24568	3.61966	3.73255</FloatingPoint>
				<FloatingPoint size="20">	0.799373	0.606144	0.988706	0.373414	0.761004	0.401584	0.726308	0.481555	0.798822	0.161604	0.714983	0.969846	0.956639	0.356098	0.729169	0.439636	0.958358	0.302716	0.88019	0.446779</FloatingPoint>
			</Individual>
			<Individual size="2">
				<FitnessMax value="2.83743"/>
				<FloatingPoint size="50">	2.6747	0.373302	3.55973	1.59263	2.38619	3.49909	3.03597	2.54603	4.23741	3.02283	2.3273	0.558116	2.56397	3.33488	3.71657	3.3677	0.46148	3.23515	5.23063	4.34743	3.22993	0.577709	3.43798	4.5469	4.44343	2.34792	0.408345	2.64202	1.65735	2.66816	3.46883	0.696715	3.23777	5.34058	4.47883	2.77159	0.363428	2.51219	3.82545	3.57289	2.39293	0.344913	2.43392	1.8203	2.41133	2.61771	0.608671	3.25388	3.62343	3.7326</FloatingPoint>
				<FloatingPoint size="20">	0.799368	0.490857	0.988702	0.898962	0.803769	0.535707	0.726348	0.549454	0.799751	0.266445	0.792189	0.972906	0.956673	0.770263	0.680396	0.448337	0.958358	0.305765	0.880939	0.765192</FloatingPoint>
			</Individual>
			<Individual size="2">
				<FitnessMax value="3.06449"/>
				<FloatingPoint size="50">	2.66529	0.366469	3.55439	1.59441	2.35656	3.49694	0.762822	2.77189	4.23748	3.05093	2.33786	0.558153	2.52224	3.33529	3.71187	3.38535	0.398782	2.92508	5.23224	4.34716	3.23783	0.574962	3.44169	4.57299	4.44297	2.30476	0.411197	2.6726	1.73492	2.6505	3.46887	0.698375	3.23869	5.34049	4.44711	2.7447	0.391176	2.56691	3.861	3.57464	2.39687	0.348333	2.40447	1.62571	2.51499	2.61748	0.5963	3.24861	3.61991	3.73259</FloatingPoint>
				<FloatingPoint size="20">	0.799373	0.606144	0.988706	0.373414	0.761004	0.401584	0.726308	0.481555	0.798822	0.390427	0.714983	0.969846	0.956639	0.356098	0.729169	0.439636	0.958358	0.182518	0.88019	0.446779</FloatingPoint>
			</Individual>
			<Individual size="2">
				<FitnessMax value="2.66999"/>
				<FloatingPoint size="50">	2.66464	0.367007	3.37784	1.59438	2.35638	3.43516	0.796552	2.77161	4.23749	3.05093	2.33831	0.558151	2.52118	3.21674	3.71246	3.40661	0.395661	2.92612	5.23219	4.34716	3.23798	0.575223	3.44127	4.65196	4.43738	2.39476	0.411564	2.6842	1.72957	2.64706	3.46891	0.698096	3.23866	5.34042	4.50609	2.73354	0.396732	2.56	3.8608	3.57466	2.39706	0.3472	2.41333	1.63406	2.4891	2.61753	0.596121	0.413716	3.61939	3.73255</FloatingPoint>
				<FloatingPoint size="20">	0.799373	0.119604	0.988706	0.453012	0.760994	0.586028	0.726314	0.399863	0.798825	0.0821072	0.714848	0.68824	0.953965	0.351774	0.788289	0.425542	0.958327	0.205415	0.875815	0.588997</FloatingPoint>
			</Individual>
			<Individual size="2">
				<FitnessMax value="2.80723"/>
				<FloatingPoint size="50">	2.67289	0.367133	3.56281	1.59391	2.41271	3.48251	0.635198	2.76704	4.23765	3.02402	2.33639	0.55815	2.54484	3.33449	3.70502	3.60537	0.432218	3.01323	5.23032	4.34737	3.23889	0.576573	3.47179	4.59781	4.43861	2.35719	0.416612	2.64048	1.70964	2.66763	3.46883	0.696155	3.23832	5.34068	4.48283	2.70356	0.407918	2.56783	3.85859	3.57267	2.40245	0.348313	2.41896	1.74139	2.42814	2.61771	0.598033	3.24263	3.6188	3.73258</FloatingPoint>
				<FloatingPoint size="20">	0.799373	0.606144	0.988706	0.373414	0.283296	0.56844	0.726308	0.516476	0.798822	0.0824277	0.714983	0.677787	0.956639	0.356098	0.729169	0.439636	0.958358	0.00640188	0.88019	0.714719</FloatingPoint>
			</Individual>
			<Individual size="2">
				<FitnessMax value="2.82371"/>
				<FloatingPoint size="50">	2.66481	0.366969	3.55693	1.59428	2.29896	3.49585	0.678459	2.76226	4.23747	3.05018	2.33745	0.558152	2.52238	3.33329	3.71158	3.42939	0.379535	2.92638	5.23219	4.34729	3.23927	0.575178	3.44023	4.5884	4.43056	2.37599	0.413091	2.68425	1.72609	2.64418	3.46887	0.697932	3.23862	5.34044	4.47289	2.73698	0.403873	2.56242	3.82446	3.57463	2.39701	0.346938	2.41117	1.63616	2.50017	2.61752	0.596107	3.24435	3.61967	3.73256</FloatingPoint>
				<FloatingPoint size="20">	0.799373	0.606144	0.988706	0.373414	0.761004	0.401584	0.726308	0.481555	0.798822	0.0824277	0.714983	0.969846	0.956639	0.356098	0.729169	0.847548	0.958358	0.182518	0.88019	0.714719</FloatingPoint>
			</Individual>
			<Individual size="2">
				<FitnessMax value="3.05814"/>
				<FloatingPoint size="50">	2.66502	0.366876	3.55406	1.59443	2.35657	3.4962	0.763463	2.77331	4.2376	3.04905	2.34221	0.558152	2.52067	3.33593	3.71183	3.40497	0.395337	2.92626	5.23212	4.34698	3.23777	0.575151	3.43856	4.63265	4.44267	2.3617	0.411217	2.69467	1.72482	2.65021	3.47051	0.698098	3.23867	5.34045	4.47284	2.73352	0.410881	2.5565	3.86054	3.5746	2.39706	0.347204	2.40448	1.70456	2.51269	2.61756	0.596202	3.24801	3.61954	3.73253</FloatingPoint>
				<FloatingPoint size="20">	0.799373	0.198699	0.988602	0.351837	0.745885	0.3453	0.721165	0.574219	0.796763	0.117734	0.795636	0.545309	0.952398	0.389372	0.640266	0.876187	0.958383	0.493385	0.886777	0.463248</FloatingPoint>
			</Individual>
			<Individual size="2">
				<FitnessMax value="2.57972"/>
				<FloatingPoint size="50">	2.66183	0.367038	3.33424	1.59462	2.35426	3.32557	0.865368	2.76234	4.23736	3.03584	2.33666	0.55814	2.53485	3.33959	3.7161	3.3737	0.533794	2.96718	5.23161	4.3467	3.24265	0.57703	3.43733	4.57389	4.4771	2.46207	0.406001	2.67546	1.75115	2.66409	3.46882	0.697902	3.23801	5.3404	4.49139	2.75428	0.375275	2.55822	3.84071	3.57509	2.39845	0.347279	2.42742	1.78883	2.48389	2.61751	0.604949	3.24396	3.61752	3.73258</FloatingPoint>
				<FloatingPoint size="20">	0.799373	0.198699	0.988602	0.351837	0.745885	0.3453	0.721165	0.574219	0.796763	0.117734	0.795636	0.545309	0.952398	0.389372	0.0416741	0.460846	0.958383	0.493385	0.886777	0.0127127</FloatingPoint>
			</Individual>
			<Individual size="2">
				<FitnessMax value="3.26019"/>
				<FloatingPoint size="50">	2.67289	0.370611	3.5578	1.59176	2.39442	3.49941	0.890223	2.78364	4.23752	3.02245	2.32722	0.558117	2.56397	3.33278	3.71694	3.36158	0.461363	3.21901	5.23017	4.34763	3.22998	0.577715	3.43834	4.54912	4.44495	2.30529	0.405303	2.63241	1.66545	2.6649	3.46882	0.696904	3.23765	5.34047	4.49428	2.77361	0.363951	2.56998	3.8206	3.57294	2.40079	0.349415	2.43395	1.81994	2.45222	2.61759	0.603007	3.2514	3.60553	3.73231</FloatingPoint>
				<FloatingPoint size="20">	0.98647	0.723047	0.998418	0.339705	0.829833	0.632217	0.748366	0.351847	0.795197	0.527574	0.760327	0.323558	0.936936	0.503547	0.71467	0.601256	0.959764	0.451449	0.930904	0.489897</FloatingPoint>
			</Individual>
			<Individual size="2">
				<FitnessMax value="3.06449"/>
				<FloatingPoint size="50">	2.66529	0.366487	3.55441	1.59441	2.35656	3.49693	0.763322	2.77176	4.23748	3.0509	2.33789	0.558153	2.52237	3.33532	3.71186	3.3854	0.398651	2.925	5.23225	4.34715	3.23787	0.574903	3.44174	4.57189	4.44292	2.30477	0.411443	2.67222	1.73527	2.65009	3.46887	0.698366	3.23872	5.34049	4.68626	2.74468	0.389324	2.58274	3.86117	3.57464	2.39695	0.348292	2.40441	1.62409	2.51503	2.61748	0.596292	3.24861	3.62	3.73258</FloatingPoint>
				<FloatingPoint size="20">	0.799373	0.60582	0.988706	0.373578	0.760999	0.401592	0.726311	0.481559	0.798823	0.082251	0.714888	0.970582	0.956641	0.356148	0.729137	0.439567	0.958358	0.182053	0.880192	0.714843</FloatingPoint>
			</Individual>
			<Individual size="2">
				<FitnessMax value="2.57457"/>
				<FloatingPoint size="50">	2.64892	0.366089	3.55682	1.59401	2.3723	3.49349	0.794959	2.77258	4.23765	3.04375	2.34866	0.558144	2.53066	3.33469	3.70629	3.49458	0.418595	2.99496	5.23158	4.34721	3.23843	0.575619	3.44936	4.63842	4.45518	2.35858	0.412857	2.68679	1.72546	2.6571	3.46886	0.697798	3.23843	5.3405	4.49852	2.69923	0.408032	2.55661	3.85673	3.57405	2.39825	0.346604	2.41145	1.68278	3.10603	2.6176	0.59675	3.24567	3.61935	3.73255</FloatingPoint>
				<FloatingPoint size="20">	0.98647	0.575647	0.99689	0.5392	0.666848	0.295974	0.748366	0.439405	0.793156	0.560049	0.761502	0.788096	0.936936	0.430126	0.826911	0.357749	0.959764	0.639232	0.934087	0.557679</FloatingPoint>
			</Individual>
			<Individual size="2">
				<FitnessMax value="3.26019"/>
				<FloatingPoint size="50">	2.59638	0.364661	3.5646	1.59275	2.42274	3.48228	0.892393	2.77573	4.2378	3.02055	2.32721	0.558117	2.56397	3.33274	3.68846	3.84652	0.478434	3.2192	5.22988	4.3474	3.24072	0.577728	3.48594	4.59619	4.49441	2.30544	0.418206	2.63752	1.69909	2.6789	3.46882	0.696081	3.23764	5.3407	4.49004	2.67319	0.361662	2.56974	3.84362	3.57213	2.40272	0.348743	2.43382	1.82206	2.40665	2.61772	0.598177	3.23613	3.61864	3.7328</FloatingPoint>
				<FloatingPoint size="20">	0.98647	0.575647	0.99689	0.5392	0.666848	0.295974	0.748366	0.439405	0.793156	0.560049	0.761502	0.788096	0.936936	0.430126	0.826911	0.357749	0.959764	0.639232	0.934087	0.557679</FloatingPoint>
			</Individual>
			<Individual size="2">
				<FitnessMax value="2.88114"/>
				<FloatingPoint size="50">	2.66491	0.366834	3.5561	1.59432	2.35566	3.49563	0.707872	2.76695	4.23752	3.05067	2.33769	0.558152	5.68354	3.23927	3.71178	3.40939	0.388869	2.92598	5.2322	4.34723	3.23789	0.575205	3.44027	4.58355	4.42675	2.33044	0.412243	2.68059	1.72166	2.64358	3.46887	0.697863	3.23866	5.34044	4.45102	2.73207	0.410013	2.55854	3.86037	3.5746	2.3972	0.346769	2.41432	1.65339	2.49047	2.61753	0.596038	3.24428	3.61938	3.73254</FloatingPoint>
				<FloatingPoint size="20">	0.799373	0.119604	0.988706	0.453012	0.760994	0.586028	0.726314	0.481698	0.798825	0.0821072	0.714848	0.68824	0.953965	0.351774	0.788289	0.425542	0.958327	0.205415	0.875815	0.588997</FloatingPoint>
			</Individual>
			<Individual size="2">
				<FitnessMax value="3.06449"/>
				<FloatingPoint size="50">	2.66464	0.367802	3.55284	1.59411	2.61922	3.49204	0.481397	2.75541	4.23775	3.05003	2.3373	0.55815	2.51758	3.33709	3.7111	3.45171	0.366257	2.92871	5.23207	4.34759	3.23771	0.576251	3.43364	4.60129	4.37702	2.38795	0.413663	2.69694	1.70526	2.63492	3.46887	0.696986	3.23859	5.34041	4.44458	2.71698	0.425892	2.54523	3.85971	3.57451	2.39798	0.345945	2.41593	1.69261	2.48317	2.61756	0.595928	3.24023	3.6192	3.73249</FloatingPoint>
				<FloatingPoint size="20">	0.799373	0.262493	0.988706	0.373414	0.761004	0.530693	0.726308	0.481555	0.798822	0.0824277	0.714983	0.649496	0.953671	0.356098	0.729169	0.439636	0.958358	0.0437748	0.882865	0.408699</FloatingPoint>
			</Individual>
			<Individual size="2">
				<FitnessMax value="3.06449"/>
				<FloatingPoint size="50">	2.66464	0.367202	3.55785	1.59423	2.35469	3.49422	0.648587	2.76181	4.23757	3.05042	2.3375	0.55815	2.51972	3.3364	3.71158	3.43521	0.378249	2.92705	5.23214	4.34732	3.23778	0.575525	3.43869	4.59761	4.40938	2.35802	0.413239	2.68984	1.7192	2.64208	3.46887	0.697863	3.23866	5.34044	4.45365	2.73202	0.410266	2.5587	3.86037	3.5746	2.3972	0.346772	2.41384	1.65374	2.49143	2.61753	0.596044	3.24429	3.6194	3.73254</FloatingPoint>
				<FloatingPoint size="20">	0.799373	0.606144	0.988706	0.373414	0.761004	0.401584	0.726308	0.481555	0.798822	0.0824277	0.714983	0.969846	0.956639	0.356098	0.729169	0.439636	0.958358	0.182518	0.88019	0.714719</FloatingPoint>
			</Individual>
			<Individual size="2">
				<FitnessMax value="3.05814"/>
				<FloatingPoint size="50">	2.66464	0.367497	3.54897	1.59458	2.35878	3.49924	0.767838	2.77426	4.23748	3.04401	2.33486	0.558186	2.52281	3.33751	3.71643	3.37522	0.347649	2.9374	5.23324	4.34713	3.23559	0.576554	3.44101	4.59446	4.44367	2.37433	0.406782	2.67848	1.70767	2.65991	3.47018	0.698453	3.23713	5.34045	4.49795	2.73686	0.426546	2.56856	3.86072	3.57488	2.39728	0.348005	2.41898	1.66049	2.50302	2.61765	0.598162	3.25149	3.61199	3.73257</FloatingPoint>
				<FloatingPoint size="20">	0.799368	0.353463	0.988931	0.904266	0.777211	0.592355	0.720091	0.519523	0.800932	0.386552	0.794045	0.813135	0.953421	0.242866	0.688852	0.361134	0.958311	0.297776	0.873509	0.312474</FloatingPoint>
			</Individual>
			<Individual size="2">
				<FitnessMax value="3.06449"/>
				<FloatingPoint size="50">	2.66468	0.367291	3.55836	1.59421	2.35441	3.49421	0.626748	2.76104	4.23759	3.05031	2.33749	0.55815	2.51924	3.33644	3.71153	3.44537	0.374162	2.92733	5.23214	4.34729	3.23778	0.575544	3.43875	4.59916	4.40285	2.36262	0.413046	2.68733	1.71599	2.64094	3.46887	0.697839	3.23866	5.34043	4.44667	2.72974	0.410367	2.55771	3.86036	3.57459	2.39722	0.346648	2.41501	1.65405	2.48882	2.61754	0.595988	3.24397	3.61934	3.73254</FloatingPoint>
				<FloatingPoint size="20">	0.799373	0.606144	0.988706	0.373414	0.761004	0.401584	0.726308	0.496685	0.798822	0.0824277	0.714983	0.969846	0.956639	0.356098	0.729169	0.439636	0.958358	0.182518	0.88019	0.714719</FloatingPoint>
			</Individual>
			<Individual size="2">
				<FitnessMax value="2.93801"/>
				<FloatingPoint size="50">	2.65999	0.366842	3.55426	1.59457	2.36604	3.49667	0.746295	2.7713	4.23731	3.04821	2.33601	0.558163	2.53115	3.35008	3.71761	3.5136	0.399833	2.95656	5.23213	4.34675	3.25744	0.574441	3.43926	4.73675	4.4387	2.90576	0.411156	2.70445	1.73311	2.64754	3.46886	0.697795	3.23804	5.34031	4.49874	2.7456	0.391322	2.50532	3.86078	3.57485	2.39785	0.348213	2.4173	1.62642	2.43839	2.61749	0.596227	3.24823	3.61997	3.73257</FloatingPoint>
				<FloatingPoint size="20">	0.799373	0.381248	0.16545	0.327302	0.76401	0.542411	0.726219	0.412585	0.799301	0.276686	0.793433	0.617158	0.955852	0.610842	0.724403	0.466302	0.958363	0.291811	0.875006	0.488047</FloatingPoint>
			</Individual>
			<Individual size="2">
				<FitnessMax value="2.97402"/>
				<FloatingPoint size="50">	2.66407	0.368338	3.55336	1.59385	2.35128	3.49086	0.38908	2.74744	4.23758	3.04936	2.3372	0.558146	2.51671	3.33917	3.71117	3.50721	0.358014	2.92846	5.23208	4.34758	3.23775	0.576134	3.43517	4.62462	4.37948	2.42515	0.415999	2.71254	1.70583	2.63311	3.46887	0.697205	3.23869	5.34038	4.41023	2.71543	0.43807	2.50428	3.86003	3.57455	2.39765	0.345499	2.42213	1.69086	2.45663	2.61759	0.595796	3.23724	3.61918	3.73251</FloatingPoint>
				<FloatingPoint size="20">	0.799373	0.49817	0.988795	0.36264	0.756076	0.39305	0.721078	0.560604	0.800324	0.121068	0.794168	0.47437	0.952422	0.222247	0.80052	0.459712	0.794441	0.463853	0.885333	0.468387</FloatingPoint>
			</Individual>
			<Individual size="2">
				<FitnessMax value="3.06449"/>
				<FloatingPoint size="50">	2.66489	0.366829	3.55604	1.59442	2.35571	3.4948	0.818699	2.77267	4.23759	3.051	2.34095	0.558151	2.52059	3.18488	3.71178	3.40679	0.393706	2.92623	5.2322	4.3472	3.23775	0.575196	3.44004	4.63374	4.42976	2.33032	0.411465	2.69409	1.72397	2.64676	3.46895	0.69809	3.23869	5.34044	4.45696	2.73256	0.411038	2.55953	3.86043	3.5746	2.39706	0.347216	2.41393	1.64946	2.51022	2.61757	0.596086	3.24507	3.61936	3.73253</FloatingPoint>
				<FloatingPoint size="20">	0.799373	0.119604	0.988706	0.453012	0.760994	0.586028	0.726314	0.399863	0.798825	0.0821072	0.714848	0.68824	0.953965	0.351774	0.788289	0.425542	0.958327	0.205415	0.875815	0.588997</FloatingPoint>
			</Individual>
			<Individual size="2">
				<FitnessMax value="3.05814"/>
				<FloatingPoint size="50">	2.66529	0.366534	3.5544	1.59441	2.35657	3.49698	0.764586	2.77159	4.23761	3.05098	2.35535	0.558152	2.52027	3.3353	3.71185	3.38487	0.399941	2.92506	5.23211	4.34715	3.23772	0.574961	3.43796	4.65159	4.44296	2.37514	0.41119	2.70215	1.73368	2.6503	3.46887	0.698333	3.23868	5.34044	4.50116	2.70735	0.422487	2.55251	3.86082	3.57464	2.39686	0.345937	2.40447	1.63937	2.51373	2.61756	0.596306	3.24865	3.61957	3.73248</FloatingPoint>
				<FloatingPoint size="20">	0.799373	0.198699	0.988602	0.351837	0.745885	0.3453	0.721165	0.574219	0.796763	0.117734	0.795636	0.545309	0.952398	0.389372	0.640266	0.876187	0.958383	0.493385	0.886777	0.463248</FloatingPoint>
			</Individual>
			<Individual size="2">
				<FitnessMax value="2.82135"/>
				<FloatingPoint size="50">	2.66472	0.367013	3.55676	1.59427	2.35531	3.49426	0.695568	2.76347	4.23753	3.05065	2.33752	0.558151	2.52074	2.95374	3.71169	3.41336	0.38704	2.92645	5.23215	4.34726	3.23779	0.575484	3.43881	4.59426	4.43851	2.49227	0.411788	2.68656	1.73307	2.64811	3.46887	0.698031	3.23838	5.34044	4.49126	2.74303	0.400545	2.55999	3.86056	3.5747	2.39707	0.347726	2.40841	1.64149	2.4931	2.6175	0.596316	3.24695	3.61967	3.73256</FloatingPoint>
				<FloatingPoint size="20">	0.799373	0.606144	0.988706	0.373414	0.761004	0.401584	0.726308	0.481555	0.798822	0.0824277	0.714983	0.969846	0.956639	0.356098	0.729169	0.439636	0.958358	0.182518	0.88019	0.446779</FloatingPoint>
			</Individual>
			<Individual size="2">
				<FitnessMax value="2.75649"/>
				<FloatingPoint size="50">	2.66491	0.366834	3.5561	1.59422	2.35566	3.49563	0.707872	2.76103	4.23752	3.04943	2.3367	0.558152	2.5211	3.34068	3.71178	3.43491	0.388869	2.93405	5.2322	3.44329	3.24334	0.575205	3.4397	4.65818	4.42675	2.33044	0.412243	2.68059	1.72746	2.64622	3.46887	0.697901	3.23848	5.3404	4.49767	2.74418	0.397679	2.55899	3.86122	3.5746	2.39703	0.346314	2.41351	1.65284	2.49222	2.61753	0.596054	3.24445	3.61941	3.73255</FloatingPoint>
				<FloatingPoint size="20">	0.799373	0.119604	0.988706	0.453012	0.760994	0.586028	0.726314	0.481698	0.798825	0.0821072	0.714848	0.68824	0.953965	0.351774	0.788289	0.425542	0.958327	0.205415	0.875815	0.588997</FloatingPoint>
			</Individual>
			<Individual size="2">
				<FitnessMax value="3.06449"/>
				<FloatingPoint size="50">	2.66464	0.367202	3.55785	1.59423	2.35469	3.49422	0.648587	2.75005	4.23757	3.05042	2.3375	0.55815	2.51972	3.3364	3.71158	3.43521	0.378249	2.92705	5.23214	4.34732	3.23778	0.575525	3.43869	4.59761	4.40938	2.35802	0.413239	2.68984	1.7192	2.64208	3.46887	0.697863	3.23866	5.34044	4.45365	2.73202	0.410266	2.5587	3.86037	3.5746	2.3972	0.346772	2.41384	1.65374	2.49143	2.61753	0.596044	3.24429	3.6194	3.73254</FloatingPoint>
				<FloatingPoint size="20">	0.799373	0.606144	0.988706	0.373414	0.761004	0.56844	0.726308	0.481555	0.798822	0.0824277	0.714983	0.677787	0.956639	0.434945	0.729169	0.439636	0.958358	0.00640188	0.88019	0.714719</FloatingPoint>
			</Individual>
			<Individual size="2">
				<FitnessMax value="2.7641"/>
				<FloatingPoint size="50">	2.66464	0.367202	3.55785	1.59423	2.35469	3.49422	0.648587	1.71929	4.23757	3.05042	2.3375	0.55815	2.51972	3.3364	3.71158	3.43521	0.378249	2.92705	5.23214	4.34732	3.23778	0.575525	3.43869	4.59761	4.40938	2.35802	0.413239	2.68984	1.7192	2.64208	3.46887	0.697863	3.23866	5.34044	4.45365	2.73202	0.410266	2.5587	3.86037	3.5746	5.98767	0.346772	2.41384	1.65374	2.49143	2.61753	0.596044	3.24429	3.6194	3.73254</FloatingPoint>
				<FloatingPoint size="20">	0.799373	0.606144	0.988706	0.373414	0.761004	0.56844	0.726308	0.481555	0.798822	0.0824277	0.714983	0.677787	0.956639	0.356098	0.729169	0.439636	0.958358	0.00640188	0.88019	0.714719</FloatingPoint>
			</Individual>
			<Individual size="2">
				<FitnessMax value="3.05814"/>
				<FloatingPoint size="50">	2.65999	0.366842	3.55426	1.59457	2.36604	3.49667	0.746295	2.7713	4.23731	3.04821	2.33601	0.558163	2.53115	3.35008	3.71761	3.5136	0.399833	2.95656	5.23213	4.34675	3.25744	0.574441	3.43926	4.73675	4.4387	2.90576	0.411156	2.70445	1.73311	2.64754	3.46886	0.697795	3.23804	5.34031	4.49874	2.7456	0.391322	2.50532	3.86078	3.57485	2.39785	0.348213	2.4173	1.62642	2.43839	2.61749	0.596227	3.24823	3.61997	3.73257</FloatingPoint>
				<FloatingPoint size="20">	0.799373	0.635422	0.98874	0.192267	0.765956	0.533482	0.724572	0.271468	0.799478	0.334272	0.884621	0.453904	0.955424	0.325028	0.766673	0.421685	0.803303	0.790747	0.878029	0.50433</FloatingPoint>
			</Individual>
			<Individual size="2">
				<FitnessMax value="2.93118"/>
				<FloatingPoint size="50">	2.66449	0.366935	3.55326	1.59433	2.53232	3.49676	0.854377	2.75675	4.23771	3.05006	2.33739	0.55815	2.51875	3.33555	3.71187	3.42947	0.371776	2.92505	5.23212	4.34725	3.23777	0.575435	3.43684	4.58891	4.42495	2.34766	0.411409	2.67632	1.71194	2.64808	3.46887	0.697194	3.23861	5.34045	4.49409	2.74134	0.407201	2.56055	3.8616	3.57455	2.39773	0.346217	2.41064	1.69246	2.49053	2.61752	0.673404	3.2436	3.61957	3.73257</FloatingPoint>
				<FloatingPoint size="20">	0.297337	0.262493	0.988706	0.373414	0.761004	0.530693	0.726308	0.481555	0.798822	0.0824277	0.714983	0.649496	0.953671	0.356098	0.729169	0.439636	0.958358	0.0437748	0.882865	0.408699</FloatingPoint>
			</Individual>
			<Individual size="2">
				<FitnessMax value="3.26019"/>
				<FloatingPoint size="50">	2.68256	0.3818	3.5506	1.59385	2.32781	3.50117	0.890296	2.77404	4.23681	3.02326	2.32797	0.558113	2.56397	3.40562	3.71684	3.36153	0.479264	3.21886	5.2304	4.34675	3.24127	0.575106	3.41524	4.5303	4.49464	2.30435	0.405476	2.6332	1.7882	2.68091	3.46882	0.697274	3.32663	5.34069	4.46396	2.7736	0.368605	2.57005	3.74683	3.57395	2.40015	0.348984	2.41705	1.82626	2.52783	2.61774	0.603366	3.23337	3.55513	3.73367</FloatingPoint>
				<FloatingPoint size="20">	0.98647	0.135327	0.998376	0.468143	0.545973	0.434165	0.748366	0.431998	0.792985	0.438133	0.761442	0.522293	0.936942	0.438278	0.829996	0.358254	0.959764	0.674332	0.932457	0.532802</FloatingPoint>
			</Individual>
			<Individual size="2">
				<FitnessMax value="3.26019"/>
				<FloatingPoint size="50">	2.67652	0.375994	3.56166	1.59351	2.37796	3.49877	0.889869	2.30843	4.23731	3.02321	2.32739	0.558115	2.56397	3.33698	3.7162	3.37382	0.461596	3.25129	5.23109	4.34722	3.22988	0.577702	3.43763	4.53464	4.44385	2.40012	0.410018	2.63879	1.63319	2.67413	3.46882	0.69641	3.23765	5.34069	4.46896	2.7703	0.363095	2.56939	3.82854	3.57286	2.38791	0.342038	2.43389	1.82053	2.38521	2.61779	0.61229	3.25547	3.63487	3.73279</FloatingPoint>
				<FloatingPoint size="20">	0.98647	0.704097	0.996573	0.572297	0.731195	0.436811	0.748366	0.398466	0.793355	0.391897	0.760811	0.628866	0.936938	0.141957	0.859687	0.393849	0.959764	0.442901	0.932401	0.504859</FloatingPoint>
			</Individual>
			<Individual size="2">
				<FitnessMax value="3.06449"/>
				<FloatingPoint size="50">	2.66529	0.36654	3.55439	1.59441	2.35657	3.49699	0.765816	2.77147	4.23748	3.05098	2.33764	0.558153	2.52256	3.33529	3.71184	3.38484	0.400116	2.92509	5.2322	4.34715	3.23782	0.574968	3.44168	4.57289	4.44296	2.30478	0.411186	2.67326	1.73364	2.6504	3.46887	0.698332	3.23869	5.34048	4.4955	2.74401	0.391247	2.56689	3.86071	3.57465	2.39686	0.348182	2.40448	1.62867	2.51337	2.61748	0.59631	3.24867	3.61966	3.73257</FloatingPoint>
				<FloatingPoint size="20">	0.799373	0.606144	0.988706	0.373414	0.761004	0.401584	0.726308	0.481555	0.798822	0.0824277	0.714983	0.969846	0.956639	0.356098	0.729169	0.439636	0.958358	0.182518	0.88019	0.446779</FloatingPoint>
			</Individual>
			<Individual size="2">
				<FitnessMax value="2.88422"/>
				<FloatingPoint size="50">	2.66489	0.366845	3.55616	1.59432	2.35563	3.49558	0.705713	2.76679	4.23753	3.05066	2.3377	0.558151	2.52104	3.2357	3.71177	3.41031	0.38845	2.92601	5.2322	4.34723	3.23789	0.575214	3.44021	4.58395	4.42615	2.33139	0.412283	2.68086	1.72723	2.64607	3.46887	0.698114	3.23869	5.34047	4.47747	2.73835	0.399795	2.56276	3.59222	3.57462	2.39707	0.347532	2.40881	1.63891	0.199344	2.61751	0.596097	3.24645	3.6197	3.73256</FloatingPoint>
				<FloatingPoint size="20">	0.799373	0.39533	0.988869	0.373435	0.790158	0.601189	0.725984	0.398646	0.799311	0.0895743	0.773096	0.57282	0.953327	0.371368	0.715034	0.426947	0.958333	0.206973	0.876517	0.474293</FloatingPoint>
			</Individual>
			<Individual size="2">
				<FitnessMax value="2.84701"/>
				<FloatingPoint size="50">	2.66464	0.367202	3.55785	1.59423	2.35469	3.49422	0.648587	2.76181	4.23757	3.05042	2.3375	0.55815	2.51972	3.3364	3.71158	3.43521	0.378249	2.92705	5.23214	4.34732	2.98514	0.575525	3.43869	4.59761	4.40938	2.35802	0.413239	2.68984	1.7192	2.64208	3.46887	0.697863	3.23866	5.34044	4.45365	2.73202	0.410266	2.5587	3.86037	3.5746	2.3972	0.346772	2.41384	1.65374	2.49143	2.61753	0.596044	3.24429	3.6194	3.73254</FloatingPoint>
				<FloatingPoint size="20">	0.799373	0.212141	0.988695	0.368048	0.760485	0.621485	0.721051	0.56275	0.799065	0.281538	0.795413	0.463276	0.952466	0.303594	0.659715	0.662056	0.958337	0.48439	0.885131	0.493661</FloatingPoint>
			</Individual>
			<Individual size="2">
				<FitnessMax value="3.05814"/>
				<FloatingPoint size="50">	2.66515	0.366487	3.55447	1.59441	2.35656	3.49693	0.927241	2.77176	4.23748	3.0509	2.33789	0.558153	2.52237	3.33535	3.71197	3.3854	0.398651	2.92498	5.23225	4.34715	3.238	0.574903	3.44174	4.57028	4.44292	2.30477	0.411327	2.67188	1.73527	2.65006	3.46887	0.698366	3.83162	5.34049	4.5013	2.74468	0.389324	2.56682	3.86167	3.57464	2.39695	0.348292	2.40377	1.62409	2.51503	2.61748	0.712888	3.24861	3.62	3.73258</FloatingPoint>
				<FloatingPoint size="20">	0.799373	0.631338	0.988738	0.198481	0.765565	0.532702	0.724718	0.268108	0.799443	0.332572	0.794549	0.458291	0.955419	0.325421	0.76709	0.424156	0.958337	0.211484	0.87818	0.503699</FloatingPoint>
			</Individual>
			<Individual size="2">
				<FitnessMax value="3.05814"/>
				<FloatingPoint size="50">	2.66366	0.367736	3.55326	1.59412	2.36921	3.04758	0.56437	2.75378	4.23757	3.05286	2.33642	0.558148	2.52693	3.34688	3.71537	3.45876	0.354857	2.92759	5.23217	4.34707	3.23603	0.575957	3.44037	4.63172	4.43007	2.53719	0.413369	2.70444	1.71921	2.67794	3.46888	0.697899	3.23891	5.34039	4.4974	2.72897	0.398448	2.55932	3.8606	3.57472	2.39706	0.347821	2.40832	1.63902	2.49094	2.28334	0.596322	3.24724	3.61968	3.73257</FloatingPoint>
				<FloatingPoint size="20">	0.79937	0.483404	0.988733	0.600576	0.785474	0.491364	0.72634	0.51408	0.798827	0.166362	0.748173	0.69592	0.956591	0.488369	0.69668	0.369492	0.958353	0.167158	0.880171	0.603007</FloatingPoint>
			</Individual>
			<Individual size="2">
				<FitnessMax value="2.77767"/>
				<FloatingPoint size="50">	2.66464	0.367202	3.55785	1.59423	2.35469	3.49422	0.648587	2.76181	4.23757	3.05042	2.3375	0.55815	2.51972	3.3364	3.71158	3.43521	0.378249	2.92705	5.23214	4.34732	3.23778	0.575525	3.43869	4.59761	4.40938	2.35802	0.413239	2.68984	1.7192	2.64208	3.46887	0.697863	3.23866	5.34044	4.45365	2.73085	6.69485	2.5587	3.86037	3.5746	2.3972	0.346772	2.41384	1.65374	2.49143	2.61753	0.596044	3.24429	3.6194	3.73254</FloatingPoint>
				<FloatingPoint size="20">	0.799373	0.49817	0.988795	0.36264	0.756076	0.39305	0.721078	0.560604	0.800324	0.121068	0.794168	0.47437	0.952422	0.222247	0.80052	0.459712	0.958315	0.463853	0.885333	0.468387</FloatingPoint>
			</Individual>
			<Individual size="2">
				<FitnessMax value="3.26019"/>
				<FloatingPoint size="50">	2.67594	0.364734	3.54445	1.5959	2.28138	3.49504	0.890925	2.78092	4.23727	3.02388	2.33638	0.558112	2.56397	3.33274	3.71696	3.36152	0.546143	3.21878	5.23148	4.34669	3.24165	0.577795	3.43292	4.53036	4.47716	2.30519	0.405903	2.63835	1.78878	2.67841	3.46882	0.698003	3.23765	5.34053	4.48936	2.7736	0.359158	2.56969	3.82651	3.5751	2.39953	0.34995	2.43352	1.82289	2.52294	2.61731	0.605053	3.2493	3.61724	3.73269</FloatingPoint>
				<FloatingPoint size="20">	0.98647	0.377679	0.99843	0.290972	0.642877	0.235879	0.748366	0.433876	0.795087	0.282696	0.760702	0.37746	0.936937	0.431799	0.758238	0.304044	0.959764	0.62667	0.930834	0.556705</FloatingPoint>
			</Individual>
			<Individual size="2">
				<FitnessMax value="3.06449"/>
				<FloatingPoint size="50">	2.66497	0.367171	3.55361	1.59426	2.35442	3.49451	0.623606	2.76344	4.23761	3.0505	2.33747	0.558151	2.52007	3.33619	3.71147	3.41827	0.383187	2.9269	5.23214	4.34737	3.23776	0.57561	3.43766	4.58709	4.40999	2.34637	0.412425	2.6851	1.71945	2.64266	3.46887	0.697659	3.23864	5.34045	4.47004	2.7305	0.408569	2.55606	3.86021	3.57458	2.39742	0.347063	2.41021	1.66064	2.49827	2.61752	0.596119	3.24445	3.61943	3.73253</FloatingPoint>
				<FloatingPoint size="20">	0.799373	0.606144	0.988706	0.373414	0.761004	0.401584	0.726308	0.596346	0.798822	0.0824277	0.714983	0.72269	0.956639	0.356098	0.729169	0.439636	0.958358	0.00737845	0.883791	0.38055</FloatingPoint>
			</Individual>
			<Individual size="2">
				<FitnessMax value="3.05814"/>
				<FloatingPoint size="50">	2.66521	0.366593	3.55437	1.59441	2.40303	3.49692	0.757323	2.77151	4.2374	3.05068	2.41026	0.558153	2.52112	3.31207	3.7118	3.38613	0.397981	2.92534	5.23219	4.34715	3.23787	0.574938	3.4421	4.58073	4.42092	2.29133	0.411514	2.68174	1.73386	2.64642	3.43736	0.69802	3.23871	5.34046	4.48674	2.74419	0.399785	2.56221	3.86119	3.57464	2.39704	0.34751	2.40266	1.61168	2.508	2.61748	0.596228	3.24628	3.6197	3.73258</FloatingPoint>
				<FloatingPoint size="20">	0.799373	0.570752	0.951177	0.353316	0.793077	0.743608	0.726107	0.508199	0.798784	0.26956	0.78451	0.301486	0.956806	0.331616	0.730068	0.408244	0.958348	0.220845	0.879516	0.77226</FloatingPoint>
			</Individual>
			<Individual size="2">
				<FitnessMax value="2.93801"/>
				<FloatingPoint size="50">	2.66529	0.366487	3.55441	1.59441	2.35656	3.49693	0.763322	2.77176	4.23748	3.0509	2.33789	0.558153	2.52237	3.33532	3.71186	3.3854	0.398651	2.925	5.23225	4.34715	3.23787	0.574903	3.44174	4.57189	4.44292	2.30477	0.411443	2.67222	1.73527	2.65009	3.46887	0.698366	3.23872	5.34049	4.68626	2.74468	0.389324	2.56688	3.86117	3.57464	2.39695	0.348292	2.40441	1.62409	2.51503	2.61748	0.596292	3.24861	3.62	3.73258</FloatingPoint>
				<FloatingPoint size="20">	0.799373	0.468913	0.0291914	0.304057	0.762912	0.507159	0.725195	0.47995	0.798228	0.157474	0.755124	0.491077	0.954129	0.293649	0.750334	0.460588	0.958347	0.393995	0.876802	0.588111</FloatingPoint>
			</Individual>
			<Individual size="2">
				<FitnessMax value="3.06449"/>
				<FloatingPoint size="50">	2.66464	0.367202	3.55785	1.59423	2.35469	3.49422	0.648587	2.76181	4.23757	3.05042	2.3375	0.55815	2.51972	3.3364	3.71158	3.43521	0.378249	2.92705	5.23214	4.34732	3.23778	0.575525	3.43869	4.59761	4.40938	2.35802	0.413239	2.68984	1.7192	2.64208	3.46887	0.697863	3.23866	5.34044	4.45365	2.73202	0.410266	2.5587	3.86037	3.5746	2.3972	0.346772	2.41384	1.65374	2.49143	2.61753	0.596044	3.24429	3.6194	3.73254</FloatingPoint>
				<FloatingPoint size="20">	0.799372	0.333165	0.988706	0.373414	0.761004	0.401584	0.726308	0.481555	0.798822	0.0824277	0.714983	0.969846	0.956639	0.356098	0.729169	0.439636	0.958358	0.00737845	0.88019	0.714719</FloatingPoint>
			</Individual>
			<Individual size="2">
				<FitnessMax value="2.95756"/>
				<FloatingPoint size="50">	2.66529	0.367379	3.55561	1.5935	2.38794	3.49827	0.820974	2.78307	4.23758	3.02514	2.34185	0.558146	2.521	3.33573	3.71438	3.38169	0.417118	3.00993	5.23158	4.34762	3.23344	0.575539	3.43841	4.56713	4.44347	2.31283	0.408292	2.65248	1.71223	2.65231	3.46999	0.697245	3.23793	5.34045	4.49295	2.73778	0.399234	2.56178	3.82267	3.57389	2.3989	0.347267	2.41651	1.76233	2.51056	2.61759	0.602764	3.24901	3.60823	3.73246</FloatingPoint>
				<FloatingPoint size="20">	0.799373	0.198699	0.988602	0.351837	0.745885	0.3453	0.721165	0.574219	0.796763	0.117734	0.795636	0.85269	0.952398	0.389372	0.640266	0.876187	0.958383	0.493385	0.886777	0.463248</FloatingPoint>
			</Individual>
			<Individual size="2">
				<FitnessMax value="1.90389"/>
				<FloatingPoint size="50">	2.6649	0.366444	3.688	1.59448	2.35675	3.65532	0.764748	2.77371	4.2374	3.04983	2.33764	0.558159	2.52412	3.33902	3.71467	3.39955	0.402216	2.9483	5.23217	4.3471	3.24587	0.575251	3.43932	4.68538	4.43917	2.46603	0.410932	2.6837	1.72861	2.64835	3.46887	0.698131	3.23822	5.34045	4.49022	2.7428	0.3989	2.56072	3.86023	3.5747	2.39708	0.346934	2.405	1.644	2.49846	2.61749	0.596674	3.24932	3.61967	3.73257</FloatingPoint>
				<FloatingPoint size="20">	0.799373	0.606144	0.988706	0.373414	0.761004	0.401584	0.726308	0.481555	0.798822	0.0824277	0.195054	0.969846	0.956639	0.356098	0.729169	0.439636	0.450097	0.182518	0.88019	0.714719</FloatingPoint>
			</Individual>
			<Individual size="2">
				<FitnessMax value="3.05814"/>
				<FloatingPoint size="50">	2.66481	0.367079	3.37519	1.59425	2.35825	3.33726	0.722241	2.77017	4.23744	3.05025	2.33752	0.558152	2.52328	3.33983	3.71475	3.40208	0.395868	2.92597	5.23218	4.34716	3.24022	0.575237	3.44152	4.6542	4.43806	2.43133	0.411756	2.67342	1.7328	2.64957	3.46887	0.6981	3.23855	5.3404	4.61004	2.74412	0.393932	2.56463	3.86098	3.57471	2.39691	0.347073	2.41312	1.62982	2.48691	2.6175	0.596282	3.24742	3.61968	3.73256</FloatingPoint>
				<FloatingPoint size="20">	0.799368	0.313641	0.988711	0.268962	0.747062	0.457949	0.721585	0.572524	0.798893	0.316398	0.795636	0.598816	0.954188	0.388171	0.755357	0.499607	0.95835	0.444902	0.886801	0.358683</FloatingPoint>
			</Individual>
		</Deme>
	</Population>
</ECF>
