<?xml version="1.0" encoding="ISO-8859-1"?>
<ECF milestone="Mon Jun 18 16:46:56 2018
">
	<Registry>
		<Entry key="1FloatingPoint.dimension">20</Entry>
		<Entry key="1FloatingPoint.lbound">0</Entry>
		<Entry key="1FloatingPoint.ubound">1</Entry>
		<Entry key="FloatingPoint.dimension">50</Entry>
		<Entry key="FloatingPoint.lbound">0</Entry>
		<Entry key="FloatingPoint.ubound">6.99</Entry>
		<Entry key="SteadyStateTournament.tsize">3</Entry>
		<Entry key="batch.logfile_">*</Entry>
		<Entry key="batch.remaining_">0</Entry>
		<Entry key="batch.repeats">1</Entry>
		<Entry key="batch.singlemilestone">1</Entry>
		<Entry key="batch.statsfile">stats/ohlc_bitfinex_omgusd_86400_10_100_0.9_0.7.csv</Entry>
		<Entry key="data.balance">130.389</Entry>
		<Entry key="data.input">data/train/ohlc_bitfinex_omgusd_86400.csv</Entry>
		<Entry key="data.test">data/test/ohlc_bitfinex_omgusd_86400.csv</Entry>
		<Entry key="fuzzy.langvars">conf/ohlc_bitfinex_omgusd_86400.conf</Entry>
		<Entry key="fuzzy.numrules">10</Entry>
		<Entry key="fuzzy.threshold">0.7</Entry>
		<Entry key="log.frequency">10</Entry>
		<Entry key="log.level">3</Entry>
		<Entry key="milestone.elapsedtime_">195</Entry>
		<Entry key="milestone.filename">milestones/ohlc_bitfinex_omgusd_86400_10_100_0.9_0.7.txt</Entry>
		<Entry key="milestone.generation_">2999</Entry>
		<Entry key="mutation.indprob">0.9</Entry>
		<Entry key="operator.logfile">log/ohlc_bitfinex_omgusd_86400_10_100_0.9_0.7.csv</Entry>
		<Entry key="population.size">100</Entry>
		<Entry key="term.eval">300000</Entry>
		<Entry key="term.maxtime">1800</Entry>
	</Registry>
	<Population size="1">
		<HallOfFame size="1">
			<Individual size="2" gen="2994">
				<FitnessMax value="2.85825"/>
				<FloatingPoint size="50">	3.19387	0.661064	3.65757	4.82516	3.60878	3.43232	0.667883	3.43215	2.17638	3.04906	4.60975	0.729566	3.88786	5.64105	4.65266	3.88578	0.642241	3.61004	1.18662	3.44795	3.5456	1.25856	3.82548	4.29143	3.39817	3.98647	0.737155	4.23749	4.16799	3.97217	3.63302	1.50345	3.67539	1.72919	2.62797	3.62879	1.8112	3.49167	2.1765	3.91885	3.50465	0.628202	3.39058	1.85083	2.32133	3.57913	0.492902	3.42901	3.61798	3.54685</FloatingPoint>
				<FloatingPoint size="20">	0.861767	0.856044	0.529593	0.949002	0.493179	0.953465	0.841496	0.929818	0.33811	0.81141	0.24068	0.892584	0.896359	0.979681	0.485857	0.947852	0.315511	0.701963	0.929811	0.321215</FloatingPoint>
			</Individual>
		</HallOfFame>
		<Deme size="100">
			<HallOfFame size="1">
				<Individual size="2" gen="2994">
					<FitnessMax value="2.85825"/>
					<FloatingPoint size="50">	3.19387	0.661064	3.65757	4.82516	3.60878	3.43232	0.667883	3.43215	2.17638	3.04906	4.60975	0.729566	3.88786	5.64105	4.65266	3.88578	0.642241	3.61004	1.18662	3.44795	3.5456	1.25856	3.82548	4.29143	3.39817	3.98647	0.737155	4.23749	4.16799	3.97217	3.63302	1.50345	3.67539	1.72919	2.62797	3.62879	1.8112	3.49167	2.1765	3.91885	3.50465	0.628202	3.39058	1.85083	2.32133	3.57913	0.492902	3.42901	3.61798	3.54685</FloatingPoint>
					<FloatingPoint size="20">	0.861767	0.856044	0.529593	0.949002	0.493179	0.953465	0.841496	0.929818	0.33811	0.81141	0.24068	0.892584	0.896359	0.979681	0.485857	0.947852	0.315511	0.701963	0.929811	0.321215</FloatingPoint>
				</Individual>
			</HallOfFame>
			<Individual size="2">
				<FitnessMax value="2.82646"/>
				<FloatingPoint size="50">	3.19733	0.661055	3.65757	4.82512	3.64443	3.43458	0.667869	3.4303	2.17604	3.09268	4.54075	1.12456	3.88771	5.46201	4.65223	3.88451	0.642241	3.73756	1.18649	3.44795	3.54551	1.26145	3.85169	4.29141	3.44651	3.98657	0.732903	4.23738	4.16673	3.99089	3.62841	1.50345	3.67539	1.70804	2.75021	3.22411	3.79809	3.30418	2.39781	3.74172	3.50427	0.638471	3.39512	1.80514	2.32125	3.67365	0.488669	3.42684	3.61798	3.55069</FloatingPoint>
				<FloatingPoint size="20">	0.861767	0.856044	0.529593	0.949002	0.462111	0.953465	0.911093	0.930038	0.340919	0.81141	0.23663	0.892539	0.859162	0.979681	0.478946	0.97351	0.31249	0.701963	0.927946	0.3161</FloatingPoint>
			</Individual>
			<Individual size="2">
				<FitnessMax value="2.82646"/>
				<FloatingPoint size="50">	3.21718	0.661057	3.65757	4.82511	3.65976	3.43919	0.667867	3.47477	2.71169	3.06367	4.50151	1.27643	3.88781	5.62064	4.65199	3.88495	0.642241	3.79542	1.18647	3.44795	3.54559	1.26231	3.85342	4.29141	3.44018	3.98667	0.73497	4.23736	4.16664	3.99269	3.6263	1.50345	3.67539	1.72752	2.79037	3.5506	3.96839	3.17646	2.22941	3.97662	3.50412	0.649367	3.39241	1.8039	2.32117	3.58939	0.487359	3.42654	3.6181	3.54754</FloatingPoint>
				<FloatingPoint size="20">	0.861767	0.857154	0.529692	0.949002	0.443495	0.953465	0.480205	0.930158	0.32738	0.798782	0.288458	0.89252	0.86768	0.979681	0.250482	0.342829	0.301643	0.701963	0.924203	0.273127</FloatingPoint>
			</Individual>
			<Individual size="2">
				<FitnessMax value="2.85564"/>
				<FloatingPoint size="50">	3.19387	0.661064	3.65757	4.82516	3.60878	3.43232	0.667883	3.43215	2.17638	3.04906	4.60975	0.729566	3.88786	5.64105	4.65266	3.88578	0.642241	3.61004	1.18662	3.44795	3.5456	1.25856	3.82548	4.29143	3.39817	3.98647	0.737155	4.23749	4.16799	3.97217	3.63302	1.50345	3.67539	1.72919	2.62797	3.62879	1.8112	3.49167	2.1765	3.91885	3.50465	0.628202	3.39058	1.85083	2.32133	3.57913	0.492902	3.42901	3.61798	3.54685</FloatingPoint>
				<FloatingPoint size="20">	0.861767	0.856857	0.537802	0.949002	0.356768	0.953465	0.578892	0.92868	0.336477	0.81141	0.267093	0.891803	0.800164	0.979681	0.373865	0.692413	0.303438	0.701963	0.928878	0.335014</FloatingPoint>
			</Individual>
			<Individual size="2">
				<FitnessMax value="2.82646"/>
				<FloatingPoint size="50">	3.21195	0.661051	3.64813	4.8251	3.65073	3.43369	0.667871	3.58552	2.17604	3.07264	4.52822	1.38158	3.88778	5.63838	4.60983	3.88512	0.642241	3.71178	1.18668	3.44795	3.54542	1.26023	3.85131	4.29141	3.4334	3.98667	0.735373	4.23737	4.16663	3.99243	3.62854	1.50345	3.67539	1.71996	2.69169	2.10913	3.98752	3.81077	2.22871	3.85521	3.34576	0.641819	3.45108	1.79904	2.32107	3.59002	0.486481	3.42657	3.61797	3.55241</FloatingPoint>
				<FloatingPoint size="20">	0.861767	0.856044	0.529593	0.949002	0.462111	0.953465	0.510646	0.930038	0.340919	0.81141	0.23663	0.892539	0.409447	0.979681	0.424212	0.535986	0.638916	0.701963	0.927946	0.3161</FloatingPoint>
			</Individual>
			<Individual size="2">
				<FitnessMax value="2.82646"/>
				<FloatingPoint size="50">	3.19387	0.661063	3.65757	4.8251	3.63356	3.43311	0.667876	3.43042	2.17612	3.04903	4.60972	1.11602	3.88786	5.64105	4.33768	3.88577	0.642241	3.65584	1.18662	3.44795	3.54559	1.2605	3.84676	4.29143	3.43659	3.98664	0.737043	4.23745	4.16754	3.97651	3.62646	1.50345	3.67539	1.72821	2.7327	3.58799	3.92295	6.59774	2.17886	1.29528	3.50455	0.63665	3.39146	1.82391	2.32124	3.5862	0.49117	3.42666	3.61798	3.54952</FloatingPoint>
				<FloatingPoint size="20">	0.861767	0.856615	0.536531	0.949002	0.460901	0.983448	0.339306	0.928632	0.338676	0.812295	0.284092	0.890179	0.754928	0.979681	0.330899	0.576756	0.287743	0.702823	0.927893	0.320608</FloatingPoint>
			</Individual>
			<Individual size="2">
				<FitnessMax value="2.82646"/>
				<FloatingPoint size="50">	3.19387	0.128678	3.65757	4.82511	3.65553	3.7231	0.667871	3.43002	2.17605	3.049	4.41548	1.431	3.88786	5.58705	4.65201	3.88437	0.642241	3.76558	1.18648	3.44795	3.54559	1.26152	3.85334	4.29141	3.43991	3.98667	0.736249	4.23737	4.16659	3.99286	3.6276	1.50345	3.67539	1.72782	2.76094	3.5635	4.06612	4.10918	2.23462	3.80741	3.50416	0.651665	3.39209	1.79863	2.32106	3.5867	0.486132	3.42623	3.61797	3.54392</FloatingPoint>
				<FloatingPoint size="20">	0.861767	0.856044	0.529593	0.949002	0.532286	0.953465	0.841496	0.929818	0.33811	0.81141	0.24068	0.892584	0.896359	0.979681	0.485857	0.947852	0.315511	0.701963	0.929811	0.321215</FloatingPoint>
			</Individual>
			<Individual size="2">
				<FitnessMax value="2.17018"/>
				<FloatingPoint size="50">	3.20711	0.661056	3.65757	4.82514	3.66322	3.44166	0.667866	3.42892	2.71969	3.23965	4.60969	1.14747	3.88763	5.62331	4.65196	3.88542	0.642241	3.82682	1.18642	3.44795	3.54553	1.26242	3.85351	4.29141	3.44715	3.98666	0.734504	4.23736	4.16677	3.99355	3.62584	1.50345	3.67539	1.72015	2.79324	3.54643	3.89026	6.82684	2.22764	4.06833	3.50412	0.642557	3.39532	1.80419	2.32121	3.58941	0.488486	3.42661	3.61797	3.55475</FloatingPoint>
				<FloatingPoint size="20">	0.861767	0.857669	0.529593	0.949002	0.445778	0.921365	0.805672	0.927543	0.322878	0.743545	0.250692	0.345392	0.881621	0.979681	0.464417	0.531149	0.130798	0.701963	0.927946	0.301795</FloatingPoint>
			</Individual>
			<Individual size="2">
				<FitnessMax value="2.57465"/>
				<FloatingPoint size="50">	3.19342	0.661113	3.6581	4.82514	3.59429	3.43145	0.667877	3.40911	1.90642	3.05434	4.52707	1.38896	3.88801	5.63657	4.65304	3.88569	0.642241	3.34518	1.18663	3.44339	3.5456	1.25825	3.82193	4.29144	3.42132	3.98652	0.737222	4.23717	4.16722	3.97826	3.62896	1.50345	3.67539	1.72138	2.69065	3.09721	2.31783	3.90806	3.00133	3.89674	3.50467	0.624229	3.39424	1.81536	2.32122	3.58387	0.489955	3.42919	3.61798	3.55103</FloatingPoint>
				<FloatingPoint size="20">	0.861767	0.856857	0.336866	0.949002	0.356768	0.953465	0.578892	0.92868	0.336477	0.81141	0.267093	0.891803	0.800164	0.979681	0.373865	0.692413	0.303438	0.701963	0.928878	0.335014</FloatingPoint>
			</Individual>
			<Individual size="2">
				<FitnessMax value="2.83325"/>
				<FloatingPoint size="50">	3.21195	0.661055	3.65757	4.82511	3.65081	3.43409	0.667871	3.42999	2.1731	3.04936	4.60971	1.07283	3.8873	5.5524	4.65206	3.88455	0.642241	3.74399	1.18645	3.44795	3.54538	1.26174	3.84736	4.29141	3.45829	3.98664	0.733486	4.23737	4.16668	3.99059	3.62627	1.50345	3.67539	1.70255	2.74725	3.69418	4.02909	1.55781	2.20209	3.579	3.50876	0.643372	3.39688	1.44247	2.3212	3.58676	0.484068	3.42664	3.61797	3.55452</FloatingPoint>
				<FloatingPoint size="20">	0.861767	0.857077	0.53096	0.949002	0.38065	0.953465	0.157984	0.925491	0.350532	0.81829	0.278694	0.88958	0.942934	0.979681	0.397096	0.679354	0.184719	0.701963	0.8876	0.307649</FloatingPoint>
			</Individual>
			<Individual size="2">
				<FitnessMax value="2.85564"/>
				<FloatingPoint size="50">	3.19387	0.661064	3.65757	4.82516	3.60878	3.43232	0.667883	3.43215	2.17638	3.04906	4.60975	0.729566	3.88786	5.64105	4.65266	3.88578	0.642241	3.61004	1.18662	3.44795	3.5456	1.25856	3.82548	4.29143	3.39817	3.98647	0.737155	4.23749	4.16799	3.97217	3.63302	1.50345	3.67539	1.72919	2.62797	3.62879	1.8112	3.49167	2.1765	3.91885	3.50465	0.628202	3.39058	1.85083	2.32133	3.57913	0.492902	3.42901	3.61798	3.54685</FloatingPoint>
				<FloatingPoint size="20">	0.861767	0.857669	0.530031	0.949002	0.530803	0.953465	0.486202	0.928655	0.323774	0.81141	0.340709	0.892964	0.754738	0.979681	0.394676	0.476648	0.304987	0.701963	0.929117	0.348609</FloatingPoint>
			</Individual>
			<Individual size="2">
				<FitnessMax value="2.85564"/>
				<FloatingPoint size="50">	3.19386	0.661064	3.65757	4.82516	3.60878	3.43232	0.667883	3.43215	2.17638	3.0499	4.60976	0.729502	3.88786	5.64104	4.65266	3.88578	0.642241	3.60998	1.18662	3.44795	3.5456	1.25856	3.82548	4.29143	3.39818	3.98647	0.737155	4.23749	4.16799	3.97217	3.63302	1.50345	3.67539	1.72919	2.62794	3.62878	1.81088	3.49154	2.17648	3.91913	3.50465	0.628199	3.39057	1.85084	2.32133	3.84652	0.492903	3.42901	3.61791	3.54411</FloatingPoint>
				<FloatingPoint size="20">	0.861767	0.857573	0.531841	0.949002	0.564078	0.953465	0.320466	0.939309	0.32743	0.81141	0.292621	0.892955	0.816806	0.979681	0.333729	0.543864	0.318108	0.701963	0.925656	0.321452</FloatingPoint>
			</Individual>
			<Individual size="2">
				<FitnessMax value="2.85564"/>
				<FloatingPoint size="50">	3.19387	0.661064	3.65757	4.82516	3.60878	3.43232	0.667883	3.43215	2.17638	3.04906	4.60975	0.729566	3.88786	5.64105	4.65266	3.88578	0.642241	3.61004	1.18662	3.44795	3.5456	1.25856	3.82548	4.29143	3.39817	3.98647	0.737155	4.23749	4.16799	3.97217	3.63302	1.50345	3.67539	1.72919	2.62797	3.62879	1.8112	3.49167	2.1765	3.91885	3.50465	0.628202	3.39058	1.85083	2.32133	3.57913	0.492902	3.42901	3.61798	3.54685</FloatingPoint>
				<FloatingPoint size="20">	0.861767	0.856857	0.537802	0.949002	0.38204	0.953465	0.882813	0.92868	0.336477	0.81141	0.267093	0.891803	0.800164	0.979681	0.373865	0.692413	0.303438	0.701963	0.928878	0.335014</FloatingPoint>
			</Individual>
			<Individual size="2">
				<FitnessMax value="2.73584"/>
				<FloatingPoint size="50">	3.20753	0.661064	3.65757	4.82516	3.60878	3.43232	0.667883	3.43215	2.17638	3.04906	4.60975	0.729566	3.88786	5.64105	4.65266	3.88578	0.965843	3.61004	1.18662	3.44795	3.5456	1.25856	3.82548	4.29143	3.39817	3.98647	0.737155	4.23749	4.16799	3.97217	3.63302	1.50345	3.67539	1.72919	2.62797	3.62879	1.8112	3.49167	2.1765	3.91885	3.50465	0.628202	3.39058	1.85083	2.32133	3.77661	0.492902	3.51702	3.61798	3.54685</FloatingPoint>
				<FloatingPoint size="20">	0.861767	0.85746	0.535703	0.949002	0.458231	0.953465	0.488011	0.926928	0.341973	0.81203	0.246359	0.867798	0.866031	0.980655	0.352898	0.413341	0.305968	0.701939	0.927995	0.297744</FloatingPoint>
			</Individual>
			<Individual size="2">
				<FitnessMax value="2.83083"/>
				<FloatingPoint size="50">	3.19387	0.661064	3.65757	4.82517	3.60622	3.43227	0.667884	3.41238	2.1764	3.04907	4.6204	0.691094	3.88786	5.64401	4.65269	3.88586	0.642241	3.60151	1.18663	3.44795	3.5456	1.2584	3.82395	4.29143	3.42037	3.98654	0.736626	4.23742	4.16728	3.98432	3.62899	1.50345	3.67539	1.72119	2.72235	3.12836	2.83759	3.26397	2.21118	3.91744	3.50433	0.638107	3.39431	1.81952	2.32125	3.62269	0.489178	3.42751	3.61797	3.55138</FloatingPoint>
				<FloatingPoint size="20">	0.861767	0.857669	0.530031	0.949002	0.530803	0.953465	0.486202	0.92813	0.322355	0.81141	0.340709	0.892627	0.89194	0.979681	0.389443	0.953042	0.304987	0.701963	0.929117	0.276421</FloatingPoint>
			</Individual>
			<Individual size="2">
				<FitnessMax value="1.97133"/>
				<FloatingPoint size="50">	3.19669	0.661061	3.65757	4.82514	3.64754	3.43327	0.667875	3.43114	2.17608	3.04729	4.60756	1.13128	3.8878	5.59757	4.5805	3.88566	0.642241	3.73555	1.18652	3.44795	3.54554	1.25929	3.83476	4.29143	3.42077	3.9865	0.734497	4.23745	4.16684	3.99227	3.62982	1.50345	3.67539	1.7285	2.67601	3.61245	2.91591	3.4472	2.17955	3.67028	3.50451	0.644049	3.393	1.83775	2.32128	3.62605	0.489425	3.42779	3.67263	3.54686</FloatingPoint>
				<FloatingPoint size="20">	0.861767	0.857373	0.530276	0.949002	0.377752	0.682153	0.277117	0.926517	0.336705	0.826051	0.281795	0.328174	0.956029	0.979681	0.420904	0.587935	0.239272	0.701963	0.907773	0.323457</FloatingPoint>
			</Individual>
			<Individual size="2">
				<FitnessMax value="2.83325"/>
				<FloatingPoint size="50">	3.19733	0.661058	3.65757	4.82513	3.65498	3.43576	0.667879	3.4354	2.17603	3.04902	4.66445	1.42357	3.49443	5.58222	4.65309	3.88445	0.642241	3.67265	1.1865	3.44795	3.5456	1.25879	3.8532	4.29141	3.43989	3.98661	0.733261	4.23736	4.1663	3.99484	3.62864	1.50345	3.5795	1.72767	2.79865	3.90138	4.10507	3.53424	2.27429	4.02123	3.5041	0.642871	3.39197	1.80975	2.32133	3.58712	0.486155	3.42877	3.61797	3.54795</FloatingPoint>
				<FloatingPoint size="20">	0.861767	0.857077	0.53096	0.949002	0.38065	0.953465	0.157984	0.925491	0.350532	0.81829	0.278694	0.88958	0.942934	0.979681	0.397096	0.679354	0.184719	0.701963	0.884564	0.302646</FloatingPoint>
			</Individual>
			<Individual size="2">
				<FitnessMax value="2.85564"/>
				<FloatingPoint size="50">	3.19387	0.661064	3.65757	4.82516	3.60878	3.43232	0.667883	3.43215	2.17638	3.04906	4.60975	0.729566	3.88786	5.64105	4.65266	3.88578	0.642241	3.61004	1.18662	3.44795	3.5456	1.25856	3.82548	4.29143	3.39817	3.98647	0.737155	4.23749	4.16799	3.97217	3.63302	1.50345	3.67539	1.72919	2.62797	3.62879	1.8112	3.49167	2.1765	3.91885	3.50465	0.628202	3.39058	1.85083	2.32133	3.57913	0.492902	3.42901	3.61798	3.54685</FloatingPoint>
				<FloatingPoint size="20">	0.861767	0.857119	0.529655	0.949002	0.654637	0.953465	0.334718	0.928257	0.322469	0.81141	0.296895	0.892654	0.897173	0.979681	0.405417	0.587068	0.351207	0.701963	0.933114	0.300755</FloatingPoint>
			</Individual>
			<Individual size="2">
				<FitnessMax value="2.73584"/>
				<FloatingPoint size="50">	3.20753	0.661064	3.65757	4.82516	3.60878	3.43232	0.667883	3.43215	2.17638	3.04906	4.60975	0.729566	3.88786	5.64105	4.6532	3.88449	0.642241	3.57465	1.18651	3.44795	3.54573	1.2586	3.85311	4.29141	3.43956	3.9866	0.733008	4.23735	4.16624	3.99608	3.62982	1.50345	3.47375	1.72747	2.80427	4.2314	4.13394	2.16961	2.30981	4.04761	3.50408	0.638622	3.39177	1.82557	2.3214	3.58746	0.486445	3.42929	3.61797	3.55029</FloatingPoint>
				<FloatingPoint size="20">	0.861767	0.857032	0.529673	0.949002	0.457196	0.953465	0.48017	0.928154	0.322598	0.81141	0.259074	0.904	0.947151	0.979681	0.599734	0.551378	0.305735	0.701963	0.92819	0.291803</FloatingPoint>
			</Individual>
			<Individual size="2">
				<FitnessMax value="2.85825"/>
				<FloatingPoint size="50">	3.19387	0.661064	3.65757	4.82516	3.60878	3.43232	0.667883	3.43215	2.17638	3.04906	4.60975	0.729566	3.88786	5.64105	4.65266	3.88578	0.642241	3.61004	1.18662	3.44795	3.5456	1.25856	3.82548	4.29143	3.39817	3.98647	0.737155	4.23749	4.16799	3.97217	3.63302	1.50345	3.67539	1.72919	2.62797	3.62879	1.8112	3.49167	2.1765	3.91885	3.50465	0.628202	3.39058	1.85083	2.32133	3.57913	0.492902	3.42901	3.61798	3.54685</FloatingPoint>
				<FloatingPoint size="20">	0.861767	0.856044	0.529593	0.949002	0.493179	0.953465	0.841496	0.929818	0.33811	0.81141	0.24068	0.892584	0.896359	0.979681	0.485857	0.947852	0.315511	0.701963	0.929811	0.321215</FloatingPoint>
			</Individual>
			<Individual size="2">
				<FitnessMax value="2.07636"/>
				<FloatingPoint size="50">	3.19492	0.204688	3.65757	4.82513	3.6388	3.58801	0.667877	3.43097	2.17611	3.04914	4.58837	0.981329	3.88786	5.6309	4.65227	3.88446	0.642241	3.66716	1.18659	3.44795	3.54559	1.65671	3.83659	4.29142	3.40797	3.98659	0.736658	4.2374	4.1671	3.98009	3.62829	1.50345	3.67539	1.72803	2.689	3.5712	2.67322	4.08913	2.20949	3.8967	3.50454	0.644104	3.39142	1.8464	2.3211	3.74736	0.492751	3.42737	3.61797	3.54616</FloatingPoint>
				<FloatingPoint size="20">	0.861767	0.857669	0.530031	0.949002	0.530803	0.953465	0.486202	0.928655	0.323774	0.81141	0.340709	0.892964	0.754738	0.0185071	0.394676	0.476648	0.304987	0.701963	0.929117	0.348609</FloatingPoint>
			</Individual>
			<Individual size="2">
				<FitnessMax value="2.42036"/>
				<FloatingPoint size="50">	3.19669	0.661061	3.65757	4.82514	3.64754	3.43327	0.667875	3.43114	2.17608	3.04729	4.60756	1.13128	3.8878	5.59757	4.5805	3.88566	0.642241	3.73555	1.18652	3.44795	5.54318	1.25929	3.83476	4.29143	3.42077	3.9865	0.734497	4.23745	4.16799	3.97217	3.63302	1.50345	3.67539	1.72919	2.62797	3.62879	1.8112	3.49167	2.1765	3.91885	3.50465	0.628202	3.39058	1.85083	2.32133	3.57913	0.492902	3.42901	3.61798	3.54685</FloatingPoint>
				<FloatingPoint size="20">	0.861767	0.856044	0.529593	0.949002	0.493179	0.953465	0.841496	0.929818	0.33811	0.811966	0.24068	0.892584	0.896359	0.979681	0.485857	0.947852	0.315511	0.701963	0.929811	0.321215</FloatingPoint>
			</Individual>
			<Individual size="2">
				<FitnessMax value="2.83083"/>
				<FloatingPoint size="50">	3.19416	0.661062	3.65757	4.82511	3.63835	3.4326	0.667876	3.4308	2.17613	3.05968	4.60972	0.932001	3.88778	5.61915	4.5174	3.8857	0.642241	3.74601	1.18653	3.44795	3.54557	1.25861	3.83266	4.29142	3.40948	3.98655	0.733784	4.23745	4.16704	3.97394	3.63241	1.50345	3.67539	1.72384	2.72297	3.59339	2.36753	3.15839	2.1817	3.88111	3.50465	0.629204	3.39628	1.81164	2.32127	3.73615	0.491673	3.42849	3.61798	3.55119</FloatingPoint>
				<FloatingPoint size="20">	0.861767	0.857594	0.529766	0.949002	0.375589	0.953465	0.64694	0.928404	0.326382	0.812282	0.303629	0.892609	0.965806	0.979681	0.809179	0.985745	0.279374	0.701963	0.922448	0.313934</FloatingPoint>
			</Individual>
			<Individual size="2">
				<FitnessMax value="1.47557"/>
				<FloatingPoint size="50">	3.19668	0.661056	6.85469	4.8252	3.6238	3.43531	0.667883	3.41906	2.17632	3.04903	4.59597	0.804626	3.39014	5.67516	4.65271	3.88588	0.642241	3.58418	1.18651	3.44795	3.54559	1.25856	3.82186	4.29143	3.43061	3.98657	0.733339	4.23745	4.17224	3.95937	3.63251	1.50345	3.47064	1.72749	2.62926	3.47927	1.78451	2.30817	2.31951	4.02069	3.50389	0.627478	3.39226	1.84344	2.3214	3.58566	0.486503	3.42904	3.61798	3.37894</FloatingPoint>
				<FloatingPoint size="20">	0.861767	0.85622	0.529679	0.949002	0.443717	0.953465	0.557017	0.929966	0.3313	0.811852	0.284307	0.892642	0.574485	0.979681	0.406265	0.535903	0.469363	0.701963	0.927946	0.316032</FloatingPoint>
			</Individual>
			<Individual size="2">
				<FitnessMax value="2.82646"/>
				<FloatingPoint size="50">	3.23166	0.0685104	3.65757	4.82513	3.63675	3.59343	0.667859	3.42973	2.17611	3.06389	4.40836	1.05454	3.88786	5.59584	4.64589	3.88486	0.642241	3.79831	1.1866	3.44795	3.5456	1.61531	3.83745	4.29142	3.41045	3.98658	0.727493	4.23741	4.16713	3.93632	3.62499	1.50345	3.67539	1.72967	2.77243	3.5222	2.4857	2.88834	2.23011	3.98852	3.5044	0.643535	3.3929	1.82964	2.32137	3.52189	0.488912	3.42673	3.6026	3.54523</FloatingPoint>
				<FloatingPoint size="20">	0.861767	0.856519	0.537846	0.949002	0.457043	0.991237	0.375891	0.928555	0.338957	0.81141	0.285493	0.891367	0.793636	0.979681	0.292747	0.60671	0.292071	0.701963	0.927946	0.324719</FloatingPoint>
			</Individual>
			<Individual size="2">
				<FitnessMax value="2.85564"/>
				<FloatingPoint size="50">	3.19387	0.661064	3.65757	4.82516	3.60878	3.43232	0.667883	3.43215	2.17638	3.04906	4.60975	0.729566	3.88786	5.64105	4.65266	3.88578	0.642241	3.61004	1.18662	3.44795	3.5456	1.25856	3.82548	4.29143	3.39817	3.98647	0.737155	4.23749	4.16799	3.97217	3.63302	1.50345	3.67539	1.72919	2.62797	3.62879	1.8112	3.49167	2.1765	3.91885	3.50465	0.628202	3.39058	1.85083	2.32133	3.57913	0.492902	3.42901	3.61798	3.54685</FloatingPoint>
				<FloatingPoint size="20">	0.861767	0.856857	0.529593	0.949002	0.793877	0.953465	0.315964	0.92879	0.324982	0.81141	0.259614	0.892794	0.914143	0.979681	0.490795	0.609164	0.492846	0.701963	0.938529	0.345124</FloatingPoint>
			</Individual>
			<Individual size="2">
				<FitnessMax value="2.85564"/>
				<FloatingPoint size="50">	3.19387	0.661064	3.65757	4.82516	3.60878	3.43232	0.667883	3.43215	2.17638	3.04906	4.60975	0.729566	3.88786	5.64105	4.65266	3.88578	0.642241	3.61004	1.18662	3.44795	3.5456	1.25856	3.82548	4.29143	3.39817	3.98647	0.737155	4.23749	4.16799	3.97217	3.63302	1.50345	3.67539	1.72919	2.62797	3.62879	1.8112	3.49167	2.1765	3.91885	3.50465	0.628202	3.39058	1.85083	2.32133	3.57913	0.492902	3.42901	3.61798	3.54685</FloatingPoint>
				<FloatingPoint size="20">	0.861767	0.85659	0.530036	0.949002	0.310449	0.953465	0.714558	0.928655	0.323774	0.81141	0.293461	0.892964	0.754738	0.979681	0.394676	0.508608	0.382183	0.701963	0.928096	0.348609</FloatingPoint>
			</Individual>
			<Individual size="2">
				<FitnessMax value="2.85564"/>
				<FloatingPoint size="50">	3.19387	0.661064	3.65757	4.82516	3.60878	3.43232	0.667883	3.43215	2.17638	3.04963	4.60975	0.72952	3.88786	5.64104	4.65266	3.88578	0.642241	3.61003	1.18662	3.44795	3.5456	1.25856	3.82548	4.29143	3.39817	3.98647	0.737155	4.23749	4.16799	3.97217	3.63302	1.50345	3.67539	1.72919	2.62797	3.62879	1.81105	3.49167	2.17649	3.91885	3.50465	0.628202	3.39058	1.85083	2.32133	3.68836	0.492902	3.42901	3.61798	3.54685</FloatingPoint>
				<FloatingPoint size="20">	0.861767	0.857542	0.531459	0.949002	0.374284	0.953465	0.329458	0.927912	0.335965	0.81188	0.298833	0.869567	0.826591	0.979738	0.134952	0.503786	0.276531	0.702029	0.927952	0.319348</FloatingPoint>
			</Individual>
			<Individual size="2">
				<FitnessMax value="2.27244"/>
				<FloatingPoint size="50">	3.19386	0.661064	3.65757	4.82516	3.60878	3.43232	0.667883	3.43378	2.17638	3.0499	4.60976	0.729502	3.88786	5.64104	4.65266	3.88578	0.642241	3.60998	1.18662	3.44795	3.5456	2.98097	3.82548	4.29143	3.39818	3.98647	0.737155	4.23749	4.16799	3.97217	3.63302	1.50345	3.67539	1.72919	2.62794	3.62878	1.81088	3.49154	2.17648	3.91913	3.50465	0.628199	3.39057	1.85084	2.32133	3.84652	0.492903	3.42901	3.61791	3.54685</FloatingPoint>
				<FloatingPoint size="20">	0.861767	0.856857	0.537802	0.949002	0.356768	0.953465	0.489761	0.92868	0.336477	0.81141	0.267093	0.891803	0.800164	0.979681	0.373865	0.692413	0.303438	0.701963	0.928878	0.335014</FloatingPoint>
			</Individual>
			<Individual size="2">
				<FitnessMax value="2.80907"/>
				<FloatingPoint size="50">	3.19356	0.661069	3.65784	4.82519	3.65495	3.43153	0.667861	3.43408	2.10839	3.05701	4.52931	1.42658	3.8873	5.61724	4.66339	3.88551	0.642225	3.82462	1.18644	3.42978	3.54576	1.26016	3.85153	4.29141	3.43355	3.98666	0.73751	4.23742	4.16647	3.99414	3.63707	1.50345	3.67539	1.70428	2.5293	2.84919	4.18537	4.25659	4.03704	3.04089	3.50431	0.620279	3.38608	1.87911	2.32118	3.57121	0.491254	3.43036	3.61798	3.55571</FloatingPoint>
				<FloatingPoint size="20">	0.861767	0.856468	0.529791	0.949002	0.230911	0.953465	0.802335	0.928747	0.324076	0.81141	0.292667	0.893036	0.721822	0.979681	0.392194	0.490477	0.389341	0.701963	0.926936	0.359667</FloatingPoint>
			</Individual>
			<Individual size="2">
				<FitnessMax value="2.85564"/>
				<FloatingPoint size="50">	3.20753	0.661064	3.65757	4.82516	3.60878	3.43232	0.667883	3.43215	2.17638	3.04906	4.60975	0.729566	3.88786	5.64105	4.65266	3.88578	0.642241	3.61004	1.18662	3.44795	3.5456	1.25856	3.82548	4.29143	3.39817	3.98647	0.737155	4.23749	4.16799	3.97217	3.63302	1.50345	3.67539	1.72919	2.62797	3.62879	1.8112	3.49167	2.1765	3.91885	3.50465	0.628202	3.39058	1.85083	2.32133	3.77661	0.492902	3.51702	3.61798	3.54685</FloatingPoint>
				<FloatingPoint size="20">	0.861767	0.857184	0.530279	0.949002	0.487081	0.953465	0.435516	0.931273	0.340782	0.81141	0.268454	0.892813	0.910706	0.979681	0.525358	0.540144	0.309195	0.701963	0.92812	0.303665</FloatingPoint>
			</Individual>
			<Individual size="2">
				<FitnessMax value="2.85564"/>
				<FloatingPoint size="50">	3.19387	0.661064	3.65757	4.82516	3.60878	3.43232	0.667883	3.43215	2.17638	3.04906	4.60975	0.729566	3.88786	5.64105	4.65266	3.88578	0.642241	3.61004	1.18662	3.44795	3.5456	1.25856	3.82548	4.29143	3.39817	3.98647	0.737155	4.23749	4.16799	3.97217	3.63302	1.50345	3.67539	1.72919	2.62797	3.62879	1.8112	3.49167	2.1765	3.91885	3.50465	0.628202	3.39058	1.85083	2.32133	3.57913	0.492902	3.42901	3.61798	3.54685</FloatingPoint>
				<FloatingPoint size="20">	0.861767	0.856857	0.537802	0.949002	0.356768	0.953465	0.578892	0.92868	0.336477	0.81141	0.267093	0.891803	0.800164	0.979681	0.373865	0.692413	0.303438	0.701963	0.928878	0.335014</FloatingPoint>
			</Individual>
			<Individual size="2">
				<FitnessMax value="1.51179"/>
				<FloatingPoint size="50">	3.19416	0.661062	3.65757	4.82511	3.63835	3.4326	0.667876	3.4308	2.17613	3.05968	4.60972	0.932001	3.88778	5.61915	4.5174	3.8857	0.642241	3.74601	1.18653	3.44795	3.54557	1.25861	3.83266	4.29142	3.40948	3.98655	0.733784	4.23745	4.16704	3.97394	3.63241	1.50345	3.67539	1.72384	2.72297	3.59339	2.36753	3.15839	2.1817	3.88111	3.50465	0.629204	3.39628	1.81164	2.32127	3.73615	6.73529	3.42849	3.61798	3.55119</FloatingPoint>
				<FloatingPoint size="20">	0.861767	0.857119	0.529655	0.949002	0.654637	0.953465	0.334718	0.928257	0.322469	0.81141	0.296895	0.892654	0.897173	0.979681	0.405417	0.587068	0.342589	0.701963	0.933114	0.300755</FloatingPoint>
			</Individual>
			<Individual size="2">
				<FitnessMax value="1.98664"/>
				<FloatingPoint size="50">	3.19372	0.661066	3.65771	4.82518	3.63187	3.43192	0.667872	3.43312	2.14239	3.05304	4.56953	1.07807	3.88758	5.62914	4.65803	3.88565	0.642233	3.71733	1.18653	3.43887	3.54568	1.25936	3.8385	4.29142	3.41586	3.98657	0.737333	4.23746	4.16723	3.98315	3.63505	1.50345	3.67539	1.71674	2.57864	3.23899	2.99829	3.59442	3.10677	3.47987	3.50448	0.624241	3.38833	1.86497	2.32126	3.57517	0.492078	3.42968	3.61798	3.55128</FloatingPoint>
				<FloatingPoint size="20">	0.861767	0.857619	0.529762	0.0628864	0.375493	0.464968	0.430879	0.928323	0.316776	0.824894	0.536255	0.892902	0.965874	0.979681	0.544484	0.646898	0.285581	0.701963	0.925732	0.3132</FloatingPoint>
			</Individual>
			<Individual size="2">
				<FitnessMax value="2.85564"/>
				<FloatingPoint size="50">	3.19387	0.661064	3.65757	4.82516	3.60878	3.43232	0.667883	3.43215	2.17638	3.04906	4.60975	0.729566	3.88786	5.64105	4.65266	3.88578	0.642241	3.61004	1.18662	3.44795	3.5456	1.25856	3.82548	4.29143	3.39817	3.98647	0.737155	4.23749	4.16799	3.97217	3.63302	1.50345	3.67539	1.72919	2.62797	3.62879	1.8112	3.49167	2.1765	3.91885	3.50465	0.628202	3.39058	1.85083	2.32133	3.57913	0.492902	3.42901	3.61798	3.54685</FloatingPoint>
				<FloatingPoint size="20">	0.861767	0.857034	0.529859	0.949002	0.516091	0.953465	0.625129	0.92879	0.328516	0.811627	0.125548	0.89261	0.893668	0.979681	0.427143	0.660899	0.305916	0.701963	0.929388	0.293937</FloatingPoint>
			</Individual>
			<Individual size="2">
				<FitnessMax value="2.85564"/>
				<FloatingPoint size="50">	3.19386	0.661064	3.65757	4.82516	3.60878	3.43232	0.667883	3.43215	2.17638	3.0499	4.60976	0.729502	3.88786	5.64104	4.65266	3.88578	0.642241	3.60998	1.18662	3.44795	3.5456	1.25856	3.82548	4.29143	3.39818	3.98647	0.737155	4.23749	4.16799	3.97217	3.63302	1.50345	3.67539	1.72919	2.62794	3.62878	1.81088	3.49154	2.17648	3.91913	3.50465	0.628199	3.39057	1.85084	2.32133	3.84652	0.492903	3.42901	3.61791	3.54685</FloatingPoint>
				<FloatingPoint size="20">	0.861767	0.857669	0.529593	0.949002	0.374854	0.953465	0.385462	0.927543	0.322878	0.81141	0.313309	0.893049	0.969124	0.979681	0.203209	0.531149	0.130798	0.701963	0.927946	0.301795</FloatingPoint>
			</Individual>
			<Individual size="2">
				<FitnessMax value="2.85564"/>
				<FloatingPoint size="50">	3.19386	0.661064	3.65757	4.82516	3.60878	3.43232	0.667883	3.43215	2.17638	3.0499	4.60976	0.729502	3.88786	5.64104	4.65266	3.88578	0.642241	3.60998	1.18662	3.44795	3.5456	1.25856	3.82548	4.29143	3.39818	3.98647	0.737155	4.23749	4.16799	3.97217	3.63302	1.50345	3.67539	1.72919	2.62794	3.62878	1.81088	3.49154	2.17648	3.91913	3.50465	0.628199	3.39057	1.85084	2.32133	3.84652	0.492903	3.42901	3.61791	3.54685</FloatingPoint>
				<FloatingPoint size="20">	0.861767	0.857046	0.538654	0.949002	0.442743	0.953465	0.422308	0.929403	0.32563	0.81141	0.333453	0.906415	0.445194	0.979681	0.330838	0.597764	0.227256	0.701963	0.9281	0.309216</FloatingPoint>
			</Individual>
			<Individual size="2">
				<FitnessMax value="2.83083"/>
				<FloatingPoint size="50">	3.19387	0.661064	3.65757	4.82517	3.60622	3.43227	0.667884	3.41238	2.1764	3.04907	4.6204	0.691094	3.88786	5.64401	4.65269	3.88586	0.642241	3.60151	1.18663	3.44795	3.5456	1.2584	3.82395	4.29143	3.42037	3.98654	0.736626	4.23742	4.16728	3.98432	3.62899	1.50345	3.67539	1.72119	2.72235	3.12836	2.83759	3.26397	2.21118	3.91744	3.50433	0.638107	3.39431	1.81952	2.32125	3.62269	0.489178	3.42751	3.61797	3.55138</FloatingPoint>
				<FloatingPoint size="20">	0.861767	0.8575	0.529723	0.949002	0.474324	0.953465	0.482264	0.92813	0.322567	0.81141	0.269748	0.892755	0.901893	0.979681	0.433954	0.881533	0.305175	0.701963	0.928776	0.287394</FloatingPoint>
			</Individual>
			<Individual size="2">
				<FitnessMax value="2.82646"/>
				<FloatingPoint size="50">	3.21718	0.661057	3.65757	4.82511	3.65976	3.43919	0.667867	3.47477	2.71169	3.06367	4.50151	1.27643	3.88781	5.62037	4.62771	3.88508	0.642241	3.7865	1.18648	3.44795	3.54558	1.26164	3.84967	4.29141	3.43464	3.98665	0.734756	4.23738	4.16672	3.9893	3.6274	1.50345	3.67539	1.72686	2.77821	6.00733	3.6796	3.1732	2.2208	3.95939	3.50422	0.64573	3.39311	1.8053	2.32119	3.61586	0.488137	3.42689	3.61808	3.5482</FloatingPoint>
				<FloatingPoint size="20">	0.861767	0.857154	0.529692	0.949002	0.443495	0.953465	0.480205	0.930158	0.32738	0.798782	0.288458	0.89252	0.86768	0.979681	0.250482	0.342829	0.301643	0.701963	0.924203	0.273127</FloatingPoint>
			</Individual>
			<Individual size="2">
				<FitnessMax value="2.27244"/>
				<FloatingPoint size="50">	3.19387	0.661064	3.65757	4.82516	3.60878	3.43232	0.667883	3.43215	2.17638	3.04963	4.60975	0.72952	3.88786	5.64104	4.65266	3.88578	0.642241	3.61003	1.18662	3.44795	3.5456	1.25856	3.82548	4.29143	5.99961	3.98647	0.737155	4.23749	4.16799	3.97217	3.63302	1.50345	3.67539	1.72919	2.62797	3.62879	1.81105	3.49167	2.17649	3.91885	3.50465	0.628202	3.39058	1.85083	2.32133	3.68836	0.492902	3.42901	3.61798	3.54685</FloatingPoint>
				<FloatingPoint size="20">	0.861767	0.857542	0.531459	0.949002	0.374284	0.953465	0.329458	0.927912	0.335965	0.81188	0.298833	0.869567	0.826591	0.979738	0.134952	0.503786	0.276531	0.702029	0.927952	0.319348</FloatingPoint>
			</Individual>
			<Individual size="2">
				<FitnessMax value="2.82646"/>
				<FloatingPoint size="50">	3.19387	0.661055	3.65834	4.82512	3.64763	3.43362	0.667874	3.47588	2.17592	3.06919	4.59069	1.09943	3.88748	5.58644	4.65222	3.88474	0.641832	3.70282	1.18651	3.44795	3.5453	1.26133	3.84305	4.29142	3.15064	3.98659	0.737053	4.23741	4.16638	3.98429	3.62917	1.50345	3.67539	1.71629	2.72465	3.98829	3.42143	3.53936	2.20621	3.65581	3.50725	0.642923	3.39301	1.81248	2.32123	3.5851	0.485001	3.42725	3.72251	3.54887</FloatingPoint>
				<FloatingPoint size="20">	0.861767	0.85665	0.532496	0.949002	0.258312	0.953465	0.114092	0.930291	0.376169	0.826442	0.276857	0.885599	0.158839	0.979681	0.505149	0.462336	0.25483	0.707707	0.927946	0.341689</FloatingPoint>
			</Individual>
			<Individual size="2">
				<FitnessMax value="2.85564"/>
				<FloatingPoint size="50">	3.20753	0.661064	3.65757	4.82516	3.60878	3.43232	0.667883	3.43215	2.17638	3.04906	4.60975	0.729566	3.88786	5.64105	4.65266	3.88578	0.642241	3.61004	1.18662	3.44795	3.5456	1.25856	3.82548	4.29143	3.39817	3.98647	0.737155	4.23749	4.16799	3.97217	3.63302	1.50345	3.67539	1.72919	2.62797	3.62879	1.8112	3.49167	2.1765	3.91885	3.50465	0.628202	3.39058	1.85083	2.32133	3.77661	0.492902	3.51702	3.61798	3.54685</FloatingPoint>
				<FloatingPoint size="20">	0.861767	0.857032	0.529673	0.949002	0.457196	0.953465	0.48017	0.928154	0.322598	0.81141	0.259074	0.892758	0.947151	0.979681	0.599734	0.551378	0.305735	0.701963	0.92819	0.291803</FloatingPoint>
			</Individual>
			<Individual size="2">
				<FitnessMax value="2.85564"/>
				<FloatingPoint size="50">	3.19668	0.661064	3.65757	4.82516	3.60878	3.43232	0.667883	3.43215	2.17638	3.04906	4.60975	0.729566	3.88786	5.64105	4.65266	3.88578	0.642241	3.61004	1.18662	3.44795	3.5456	1.25856	3.82548	4.29143	3.39817	3.98647	0.737155	4.23749	4.16799	3.97217	3.63302	1.50345	3.67539	1.72919	2.62797	3.62879	1.8112	3.49167	2.1765	3.91885	3.50465	0.628202	3.39058	1.85083	2.32133	3.57913	0.492902	3.42901	3.61798	3.54685</FloatingPoint>
				<FloatingPoint size="20">	0.861767	0.856857	0.537802	0.949002	0.356768	0.953465	0.882813	0.92868	0.336477	0.81141	0.267093	0.891803	0.800164	0.979681	0.373865	0.692413	0.303438	0.701963	0.928878	0.335014</FloatingPoint>
			</Individual>
			<Individual size="2">
				<FitnessMax value="1.48537"/>
				<FloatingPoint size="50">	3.19386	0.661066	3.65776	4.82517	3.64731	3.43258	0.667866	3.4328	2.16668	3.0585	4.58806	1.34362	3.88756	5.61805	4.65954	3.88561	0.642232	3.75004	1.18648	3.4397	3.5457	1.25935	3.84635	4.29142	3.41547	3.98661	0.735905	4.23744	4.16662	3.99404	3.63606	1.50345	3.67539	1.71351	2.70911	2.97795	3.17844	3.30395	3.63473	3.29858	3.50459	0.624864	3.3875	1.8367	2.32126	3.58978	6.16155	3.42915	3.61798	3.55295</FloatingPoint>
				<FloatingPoint size="20">	0.861767	0.857143	0.529665	0.949002	0.476694	0.953465	0.336667	0.9283	0.321736	0.812239	0.297881	0.892635	0.844933	0.979681	0.643283	0.896408	0.320136	0.701963	0.928288	0.301523</FloatingPoint>
			</Individual>
			<Individual size="2">
				<FitnessMax value="2.21828"/>
				<FloatingPoint size="50">	3.19733	0.661055	3.65757	4.82512	3.64443	3.43458	0.667869	3.4303	2.17604	3.09268	4.54075	1.12456	3.88771	5.46201	4.65223	3.88451	0.642241	3.73756	1.18649	3.44795	3.54551	1.26145	3.85169	4.29141	3.13842	3.98657	0.732903	4.23738	4.16673	3.99089	3.62841	1.50345	3.67539	1.70804	2.75021	3.22411	3.79809	3.30418	2.39781	3.74172	3.50411	0.642066	3.39638	1.80914	2.32118	3.5941	0.486451	3.42674	3.61797	3.5516</FloatingPoint>
				<FloatingPoint size="20">	0.861767	0.856967	0.530568	0.91496	0.482574	0.953465	0.511489	0.933186	0.219953	0.81141	0.289358	0.892782	0.837705	0.0991688	0.362174	0.738331	0.321347	0.701963	0.928679	0.329623</FloatingPoint>
			</Individual>
			<Individual size="2">
				<FitnessMax value="1.7722"/>
				<FloatingPoint size="50">	3.19387	0.661064	3.65757	4.82516	3.60878	3.43232	0.667883	3.43215	2.17638	3.04906	4.60975	0.729566	3.88786	5.64105	4.65266	3.88578	0.642241	3.61004	1.18662	3.44795	3.5456	1.25856	3.82548	4.29143	3.39817	3.98647	0.737155	4.23749	4.16799	3.97217	3.63302	1.50345	3.67539	1.72919	2.62797	3.62879	1.8112	3.49167	2.1765	3.91885	3.50465	0.628202	3.39058	1.85083	2.32133	3.57913	0.492902	3.42901	3.61798	3.54685</FloatingPoint>
				<FloatingPoint size="20">	0.861767	0.251007	0.529859	0.949002	0.516091	0.953465	0.625129	0.92879	0.328516	0.811627	0.125548	0.89261	0.893668	0.979681	0.427143	0.660899	0.309103	0.701963	0.929388	0.293937</FloatingPoint>
			</Individual>
			<Individual size="2">
				<FitnessMax value="2.82599"/>
				<FloatingPoint size="50">	3.19387	0.661058	3.65757	4.82511	3.65553	3.4332	0.667871	3.43002	2.17605	3.049	4.41548	1.431	3.88786	5.58705	4.65201	3.88437	0.642241	3.76558	1.18648	3.44795	3.54559	1.26152	3.85334	4.29141	3.43991	3.98667	0.736249	4.23737	4.16659	3.99286	3.6276	1.50345	3.67539	1.72782	2.78361	3.5635	2.22231	4.10918	2.23462	3.80741	3.50416	0.651665	3.39209	1.79863	2.32106	3.5867	0.486132	3.42623	3.61797	3.54392</FloatingPoint>
				<FloatingPoint size="20">	0.861767	0.85659	0.530036	0.949002	0.310449	0.953465	0.971952	0.928655	0.323774	0.81141	0.293461	0.892964	0.754738	0.979681	0.394676	0.508608	0.382183	0.701963	0.928096	0.342749</FloatingPoint>
			</Individual>
			<Individual size="2">
				<FitnessMax value="2.85564"/>
				<FloatingPoint size="50">	3.19386	0.661064	3.65757	4.82516	3.60878	3.43232	0.667883	3.43215	2.17638	3.0499	4.60976	0.729502	3.88786	5.64104	4.65266	3.88578	0.642241	3.60998	1.18662	3.44795	3.5456	1.25856	3.82548	4.29143	3.39817	3.98647	0.737155	4.23749	4.16799	3.97217	3.63302	1.50345	3.67539	1.72919	2.62797	3.62878	1.81088	3.49167	2.17648	3.91885	3.50465	0.628199	3.39057	1.85083	2.32133	3.57913	0.492902	3.42901	3.61798	3.27363</FloatingPoint>
				<FloatingPoint size="20">	0.861767	0.856349	0.529593	0.949002	0.445778	0.953465	0.385462	0.927543	0.322878	0.81141	0.313309	0.893049	0.969124	0.979681	0.203209	0.531149	0.130798	0.701963	0.927946	0.301795</FloatingPoint>
			</Individual>
			<Individual size="2">
				<FitnessMax value="2.85564"/>
				<FloatingPoint size="50">	3.19387	0.661064	3.65757	4.82516	3.60878	3.43232	0.667883	3.43215	2.17638	3.04963	4.60975	0.72952	3.88786	5.64104	4.65266	3.88578	0.642241	3.61003	1.18662	3.44795	3.5456	1.25856	3.82548	4.29143	3.39817	3.98647	0.737155	4.23749	4.16799	3.97217	3.63302	1.50345	3.67539	1.72919	2.62797	3.62879	1.81105	3.49167	2.17649	3.91885	3.50465	0.628202	3.39058	1.85083	2.32133	3.68836	0.492902	3.42901	3.61798	3.54685</FloatingPoint>
				<FloatingPoint size="20">	0.861767	0.857573	0.531841	0.949002	0.564078	0.953465	0.320466	0.939309	0.32743	0.81141	0.292621	0.892955	0.816806	0.979681	0.333729	0.511201	0.318108	0.701963	0.927941	0.334226</FloatingPoint>
			</Individual>
			<Individual size="2">
				<FitnessMax value="2.83083"/>
				<FloatingPoint size="50">	3.19387	0.661061	3.65757	4.82511	3.62336	3.43235	0.667872	3.56226	2.17623	3.04903	4.50597	0.770314	3.88786	5.62481	4.65219	3.88457	0.642241	3.64907	1.18655	3.44795	3.54559	1.25891	3.84226	4.29143	3.41653	3.9865	0.736595	4.23749	4.16708	3.98934	3.62975	1.50345	3.67539	1.72827	2.6704	3.68782	2.56067	3.66697	2.18301	3.90447	3.50449	0.641557	3.39197	1.84761	2.32114	3.58121	0.486832	3.42706	3.61843	3.54563</FloatingPoint>
				<FloatingPoint size="20">	0.861767	0.857189	0.529684	0.949002	0.319679	0.953465	0.464889	0.937452	0.231359	0.81141	0.277109	0.892763	0.823223	0.979681	0.35683	0.926787	0.316292	0.701963	0.928665	0.32156</FloatingPoint>
			</Individual>
			<Individual size="2">
				<FitnessMax value="2.85564"/>
				<FloatingPoint size="50">	3.19519	0.661064	3.65757	4.82516	3.60878	3.43232	0.667883	3.43305	2.17638	3.04919	4.60976	0.729539	3.88786	5.64104	4.65266	3.88578	0.642241	3.61003	1.18662	3.44795	3.5456	1.89511	3.82548	4.29143	3.39818	3.98647	0.737155	4.23749	4.16799	3.97217	3.63302	1.50345	3.67539	1.72919	2.62796	3.62879	1.81101	3.49155	2.17649	3.91885	3.50465	0.628201	3.39058	1.85084	2.32133	3.77839	0.492903	3.42901	3.61796	3.54685</FloatingPoint>
				<FloatingPoint size="20">	0.861767	0.857669	0.530031	0.949002	0.530803	0.953465	0.486202	0.928655	0.323774	0.81141	0.340709	0.892964	0.754738	0.941936	0.394676	0.476648	0.304987	0.701963	0.929117	0.348609</FloatingPoint>
			</Individual>
			<Individual size="2">
				<FitnessMax value="2.85564"/>
				<FloatingPoint size="50">	3.19387	0.661064	3.65757	4.82516	3.60878	3.43232	0.667883	3.43215	2.17638	3.04906	4.60975	0.729566	3.88786	5.64105	4.65266	3.88578	0.642241	3.61004	1.18662	3.44795	3.5456	1.25856	3.82548	4.29143	3.39817	3.98647	0.737155	4.23749	4.16799	3.97217	3.63302	1.50345	3.67539	1.72919	2.62797	3.62879	1.8112	3.49167	2.1765	3.91885	3.50465	0.628202	3.39058	1.85083	2.32133	3.84644	0.492902	3.42901	3.61798	3.54685</FloatingPoint>
				<FloatingPoint size="20">	0.861767	0.857573	0.531841	0.949002	0.564078	0.953465	0.320466	0.939309	0.32743	0.81141	0.292621	0.892955	0.816806	0.979681	0.333729	0.511201	0.318108	0.701963	0.927941	0.334226</FloatingPoint>
			</Individual>
			<Individual size="2">
				<FitnessMax value="2.40044"/>
				<FloatingPoint size="50">	3.19387	0.661064	3.65757	4.82516	3.60878	3.43232	0.667883	3.43215	2.17638	3.04963	4.60975	0.72952	3.88786	5.52953	4.65239	3.88499	0.642241	3.68946	1.18654	3.44795	3.54554	1.26036	3.8418	4.29142	3.42828	3.98653	0.734507	4.23743	4.1672	3.98383	3.63015	1.50345	3.67539	1.71602	2.70411	3.37673	3.04868	3.37489	2.31434	3.80852	3.50441	0.634598	3.3934	1.82237	2.32128	3.6792	0.490265	3.42766	3.61798	3.54924</FloatingPoint>
				<FloatingPoint size="20">	0.861767	0.856044	0.529593	0.949002	0.462111	0.953465	0.911093	0.930038	0.340919	0.81141	0.810148	0.892539	0.859162	0.979681	0.478946	0.97351	0.31249	0.701963	0.927946	0.3161</FloatingPoint>
			</Individual>
			<Individual size="2">
				<FitnessMax value="2.82646"/>
				<FloatingPoint size="50">	3.19386	0.661058	3.65757	4.82511	3.65863	3.43342	0.667875	3.44576	2.27984	3.0636	4.4721	1.41625	3.88785	5.61364	4.65199	3.88484	0.642241	3.78462	1.18647	3.44795	3.54559	1.26168	3.85338	4.29141	3.44006	3.98667	0.736185	4.23736	4.16661	3.99278	3.62732	1.50345	3.67539	1.72779	2.78453	3.56034	4.06157	3.89377	2.22996	3.83232	3.50415	0.651125	3.3921	1.80158	2.32112	3.58754	0.486585	3.4263	3.61809	3.54411</FloatingPoint>
				<FloatingPoint size="20">	0.861767	0.857573	0.531841	0.949002	0.564078	0.953465	0.320466	0.939309	0.32743	0.81141	0.292621	0.892955	0.816806	0.979681	0.333729	0.511201	0.318108	0.701963	0.927941	0.334226</FloatingPoint>
			</Individual>
			<Individual size="2">
				<FitnessMax value="2.83325"/>
				<FloatingPoint size="50">	3.19644	0.661055	3.65757	4.82514	3.62596	3.43579	0.667879	3.67837	2.17602	3.04903	4.72741	1.40141	3.40515	5.57796	4.6532	3.88449	0.642241	3.57465	1.18651	3.44795	3.54573	1.2586	3.85311	4.29141	3.43956	3.9866	0.733008	4.23735	4.16624	3.99608	3.62982	1.50345	3.47375	1.72747	2.80427	4.2314	4.13394	2.16961	2.30981	4.04761	3.50408	0.638622	3.39177	1.82557	2.3214	3.58746	0.486445	3.42929	3.61797	3.55029</FloatingPoint>
				<FloatingPoint size="20">	0.861767	0.857077	0.53096	0.949002	0.38065	0.953465	0.157984	0.925491	0.350532	0.81829	0.278694	0.88958	0.942934	0.979681	0.397096	0.679354	0.184719	0.701963	0.884564	0.302646</FloatingPoint>
			</Individual>
			<Individual size="2">
				<FitnessMax value="1.46355"/>
				<FloatingPoint size="50">	3.19387	0.661055	5.42701	4.82514	3.62516	3.43576	0.66788	3.5353	2.1763	3.04903	4.65692	1.14871	3.39618	5.6195	4.65288	3.88582	0.642241	3.58027	1.18651	3.44795	3.5456	1.25857	3.85272	4.29142	3.43221	3.98659	0.733266	4.23739	4.17037	3.97117	3.63155	1.50345	3.47088	1.72747	2.74864	4.01266	2.09553	2.29184	2.31134	4.02194	3.50396	0.6344	3.39207	1.83911	2.3214	3.58741	0.486486	3.42918	3.61798	3.53572</FloatingPoint>
				<FloatingPoint size="20">	0.861767	0.857077	0.530817	0.949002	0.056972	0.953465	0.19722	0.930147	0.257818	0.817477	0.278936	0.889936	0.935506	0.979681	0.399034	0.217606	0.199429	0.701963	0.889704	0.301433</FloatingPoint>
			</Individual>
			<Individual size="2">
				<FitnessMax value="2.82646"/>
				<FloatingPoint size="50">	3.19356	0.661069	3.65784	4.82519	3.65495	3.43153	0.667861	3.43408	2.10839	3.05701	4.52931	1.42658	3.8873	5.61724	4.66339	3.88551	0.642225	3.82462	1.18644	3.42978	3.54576	1.26016	3.85153	4.29141	3.43355	3.98666	0.73751	4.23736	4.16647	3.99414	3.63707	1.50345	3.67539	1.70428	2.5293	2.84919	4.18537	3.69716	4.03704	3.04089	3.50431	0.620279	3.38608	1.87911	2.32118	3.57121	0.491254	3.43036	3.61798	3.55571</FloatingPoint>
				<FloatingPoint size="20">	0.861767	0.857652	0.530798	0.949002	0.573561	0.953465	0.659038	0.92786	0.310368	0.81141	0.314905	0.887198	0.872337	0.979681	0.395892	0.416444	0.330397	0.701963	0.930084	0.342957</FloatingPoint>
			</Individual>
			<Individual size="2">
				<FitnessMax value="2.85564"/>
				<FloatingPoint size="50">	3.19386	0.661064	3.65757	4.82516	3.60878	3.43232	0.667883	3.43378	2.17638	3.0499	4.60976	0.729502	3.88786	5.64104	4.65266	3.88578	0.642241	3.60998	1.18662	3.44795	3.5456	1.25856	3.82548	4.29143	3.39818	3.98647	0.737155	4.23749	4.16799	3.97217	3.63302	1.50345	3.67539	1.72919	2.62794	3.62878	1.81088	3.49154	2.17648	3.91913	3.50465	0.628199	3.39057	1.85084	2.32133	3.84652	0.492903	3.42901	3.61791	3.54685</FloatingPoint>
				<FloatingPoint size="20">	0.861767	0.856857	0.537802	0.949002	0.356768	0.953465	0.0770714	0.92868	0.336477	0.81141	0.267093	0.891803	0.800164	0.979681	0.373865	0.692413	0.303438	0.701963	0.928878	0.335014</FloatingPoint>
			</Individual>
			<Individual size="2">
				<FitnessMax value="2.83325"/>
				<FloatingPoint size="50">	3.19387	0.661058	3.65757	4.82511	3.65553	3.4332	0.667871	3.43002	2.17605	3.049	4.41548	1.431	3.88786	5.58705	4.65201	3.88437	0.642241	3.76558	1.18648	3.44795	3.54559	1.26152	3.85334	4.29141	3.43991	3.98667	0.736249	4.23737	4.16659	3.99286	3.6276	1.50345	3.67539	1.72782	2.78361	3.5635	4.06612	4.10918	2.23462	3.80741	3.50416	0.651665	3.39209	1.79863	2.32106	3.5867	0.486132	3.42623	3.61797	3.54392</FloatingPoint>
				<FloatingPoint size="20">	0.861767	0.857077	0.53096	0.949002	0.38065	0.953465	0.157984	0.925491	0.350532	0.81829	0.251837	0.88958	0.942934	0.979681	0.44048	0.679354	0.184719	0.701963	0.8876	0.334226</FloatingPoint>
			</Individual>
			<Individual size="2">
				<FitnessMax value="2.69561"/>
				<FloatingPoint size="50">	3.19669	0.661061	3.65757	4.82514	3.64754	3.43327	0.667875	3.43114	2.17608	3.04729	4.60756	1.13128	3.8878	5.59757	4.5805	3.88566	0.642241	3.73555	1.18652	3.44795	3.54554	1.25929	3.83476	4.29143	3.42077	3.9865	0.734497	4.23745	4.16684	3.99227	3.62982	1.50345	3.67539	1.7285	2.67601	3.61245	2.91591	3.4472	2.17955	3.67028	3.50451	0.644049	3.393	1.83775	2.32128	3.62605	0.489425	3.42779	3.67263	3.54686</FloatingPoint>
				<FloatingPoint size="20">	0.861767	0.857669	0.529593	0.949002	0.374854	0.41084	0.39625	0.927543	0.322878	0.833812	0.311754	0.893049	0.969124	0.979681	0.401328	0.496515	0.293824	0.701963	0.927946	0.312687</FloatingPoint>
			</Individual>
			<Individual size="2">
				<FitnessMax value="1.75203"/>
				<FloatingPoint size="50">	3.19387	0.661059	3.65757	4.82511	3.65157	3.43325	0.667873	3.77994	2.17606	3.04792	4.42974	1.40168	3.88785	5.58956	4.59133	3.88498	0.642241	3.73764	1.18649	3.44795	3.54556	1.25936	3.84579	4.29141	3.42201	3.98655	0.735139	4.23742	4.16661	3.99284	3.62969	1.50345	3.46152	1.72795	2.74964	3.59568	4.00643	3.51786	2.21381	3.68882	3.50433	0.649353	3.39212	1.80957	2.32127	3.59413	0.488607	3.42718	3.63211	3.54426</FloatingPoint>
				<FloatingPoint size="20">	0.799041	0.857669	0.529593	0.949002	0.374854	0.41084	0.39625	0.927543	0.322878	0.833812	0.311754	0.893049	0.969124	0.979681	0.401328	0.496515	0.293824	0.701963	0.927946	0.312687</FloatingPoint>
			</Individual>
			<Individual size="2">
				<FitnessMax value="1.47382"/>
				<FloatingPoint size="50">	3.19387	5.65809	3.65757	4.82516	3.60878	3.43232	0.667883	3.43215	2.17638	3.04906	4.60975	0.729566	3.88786	5.64105	4.65266	3.88578	0.642241	3.61004	1.18662	3.44795	3.5456	1.25856	3.82548	4.29143	3.39817	3.98647	0.737155	4.23749	4.16799	3.97217	3.63302	1.50345	3.67539	1.72919	2.62797	3.62879	1.8112	3.49167	2.1765	3.91885	3.50465	0.628202	3.39058	1.85083	2.32133	3.84644	0.492902	3.42901	3.61798	3.54685</FloatingPoint>
				<FloatingPoint size="20">	0.861767	0.857498	0.530216	0.949002	0.445627	0.953465	0.413773	0.938072	0.309172	0.81141	0.283479	0.89294	0.817377	0.979681	0.351627	0.547552	0.316353	0.701963	0.928025	0.323636</FloatingPoint>
			</Individual>
			<Individual size="2">
				<FitnessMax value="2.69561"/>
				<FloatingPoint size="50">	3.19733	0.661058	3.65757	4.82513	3.65498	3.43576	0.667879	3.4354	2.17603	3.04902	4.66445	4.9437	3.49443	5.58222	4.65309	3.88445	0.642241	3.67265	1.1865	3.44795	3.5456	1.25879	3.8532	4.29141	3.43989	3.98661	0.733261	4.23736	4.1663	3.99484	3.62864	1.50345	3.5795	1.72767	2.79865	3.90138	4.10507	3.53424	2.27429	4.02123	3.5041	0.642871	3.39197	1.80975	2.32133	3.58712	0.486155	3.42877	3.61797	3.54795</FloatingPoint>
				<FloatingPoint size="20">	0.861767	0.856966	0.534427	0.949002	0.368549	0.953465	0.37125	0.927107	0.34341	0.814804	0.272816	0.890706	0.870595	0.979681	0.385325	0.685971	0.244872	0.701963	0.907017	0.319046</FloatingPoint>
			</Individual>
			<Individual size="2">
				<FitnessMax value="2.57534"/>
				<FloatingPoint size="50">	3.20753	0.661064	3.65757	4.82516	3.60878	3.43232	0.667883	3.43215	2.17638	3.04906	4.60975	0.729566	3.88786	5.64105	4.6532	3.88449	0.642241	3.57465	1.18651	3.44795	3.54573	1.2586	3.85311	4.29141	3.43956	3.9866	0.733008	4.23735	4.16624	3.99608	3.62982	1.50345	3.47375	1.72747	2.80427	4.2314	4.13394	2.16961	2.30981	4.04761	3.50408	0.638622	3.39177	1.82557	2.3214	3.58746	0.486445	3.42929	3.61797	3.55029</FloatingPoint>
				<FloatingPoint size="20">	0.861767	0.857042	0.530206	0.949002	0.401091	0.953465	0.207331	0.927421	0.334166	0.814205	0.258331	0.897693	0.944879	0.979681	0.513828	0.828973	0.288418	0.701963	0.891578	0.314433</FloatingPoint>
			</Individual>
			<Individual size="2">
				<FitnessMax value="2.74677"/>
				<FloatingPoint size="50">	3.19387	0.661064	3.65757	4.82516	3.60878	3.43232	0.667883	3.43215	2.17638	3.04906	4.60975	2.67535	3.88786	5.64105	4.65266	3.88578	0.642241	3.61004	1.18662	3.44795	3.5456	1.25856	3.82548	4.29143	3.39817	3.98647	0.737155	4.23749	4.16799	3.97217	3.63302	1.50345	3.67539	1.72919	2.62797	3.62879	1.8112	3.49167	2.1765	3.91885	3.50465	0.628202	3.39058	1.85083	2.32133	3.57913	0.492902	3.42901	3.61798	3.54685</FloatingPoint>
				<FloatingPoint size="20">	0.861767	0.856468	0.530124	0.949002	0.230911	0.953465	0.802335	0.928747	0.324076	0.81141	0.292667	0.893036	0.721822	0.979681	0.392194	0.490477	0.389341	0.701963	0.926936	0.359667</FloatingPoint>
			</Individual>
			<Individual size="2">
				<FitnessMax value="2.83325"/>
				<FloatingPoint size="50">	3.19644	0.661055	3.65757	4.82514	3.62596	3.43579	0.667879	3.67837	2.17602	3.04903	4.72741	1.40141	3.40515	5.57796	4.6532	3.88449	0.642241	3.57465	1.18651	3.44795	3.54573	1.2586	3.85311	4.29141	3.43956	3.9866	0.733008	4.23735	4.16624	3.99608	3.62982	1.50345	3.47375	1.72747	2.80427	4.2314	4.13394	2.16961	2.30981	4.04761	3.50408	0.638622	3.39177	1.82557	2.3214	3.58746	0.486445	3.42929	3.61797	3.55029</FloatingPoint>
				<FloatingPoint size="20">	0.861767	0.857077	0.530817	0.949002	0.394245	0.953465	0.19722	0.926	0.257818	0.817477	0.278936	0.889936	0.935506	0.979681	0.399034	0.660868	0.199429	0.701963	0.889704	0.301433</FloatingPoint>
			</Individual>
			<Individual size="2">
				<FitnessMax value="2.83083"/>
				<FloatingPoint size="50">	3.19387	0.661064	3.65757	4.82516	3.60878	3.43235	0.667883	3.56226	2.17638	3.04903	4.60975	0.770314	3.88786	5.62481	4.65266	3.88457	0.642241	3.61004	1.18662	3.44795	3.54559	1.25891	3.84226	4.29143	3.39817	3.9865	0.737155	4.23749	4.16708	3.98934	3.62975	1.50345	3.67539	1.02534	2.62797	3.62879	2.56067	3.49167	2.1765	3.91885	3.50465	0.628202	3.39197	1.85083	2.32114	3.57913	0.492902	3.42706	3.61843	3.54685</FloatingPoint>
				<FloatingPoint size="20">	0.861767	0.857189	0.529684	0.949002	0.319679	0.953465	0.464889	0.937452	0.231359	0.81141	0.277109	0.892763	0.823223	0.979681	0.35683	0.926787	0.316292	0.701963	0.928665	0.32156</FloatingPoint>
			</Individual>
			<Individual size="2">
				<FitnessMax value="2.76645"/>
				<FloatingPoint size="50">	3.19733	0.661055	3.65757	4.82512	3.64443	3.43458	0.667869	3.4303	2.17604	3.09268	4.54075	1.12456	3.88771	5.46201	4.65223	3.88451	0.642241	3.73756	1.18649	3.44795	3.54551	1.26145	3.85169	4.29141	3.13842	3.98657	0.732903	4.23738	4.16673	3.99089	3.62841	1.50345	3.67539	1.70804	2.75021	3.22411	3.79809	3.30418	2.39781	3.74172	3.50411	0.642066	3.39638	1.80914	2.32118	3.5941	0.486451	3.42674	3.61797	3.5516</FloatingPoint>
				<FloatingPoint size="20">	0.861767	0.857064	0.530704	0.906258	0.526578	0.953465	0.39377	0.934344	0.19341	0.81141	0.288309	0.892736	0.858916	0.979681	0.353865	0.79706	0.305794	0.701963	0.928828	0.326267</FloatingPoint>
			</Individual>
			<Individual size="2">
				<FitnessMax value="2.85825"/>
				<FloatingPoint size="50">	3.2035	0.661064	3.65757	4.82516	3.60878	3.01611	0.667883	3.43215	2.57855	3.04906	4.60975	0.729566	3.88786	5.64105	4.65266	3.88578	0.642241	3.61004	1.18662	3.44795	3.5456	1.25856	3.82548	4.29143	3.62046	3.98647	0.737155	4.23749	4.16799	3.97217	3.63302	1.50345	3.67539	1.72919	2.62797	3.62879	1.8112	3.49167	2.1765	3.91885	3.50465	0.628202	3.39058	1.85083	2.32133	3.66237	0.492902	3.48841	3.61798	3.54685</FloatingPoint>
				<FloatingPoint size="20">	0.861767	0.8574	0.529734	0.949002	0.403776	0.953465	0.589338	0.928317	0.325075	0.811981	0.28824	0.892661	0.959362	0.979681	0.736837	0.835715	0.293536	0.701963	0.92482	0.316779</FloatingPoint>
			</Individual>
			<Individual size="2">
				<FitnessMax value="2.42206"/>
				<FloatingPoint size="50">	3.19387	0.661064	3.65757	4.82516	3.60878	3.43232	0.667883	3.43215	2.17638	3.04963	4.60975	0.72952	3.88786	5.64104	4.65266	3.88578	0.642241	3.61003	1.18662	3.44795	3.5456	1.25856	3.82548	4.29143	3.39817	3.98647	0.737155	4.23749	4.16799	3.97217	3.63302	1.50345	3.67539	1.72919	2.62797	3.62879	1.81105	3.49167	2.17649	3.91885	3.5041	0.642871	3.39197	1.80975	2.32133	3.58712	0.486155	3.42877	3.61797	3.54795</FloatingPoint>
				<FloatingPoint size="20">	0.861767	0.857542	0.531459	0.232851	0.374284	0.953465	0.329458	0.927912	0.335965	0.81188	0.298833	0.869567	0.826591	0.979738	0.134952	0.503786	0.276531	0.702029	0.927952	0.319348</FloatingPoint>
			</Individual>
			<Individual size="2">
				<FitnessMax value="2.73584"/>
				<FloatingPoint size="50">	3.19495	0.661065	3.65757	4.82511	3.60045	3.43196	0.667875	3.43037	2.17658	3.04902	4.60975	0.787286	3.88733	5.55003	4.65265	3.886	0.642241	3.61767	1.18644	3.44795	3.54539	1.25827	3.8496	4.29141	3.38947	3.98645	0.736602	4.2375	4.16717	3.96785	3.62539	1.50345	3.67539	1.69688	2.60087	3.60663	1.45495	1.47932	2.1791	3.536	3.5031	0.632117	3.39578	1.36679	2.32137	3.57772	0.487908	3.42993	3.61798	3.55423</FloatingPoint>
				<FloatingPoint size="20">	0.861767	0.856857	0.537802	0.949002	0.356768	0.953465	0.578892	0.92868	0.336477	0.81141	0.267093	0.891803	0.800164	0.979681	0.373865	0.692413	0.303438	0.701963	0.928878	0.335014</FloatingPoint>
			</Individual>
			<Individual size="2">
				<FitnessMax value="2.76645"/>
				<FloatingPoint size="50">	3.19733	0.661055	3.65757	4.82512	3.64443	3.43458	0.667869	3.4303	2.17604	3.09268	4.54075	1.12456	3.88771	5.46201	4.65223	3.88451	0.642241	3.73756	1.18649	3.44795	3.54551	1.26145	3.85169	4.29141	3.13842	3.98657	0.732903	4.23738	4.16673	3.99089	3.62841	1.50345	3.67539	1.70804	2.75021	3.22411	3.79809	3.30418	2.39781	3.74172	3.50411	0.642066	3.39638	1.80914	2.32118	3.5941	0.486451	3.42674	3.61797	3.5516</FloatingPoint>
				<FloatingPoint size="20">	0.861767	0.857064	0.530704	0.906258	0.526578	0.953465	0.39377	0.934344	0.19341	0.777001	0.288309	0.892736	0.858916	0.979681	0.353865	0.79706	0.305794	0.701963	0.928351	0.300533</FloatingPoint>
			</Individual>
			<Individual size="2">
				<FitnessMax value="1.50774"/>
				<FloatingPoint size="50">	3.19356	0.661069	3.65784	4.82519	3.65495	3.43153	0.667861	3.43408	2.10839	3.05701	4.52931	1.42658	3.88771	5.63484	4.65546	3.88571	0.642237	3.66596	1.18658	3.44322	3.54564	1.25898	3.83227	4.29143	3.40739	3.98652	0.737248	4.23746	4.16759	3.9779	3.63408	1.50345	3.67539	1.7227	2.60226	3.42562	2.42995	3.54523	2.66138	3.69004	3.50456	0.626137	3.3894	1.8582	2.32129	3.57707	4.35158	3.42936	3.61798	3.54916</FloatingPoint>
				<FloatingPoint size="20">	0.861767	0.856857	0.533698	0.949002	0.409439	0.953465	0.739425	0.929359	0.336477	0.81141	0.251861	0.891803	0.800164	0.979681	0.429875	0.832961	0.303438	0.701963	0.928412	0.335014</FloatingPoint>
			</Individual>
			<Individual size="2">
				<FitnessMax value="2.83325"/>
				<FloatingPoint size="50">	3.19387	0.661058	3.65757	4.82511	3.65553	3.4332	0.667871	3.43002	2.17605	3.049	4.41548	1.431	3.88786	5.58705	4.65201	3.88437	0.642241	3.76558	1.18648	3.44795	3.54559	1.26152	3.85334	4.29141	3.43991	3.98667	0.736249	4.23737	4.16659	3.99286	3.6276	1.50345	3.67539	1.72782	2.78361	3.5635	4.06612	4.10918	2.23462	3.80741	3.50416	0.651665	3.39209	1.79863	2.32106	3.5867	0.486132	3.42623	3.61797	3.54392</FloatingPoint>
				<FloatingPoint size="20">	0.861767	0.857077	0.53096	0.949002	0.38065	0.953465	0.157984	0.925491	0.350532	0.81829	0.278694	0.88958	0.942934	0.979681	0.397096	0.679354	0.678909	0.701963	0.884564	0.302646</FloatingPoint>
			</Individual>
			<Individual size="2">
				<FitnessMax value="2.75992"/>
				<FloatingPoint size="50">	3.19387	0.661064	3.65757	4.82516	3.60878	3.43232	0.667883	3.43215	2.17638	3.04906	4.60975	0.729566	3.88786	5.64105	4.65266	3.88578	0.642241	3.61004	1.18662	3.44795	3.5456	1.25856	3.82548	4.29143	3.39817	3.98647	0.737155	4.23749	4.16799	3.97217	3.63302	1.50345	3.67539	1.72919	2.62797	3.62879	1.8112	3.49167	2.1765	3.91885	3.50465	0.628202	3.39058	1.85083	2.32133	3.57914	0.492902	3.42901	3.61798	3.54685</FloatingPoint>
				<FloatingPoint size="20">	0.861767	0.85659	0.530036	0.949002	0.310449	0.953465	0.714558	0.928655	0.323774	0.81141	0.602386	0.892964	0.754738	0.979681	0.394676	0.508608	0.382183	0.701963	0.928096	0.348609</FloatingPoint>
			</Individual>
			<Individual size="2">
				<FitnessMax value="2.85564"/>
				<FloatingPoint size="50">	3.19386	0.661064	3.65757	4.82516	3.60878	3.43232	0.667883	3.43215	2.17638	3.0499	4.60976	0.729502	3.88786	5.64104	4.65266	3.88578	0.642241	3.60998	1.18662	3.44795	3.5456	1.25856	3.82548	4.29143	3.39817	3.98647	0.737155	4.23749	4.16799	3.97217	3.63302	1.50345	3.67539	1.72919	2.62797	3.62878	1.81088	3.49167	2.17648	3.91885	3.50465	0.628199	3.39057	1.85083	2.32133	3.57913	0.492902	3.42901	3.61798	3.54685</FloatingPoint>
				<FloatingPoint size="20">	0.861767	0.857669	0.529593	0.949002	0.374854	0.953465	0.385462	0.927543	0.322878	0.81141	0.313309	0.893049	0.969124	0.979681	0.203209	0.531149	0.130798	0.701963	0.927946	0.301795</FloatingPoint>
			</Individual>
			<Individual size="2">
				<FitnessMax value="1.89984"/>
				<FloatingPoint size="50">	3.20753	0.661064	3.65757	4.82516	3.60878	3.43232	0.667883	3.43215	2.17638	3.04906	4.60975	0.729566	3.88786	5.64105	4.65266	5.81015	0.965843	3.61004	1.18662	3.44795	3.5456	1.25856	3.82548	4.29143	3.39817	3.98647	0.737155	4.23749	4.16799	3.97217	3.63302	1.50345	3.67539	1.72919	2.62797	3.62879	1.8112	3.49167	2.1765	3.91885	3.50465	0.628202	3.39058	1.85083	2.32133	3.77661	0.492902	3.51702	3.61798	3.54685</FloatingPoint>
				<FloatingPoint size="20">	0.861767	0.857455	0.531384	0.556042	0.452241	0.953465	0.450246	0.927937	0.325995	0.811738	0.298136	0.873663	0.865021	0.979728	0.243015	0.523399	0.283584	0.702023	0.928138	0.309736</FloatingPoint>
			</Individual>
			<Individual size="2">
				<FitnessMax value="1.97915"/>
				<FloatingPoint size="50">	3.19356	0.661069	3.65784	4.82519	3.65495	3.43153	0.667861	3.43408	2.10839	3.05701	4.52931	1.42658	3.8873	5.61724	4.66339	3.88551	0.642225	3.82462	1.18644	3.42978	3.54576	1.26016	3.85153	4.29141	3.43355	3.98666	0.737462	4.23738	4.16667	2.74667	3.63652	1.50345	3.67539	1.70767	2.54274	2.95538	3.86197	3.66917	3.78361	3.16048	3.50436	0.621358	3.38669	1.87526	2.3212	3.57229	0.491478	3.43018	3.61798	3.5545</FloatingPoint>
				<FloatingPoint size="20">	0.861767	0.857669	0.530031	0.949002	0.530803	0.953465	0.486202	0.928655	0.323774	0.81141	0.340709	0.892964	0.754738	0.979681	0.394676	0.476648	0.304987	0.701963	0.929117	0.348609</FloatingPoint>
			</Individual>
			<Individual size="2">
				<FitnessMax value="2.82646"/>
				<FloatingPoint size="50">	3.19356	0.661069	3.65784	4.82519	3.65495	3.43153	0.667861	3.43408	2.10839	3.05701	4.52931	1.42658	3.8873	5.61724	4.66339	3.88551	0.642225	3.82462	1.18644	3.42978	3.54576	1.26016	3.85153	4.29141	3.43355	3.98666	0.73751	4.23742	4.16647	3.99414	3.63707	1.50345	3.67539	1.70428	2.5293	2.84919	4.18537	3.69716	4.03704	3.04089	3.50431	0.620279	3.38608	1.87911	2.32118	3.57121	0.491254	3.43036	3.61798	3.55571</FloatingPoint>
				<FloatingPoint size="20">	0.861767	0.857594	0.529766	0.949002	0.375589	0.953465	0.64694	0.928404	0.310938	0.812282	0.303629	0.892609	0.965806	0.979681	0.809179	0.985745	0.279374	0.701963	0.922448	0.313934</FloatingPoint>
			</Individual>
			<Individual size="2">
				<FitnessMax value="2.83325"/>
				<FloatingPoint size="50">	3.19387	0.661058	3.65757	4.82511	3.65553	3.4332	0.667871	3.79267	2.17605	3.049	4.41548	1.431	3.88786	5.58705	4.65201	3.88437	0.642241	3.76558	1.18648	3.44795	3.54559	1.26152	3.85334	4.29141	3.43991	3.98667	0.736249	4.23737	4.16659	3.99286	3.6276	1.50345	3.42299	1.72782	2.78361	3.5635	4.06612	4.10918	2.23462	3.80741	3.50416	0.651665	3.39209	1.79863	2.32106	3.5867	0.486132	3.42623	3.61797	3.54392</FloatingPoint>
				<FloatingPoint size="20">	0.861767	0.857077	0.53096	0.949002	0.38065	0.953465	0.157984	0.925491	0.350532	0.81829	0.278694	0.88958	0.942934	0.979681	0.397096	0.679354	0.184719	0.701963	0.884564	0.302646</FloatingPoint>
			</Individual>
			<Individual size="2">
				<FitnessMax value="2.85564"/>
				<FloatingPoint size="50">	3.19387	0.661064	3.65757	4.82516	3.60878	3.43232	0.667883	3.43215	2.17638	3.04906	4.60975	0.729566	3.88786	5.64105	4.65266	3.88578	0.642241	3.61004	1.18662	3.44795	3.5456	1.25856	3.82548	4.29143	3.39817	3.98647	0.737155	4.23749	4.16799	3.97217	3.63302	1.50345	3.67539	1.72919	2.62797	3.62879	1.8112	3.49167	2.1765	3.91885	3.50465	0.628202	3.39058	1.85083	2.32133	3.84644	0.492902	3.42901	3.61798	3.54685</FloatingPoint>
				<FloatingPoint size="20">	0.861767	0.857074	0.529749	0.949002	0.495631	0.953465	0.48983	0.929792	0.326739	0.81141	0.280742	0.892593	0.880109	0.979681	0.413488	0.523001	0.309131	0.701963	0.928035	0.292386</FloatingPoint>
			</Individual>
			<Individual size="2">
				<FitnessMax value="2.82646"/>
				<FloatingPoint size="50">	3.19356	0.661069	3.65784	4.82519	3.65495	3.43153	0.667861	3.43408	2.10839	3.05701	4.52931	1.42658	3.8873	5.61724	4.66339	3.88551	0.642225	3.82462	1.18644	3.42978	3.54576	1.26016	3.85153	4.29141	3.43355	3.98666	0.73751	4.23742	4.16647	3.99414	3.63707	1.50345	3.67539	1.70428	2.5293	2.84919	4.18537	3.69716	4.03704	3.04089	3.50431	0.620279	3.38608	1.87911	2.32118	3.57121	0.491254	3.43036	3.61798	3.55571</FloatingPoint>
				<FloatingPoint size="20">	0.861767	0.857143	0.529665	0.949002	0.476694	0.953465	0.336667	0.9283	0.321736	0.812239	0.297881	0.892635	0.900794	0.979681	0.643283	0.896408	0.320136	0.701963	0.928288	0.301523</FloatingPoint>
			</Individual>
			<Individual size="2">
				<FitnessMax value="1.46738"/>
				<FloatingPoint size="50">	3.21718	0.661057	3.65757	4.82511	3.65976	3.43919	0.667867	3.47477	2.71169	3.06367	4.50151	1.27643	3.88781	5.62064	4.65199	3.88495	0.642241	3.79542	1.18647	3.44795	3.54559	1.26231	3.85342	4.29141	3.44018	3.98667	0.73497	4.23736	4.16664	3.99269	3.6263	1.50345	3.67539	1.72752	2.79037	3.5506	3.96839	3.17646	2.22941	3.97662	3.50412	0.649367	3.39241	1.8039	2.32117	3.58939	0.487359	3.42654	3.6181	3.54754</FloatingPoint>
				<FloatingPoint size="20">	0.861767	0.856382	0.529687	0.949002	0.444275	0.953465	0.630643	0.929976	0.33217	0.752054	0.996457	0.892553	0.877369	0.979681	0.192325	0.732194	0.306356	0.701963	0.924476	0.300941</FloatingPoint>
			</Individual>
			<Individual size="2">
				<FitnessMax value="2.40005"/>
				<FloatingPoint size="50">	3.19387	0.661064	3.65757	4.82516	3.60878	3.43232	0.667883	3.43215	2.17638	3.04906	4.60975	0.729566	3.88786	5.64105	4.65266	3.88578	0.642241	3.61004	1.18662	3.44795	3.5456	1.25856	3.82548	4.29143	3.39817	3.98647	0.737155	4.23749	4.16799	3.97217	3.63302	1.50345	3.67539	1.72919	2.62797	3.62879	1.8112	3.49167	2.1765	3.91885	3.50465	0.628202	3.39058	1.85083	2.32133	3.57913	0.492902	3.42901	3.61798	3.54685</FloatingPoint>
				<FloatingPoint size="20">	0.861767	0.856044	0.529593	0.949002	0.493179	0.953465	0.841496	0.929818	0.33811	0.811966	0.24068	0.892584	0.896359	0.141338	0.485857	0.947852	0.315511	0.701963	0.926936	0.359667</FloatingPoint>
			</Individual>
			<Individual size="2">
				<FitnessMax value="2.73584"/>
				<FloatingPoint size="50">	3.19387	0.661061	3.65757	4.82511	3.62336	3.43235	0.667872	3.56226	2.17623	3.04903	4.50597	0.770314	3.88786	5.62481	4.65219	3.88457	0.642241	3.64907	1.18655	3.44795	3.54559	1.25891	3.84226	4.29143	3.41653	3.9865	0.736595	4.23749	4.16708	3.98934	3.62975	1.50345	3.67539	1.72827	2.6704	4.81837	2.56067	3.66697	2.18301	3.90447	3.50449	0.641557	3.39197	1.84761	2.32114	3.58121	0.486832	3.42706	3.61843	3.54563</FloatingPoint>
				<FloatingPoint size="20">	0.861767	0.857092	0.529718	0.949002	0.361092	0.953465	0.484012	0.937027	0.31269	0.81141	0.27748	0.892746	0.823439	0.979681	0.386405	0.830383	0.314656	0.701963	0.928333	0.302485</FloatingPoint>
			</Individual>
			<Individual size="2">
				<FitnessMax value="2.85564"/>
				<FloatingPoint size="50">	3.19387	0.661064	3.65757	4.82516	3.60878	3.43232	0.667883	3.43215	2.17638	3.04906	4.60975	0.729566	3.88786	5.64105	4.65266	3.88578	0.642241	3.61004	1.18662	3.44795	3.5456	1.25856	3.82548	4.29143	3.39817	3.98647	0.737155	4.23749	4.16799	3.97217	3.63302	1.50345	3.67539	1.72919	2.62797	3.62879	1.8112	3.49167	2.1765	3.91885	3.50465	0.628202	3.39058	1.85083	2.32133	3.57913	0.492902	3.42901	3.61798	3.54685</FloatingPoint>
				<FloatingPoint size="20">	0.861767	0.856844	0.533506	0.949002	0.319243	0.953465	0.197091	0.928657	0.332362	0.81141	0.28396	0.892819	0.327546	0.979681	0.382866	0.593214	0.317855	0.701963	0.928473	0.345503</FloatingPoint>
			</Individual>
			<Individual size="2">
				<FitnessMax value="2.85564"/>
				<FloatingPoint size="50">	3.19386	0.661064	3.65757	4.82516	3.60878	3.43232	0.667883	3.43215	2.17638	3.0499	4.60976	0.729502	3.88786	5.64104	4.65266	3.88578	0.642241	3.60998	1.18662	3.44795	3.5456	1.25856	3.82548	4.29143	3.39817	3.98647	0.737155	4.23749	4.16799	3.97217	3.63302	1.50345	3.67539	1.72919	2.62797	3.62878	1.81088	3.49167	2.17648	3.91885	3.50465	0.628199	3.39057	1.85083	2.32133	3.57913	0.492902	3.42901	3.61798	3.27363</FloatingPoint>
				<FloatingPoint size="20">	0.861767	0.8574	0.529734	0.949002	0.403776	0.953465	0.589338	0.928317	0.325075	0.811981	0.28824	0.892661	0.959362	0.979681	0.203209	0.531149	0.130798	0.701963	0.927946	0.301795</FloatingPoint>
			</Individual>
			<Individual size="2">
				<FitnessMax value="2.82646"/>
				<FloatingPoint size="50">	3.19387	0.661055	3.65834	4.82512	3.64763	3.43362	0.667874	3.47588	2.17592	3.06919	4.59069	1.09943	3.88748	5.58644	4.65222	3.88474	0.641832	3.70282	1.18651	3.44795	3.5453	1.26133	3.84305	4.29142	3.15064	3.98659	0.737053	4.23741	4.16638	3.98429	3.62917	1.50345	3.67539	1.71629	2.72465	3.98829	3.42143	3.53936	2.20621	3.65581	3.50725	0.642923	3.39301	1.81248	2.32123	3.5851	0.485001	3.42725	3.72251	3.54887</FloatingPoint>
				<FloatingPoint size="20">	0.861767	0.856624	0.531702	0.949002	0.72295	0.953465	0.901588	0.929711	0.280561	0.828746	0.350147	0.893162	0.171685	0.979681	0.462993	0.50949	0.314002	0.707421	0.929141	0.35218</FloatingPoint>
			</Individual>
			<Individual size="2">
				<FitnessMax value="2.82646"/>
				<FloatingPoint size="50">	3.21195	0.661051	3.64813	4.8251	3.65073	3.43369	0.667871	3.58552	2.17604	3.07264	4.52822	1.38158	3.88778	5.63838	4.60983	3.88512	0.642241	3.71178	1.18668	3.44795	3.54542	1.26143	3.85131	4.29141	3.4334	3.98667	0.735373	4.23737	4.16663	3.99243	3.62854	1.50345	3.67539	1.71996	2.69169	2.10913	3.98752	3.81077	2.22871	3.85521	3.50413	0.641819	3.45108	1.79904	2.32107	3.59002	0.486481	3.42657	3.61797	3.55241</FloatingPoint>
				<FloatingPoint size="20">	0.861767	0.856044	0.529593	0.949002	0.462111	0.953465	0.510646	0.930038	0.340919	0.81141	0.23663	0.892539	0.409447	0.979681	0.424212	0.535986	0.638916	0.701963	0.927946	0.3161</FloatingPoint>
			</Individual>
			<Individual size="2">
				<FitnessMax value="2.51633"/>
				<FloatingPoint size="50">	3.19387	0.661064	3.65757	4.82516	3.60878	3.43232	0.667883	3.43215	2.17638	3.04906	4.60975	1.70246	3.88786	5.64105	4.65266	3.88578	0.642241	3.61004	1.18662	3.44795	3.5456	1.25856	3.82548	4.29143	3.39817	3.98647	0.737155	4.23749	4.16799	3.97217	3.63302	1.50345	3.67539	4.56433	2.62797	3.62879	1.8112	3.49167	2.1765	3.91885	3.50465	0.628202	3.39058	1.85083	2.32133	3.57913	0.492902	3.42901	3.61798	3.54685</FloatingPoint>
				<FloatingPoint size="20">	0.861767	0.856468	0.530124	0.949002	0.230911	0.953465	0.802335	0.928747	0.324076	0.81141	0.292667	0.893036	0.721822	0.979681	0.392194	0.490477	0.389341	0.701963	0.926936	0.359667</FloatingPoint>
			</Individual>
			<Individual size="2">
				<FitnessMax value="2.83325"/>
				<FloatingPoint size="50">	3.19387	0.661058	3.65757	4.82511	3.65553	3.4332	0.667871	3.43002	2.17605	3.049	4.41548	1.431	3.88786	5.58705	4.65201	3.88437	0.642241	3.76558	1.18648	3.44795	3.54559	1.26152	3.85334	4.29141	3.43991	3.98667	0.736249	4.23737	4.16659	3.99286	3.6276	1.50345	3.67539	1.72782	2.78361	3.5635	4.06612	4.10918	2.23462	3.80741	3.50416	0.651665	3.39209	1.79863	2.32106	3.5867	0.486132	3.42623	3.61797	3.54392</FloatingPoint>
				<FloatingPoint size="20">	0.861767	0.857048	0.533329	0.949002	0.359546	0.953465	0.408039	0.926978	0.341643	0.814371	0.267654	0.890466	0.906846	0.979681	0.39375	0.682034	0.229754	0.701963	0.899233	0.317015</FloatingPoint>
			</Individual>
			<Individual size="2">
				<FitnessMax value="2.85825"/>
				<FloatingPoint size="50">	3.19387	0.661064	3.65757	4.82516	3.60878	3.43232	0.667883	3.43215	2.17638	3.04906	4.60975	0.729566	3.88786	5.64105	4.65266	3.88578	0.642241	3.61004	1.18662	3.44795	3.5456	1.25856	3.82548	4.29143	3.39817	3.98647	0.737155	4.23749	4.16799	3.97217	3.63302	1.50345	3.67539	1.72919	2.62797	3.62879	1.8112	3.49167	2.1765	3.91885	3.50465	0.628202	3.39058	1.85083	2.32133	3.57913	0.492902	3.42901	3.61798	3.54685</FloatingPoint>
				<FloatingPoint size="20">	0.861767	0.856044	0.529593	0.949002	0.493179	0.953465	0.841496	0.929818	0.33811	0.811966	0.24068	0.892584	0.896359	0.979681	0.485857	0.947852	0.315511	0.701963	0.929811	0.321215</FloatingPoint>
			</Individual>
			<Individual size="2">
				<FitnessMax value="0.621817"/>
				<FloatingPoint size="50">	3.19495	0.661065	3.65757	4.82511	3.60045	3.43196	6.10962	3.43037	2.17658	3.04902	4.60975	0.787286	3.88733	5.55003	4.65265	3.886	0.642241	3.61767	1.18644	3.44795	3.54539	1.25827	3.8496	4.29141	3.38947	3.98645	0.736602	4.2375	4.16717	3.96785	3.62539	1.50345	3.67539	1.69688	2.60087	3.60663	1.45495	1.47932	2.1791	3.536	3.5031	0.632117	3.39578	1.36679	2.32137	3.57772	0.487908	3.42993	3.61798	3.55423</FloatingPoint>
				<FloatingPoint size="20">	0.861767	0.857263	0.533698	0.949002	0.365811	0.682152	0.487571	0.928112	0.329678	0.822611	0.289423	0.892426	0.884644	0.979681	0.387596	0.594464	0.298631	0.701963	0.928412	0.323851</FloatingPoint>
			</Individual>
			<Individual size="2">
				<FitnessMax value="2.73584"/>
				<FloatingPoint size="50">	3.19387	0.661064	3.65757	4.82517	3.60622	3.43227	0.667884	3.41238	2.1764	3.04907	4.6204	0.691094	3.88786	5.64401	4.65269	3.88586	0.642241	3.60151	1.18663	3.44795	3.5456	1.2584	3.82395	4.29143	3.42037	3.98654	0.736626	4.23742	4.16728	3.98432	3.62899	1.50345	3.67539	1.72119	2.72235	3.12836	2.83759	3.26397	2.21118	3.91744	3.50433	0.638107	3.39431	1.81952	2.32125	3.62269	0.489178	3.42751	3.61797	3.55138</FloatingPoint>
				<FloatingPoint size="20">	0.861767	0.857689	0.530191	0.949002	0.562106	0.953465	0.436989	0.939957	0.322178	0.81141	0.293049	0.892894	0.823492	0.979681	0.390312	0.546517	0.320418	0.701963	0.928992	0.34744</FloatingPoint>
			</Individual>
			<Individual size="2">
				<FitnessMax value="2.85564"/>
				<FloatingPoint size="50">	3.19387	0.661064	3.65757	4.82516	3.60878	3.43232	0.667883	3.43215	2.17638	3.04906	4.60975	0.729566	3.88786	5.64105	4.65266	3.88578	0.642241	3.61004	1.18662	3.44795	3.5456	1.25856	3.82548	4.29143	3.39817	3.98647	0.737155	4.23749	4.16799	3.97217	3.63302	1.50345	3.67539	1.72919	2.62797	3.62879	1.8112	3.49167	2.1765	3.91885	3.50465	0.628202	3.39058	1.85083	2.32133	3.57913	0.492902	3.42901	3.61798	3.54685</FloatingPoint>
				<FloatingPoint size="20">	0.861767	0.857034	0.529859	0.949002	0.516091	0.953465	0.625129	0.92879	0.328516	0.811627	0.125548	0.89261	0.893668	0.979681	0.427143	0.660899	0.309103	0.701963	0.929388	0.293937</FloatingPoint>
			</Individual>
			<Individual size="2">
				<FitnessMax value="2.85564"/>
				<FloatingPoint size="50">	3.19387	0.661064	3.65757	4.82516	3.60878	3.43232	0.667883	3.43215	2.17638	3.04906	4.60975	0.729566	3.88786	5.64105	4.65266	3.88578	0.642241	3.61004	1.18662	3.44795	3.5456	1.25856	3.82548	4.29143	3.39817	3.98647	0.737155	4.23749	4.16799	3.97217	3.63302	1.50345	3.67539	1.72919	2.62797	3.62879	1.8112	3.49167	2.1765	3.91885	3.50465	0.628202	3.39058	1.85083	2.32133	3.57913	0.492902	3.42901	3.61798	3.54685</FloatingPoint>
				<FloatingPoint size="20">	0.861767	0.856857	0.537802	0.949002	0.356768	0.953465	0.578892	0.92868	0.336477	0.81141	0.267093	0.891803	0.800164	0.979681	0.373865	0.692413	0.303438	0.701963	0.928878	0.335014</FloatingPoint>
			</Individual>
			<Individual size="2">
				<FitnessMax value="2.83325"/>
				<FloatingPoint size="50">	3.19387	0.661058	3.65757	4.82511	3.65553	3.4332	0.667871	3.43002	2.17605	3.049	4.41548	1.431	3.88786	5.58705	4.65201	3.88437	0.642241	3.76558	1.18648	3.44795	3.54559	1.26152	3.85334	4.29141	3.43991	3.98667	0.736249	4.23737	4.16659	3.99286	3.6276	1.50345	3.67539	1.72782	2.78361	3.5635	2.22231	4.10918	2.23462	3.80741	3.50416	0.651665	3.39209	1.79863	2.32106	3.5867	0.486132	3.42623	3.61797	3.54392</FloatingPoint>
				<FloatingPoint size="20">	0.861767	0.857565	0.530488	0.949002	0.387312	0.953465	0.245644	0.926115	0.334592	0.813512	0.29628	0.891048	0.954884	0.979681	0.358502	0.651439	0.125095	0.701963	0.902054	0.323394</FloatingPoint>
			</Individual>
			<Individual size="2">
				<FitnessMax value="2.85825"/>
				<FloatingPoint size="50">	3.19387	0.661064	3.65757	4.82516	3.60878	3.43232	0.667883	3.43215	2.17638	3.0495	4.60975	0.729509	3.88786	5.64104	4.65266	3.88578	0.642241	3.61003	1.18662	3.44795	3.5456	1.25856	3.82548	4.29143	3.39817	3.98647	0.737155	4.23749	4.16799	3.97217	3.63302	1.50345	3.67539	1.72919	2.62795	3.62878	1.81104	3.49158	2.17649	3.9191	3.50465	0.628202	3.39058	1.85084	2.32133	3.80966	0.492902	3.42901	3.61791	3.54685</FloatingPoint>
				<FloatingPoint size="20">	0.861767	0.856044	0.529593	0.949002	0.493179	0.953465	0.841496	0.929818	0.33811	0.81141	0.24068	0.892584	0.896359	0.979681	0.485857	0.947852	0.315511	0.701963	0.929811	0.321215</FloatingPoint>
			</Individual>
			<Individual size="2">
				<FitnessMax value="2.82646"/>
				<FloatingPoint size="50">	3.2244	0.661059	3.65757	4.82511	3.65309	3.433	0.667862	3.43003	2.17611	3.03078	4.42723	1.30398	3.88787	5.59484	4.52699	3.88559	0.642241	3.81479	1.18647	3.44795	3.54561	1.26245	3.85447	4.29141	3.44455	3.98658	0.726926	4.23741	4.16688	3.99547	3.6251	1.50345	3.67539	1.72903	2.78121	3.54647	3.71132	2.78395	2.23146	3.3019	3.50414	0.64601	3.39629	1.80781	2.32129	3.59009	0.486557	3.42671	3.72035	3.54532</FloatingPoint>
				<FloatingPoint size="20">	0.861767	0.856519	0.537846	0.949002	0.457043	0.991237	0.375891	0.928555	0.338957	0.81141	0.285493	0.891367	0.793636	0.979681	0.292747	0.60671	0.292071	0.701963	0.927946	0.324719</FloatingPoint>
			</Individual>
			<Individual size="2">
				<FitnessMax value="2.58023"/>
				<FloatingPoint size="50">	3.20753	0.661064	3.65757	4.82516	3.60878	3.43232	0.667883	3.43215	2.17638	3.04906	4.60975	0.729566	3.88786	5.64105	4.65266	3.88578	0.965843	3.61004	1.18662	3.44795	3.5456	1.25856	3.82548	4.29143	3.39817	3.98647	0.737155	4.23749	4.16799	3.97217	3.63302	1.50345	3.67539	1.72919	2.62797	3.62879	1.8112	4.21196	2.1765	3.91885	3.50465	0.628202	3.39058	1.85083	2.32133	3.77661	0.492902	3.51702	3.61798	3.54685</FloatingPoint>
				<FloatingPoint size="20">	0.861767	0.856916	0.401828	0.949002	0.390605	0.953465	0.54563	0.928503	0.331801	0.81141	0.264391	0.895912	0.849688	0.979681	0.449966	0.644894	0.304212	0.701963	0.928646	0.320455</FloatingPoint>
			</Individual>
			<Individual size="2">
				<FitnessMax value="2.85564"/>
				<FloatingPoint size="50">	3.20753	0.661064	3.65757	4.82516	3.60878	3.43232	0.667883	3.43215	2.17638	3.04906	4.60975	0.729566	3.88786	5.64105	4.65266	3.88578	0.965843	3.61004	1.18662	3.44795	3.5456	1.25856	3.82548	4.29143	3.39817	3.98647	0.737155	4.23749	4.16799	3.97217	3.63302	1.50345	3.67539	1.72919	2.62797	3.62879	1.8112	3.49167	2.1765	3.91885	3.50465	0.628202	3.39058	1.85083	2.32133	3.77661	0.492902	3.51702	3.61798	3.54685</FloatingPoint>
				<FloatingPoint size="20">	0.861767	0.857032	0.529673	0.949002	0.457196	0.953465	0.48017	0.928154	0.322598	0.81141	0.259074	0.904	0.947151	0.979681	0.599734	0.551378	0.305735	0.701963	0.92819	0.291803</FloatingPoint>
			</Individual>
		</Deme>
	</Population>
</ECF>
