<?xml version="1.0" encoding="ISO-8859-1"?>
<ECF milestone="Mon Jun 18 17:49:44 2018
">
	<Registry>
		<Entry key="1FloatingPoint.dimension">20</Entry>
		<Entry key="1FloatingPoint.lbound">0</Entry>
		<Entry key="1FloatingPoint.ubound">1</Entry>
		<Entry key="FloatingPoint.dimension">50</Entry>
		<Entry key="FloatingPoint.lbound">0</Entry>
		<Entry key="FloatingPoint.ubound">6.99</Entry>
		<Entry key="SteadyStateTournament.tsize">3</Entry>
		<Entry key="batch.logfile_">*</Entry>
		<Entry key="batch.remaining_">0</Entry>
		<Entry key="batch.repeats">1</Entry>
		<Entry key="batch.singlemilestone">1</Entry>
		<Entry key="batch.statsfile">stats/ohlc_bitfinex_ltcusd_21600_10_100_0.9_0.7.csv</Entry>
		<Entry key="data.balance">1545.84</Entry>
		<Entry key="data.input">data/train/ohlc_bitfinex_ltcusd_21600.csv</Entry>
		<Entry key="data.test">data/test/ohlc_bitfinex_ltcusd_21600.csv</Entry>
		<Entry key="fuzzy.langvars">conf/ohlc_bitfinex_ltcusd_21600.conf</Entry>
		<Entry key="fuzzy.numrules">10</Entry>
		<Entry key="fuzzy.threshold">0.7</Entry>
		<Entry key="log.frequency">10</Entry>
		<Entry key="log.level">3</Entry>
		<Entry key="milestone.elapsedtime_">322</Entry>
		<Entry key="milestone.filename">milestones/ohlc_bitfinex_ltcusd_21600_10_100_0.9_0.7.txt</Entry>
		<Entry key="milestone.generation_">2999</Entry>
		<Entry key="mutation.indprob">0.9</Entry>
		<Entry key="operator.logfile">log/ohlc_bitfinex_ltcusd_21600_10_100_0.9_0.7.csv</Entry>
		<Entry key="population.size">100</Entry>
		<Entry key="term.eval">300000</Entry>
		<Entry key="term.maxtime">1800</Entry>
	</Registry>
	<Population size="1">
		<HallOfFame size="1">
			<Individual size="2" gen="2859">
				<FitnessMax value="3.4828"/>
				<FloatingPoint size="50">	2.45377	0.71842	3.48111	3.58897	3.43964	3.37624	1.32686	3.44235	5.6938	4.4934	2.39459	1.03801	3.14991	3.60302	3.80317	3.33037	1.51053	3.18661	3.58974	3.39107	2.5596	1.48322	2.68056	1.55144	1.5216	3.60691	1.71408	3.25719	5.57715	5.38282	2.48975	1.55758	2.50557	1.62392	2.60167	2.6253	1.68625	2.4739	1.569	2.35639	2.53684	0.534251	2.55505	1.67992	2.56598	2.45988	1.78121	3.53435	1.38301	2.40943</FloatingPoint>
				<FloatingPoint size="20">	0.708794	0.248024	0.990041	0.967003	0.226185	0.924541	0.907863	0.764323	0.941803	0.928765	0.489986	0.607917	0.967012	0.865187	0.903378	0.856294	0.986428	0.185346	0.570718	0.806432</FloatingPoint>
			</Individual>
		</HallOfFame>
		<Deme size="100">
			<HallOfFame size="1">
				<Individual size="2" gen="2859">
					<FitnessMax value="3.4828"/>
					<FloatingPoint size="50">	2.45377	0.71842	3.48111	3.58897	3.43964	3.37624	1.32686	3.44235	5.6938	4.4934	2.39459	1.03801	3.14991	3.60302	3.80317	3.33037	1.51053	3.18661	3.58974	3.39107	2.5596	1.48322	2.68056	1.55144	1.5216	3.60691	1.71408	3.25719	5.57715	5.38282	2.48975	1.55758	2.50557	1.62392	2.60167	2.6253	1.68625	2.4739	1.569	2.35639	2.53684	0.534251	2.55505	1.67992	2.56598	2.45988	1.78121	3.53435	1.38301	2.40943</FloatingPoint>
					<FloatingPoint size="20">	0.708794	0.248024	0.990041	0.967003	0.226185	0.924541	0.907863	0.764323	0.941803	0.928765	0.489986	0.607917	0.967012	0.865187	0.903378	0.856294	0.986428	0.185346	0.570718	0.806432</FloatingPoint>
				</Individual>
			</HallOfFame>
			<Individual size="2">
				<FitnessMax value="3.44968"/>
				<FloatingPoint size="50">	2.78145	0.720092	3.55873	3.58888	3.43956	3.37615	1.33366	3.43825	5.69957	4.5073	2.40539	1.93972	3.14983	3.62763	3.54213	3.39524	1.50921	3.29462	3.59261	3.64714	2.56049	1.4827	2.68021	1.59851	1.52489	3.63529	1.65408	3.25739	5.64624	5.41591	2.48671	1.55783	2.48964	1.46293	2.88319	2.62531	1.25483	2.47369	1.569	2.35587	2.53772	0.546241	2.55782	1.50083	2.56412	2.47072	1.78116	3.58038	1.20872	2.90143</FloatingPoint>
				<FloatingPoint size="20">	0.708794	0.243698	0.990041	0.967003	0.167147	0.924541	0.855009	0.761287	0.941862	0.916592	0.488635	0.60795	0.999689	0.865422	0.898292	0.89777	0.988465	0.274148	0.56921	0.804879</FloatingPoint>
			</Individual>
			<Individual size="2">
				<FitnessMax value="3.44968"/>
				<FloatingPoint size="50">	2.63374	0.72009	3.23692	3.58878	3.43953	3.45729	1.33803	3.44007	5.66767	4.50041	2.4225	1.74967	3.14983	3.60657	3.56169	3.44198	1.5214	3.28791	3.5926	3.38131	2.56293	1.4568	2.68033	1.55437	1.5406	3.43277	1.93258	3.25741	5.57515	5.45613	2.44402	1.55714	2.59489	1.45249	2.83414	2.62531	1.2795	2.47096	1.56904	2.35597	2.52223	0.537795	2.56649	1.65668	2.56217	2.45957	1.77998	3.57881	1.34155	2.42966</FloatingPoint>
				<FloatingPoint size="20">	0.708794	0.277096	0.990041	0.967003	0.00565593	0.902075	0.92009	0.914053	0.940468	0.908176	0.472955	0.603195	0.98426	0.865646	0.925712	0.899702	0.979133	0.08192	0.474206	0.804796</FloatingPoint>
			</Individual>
			<Individual size="2">
				<FitnessMax value="3.30366"/>
				<FloatingPoint size="50">	2.81592	0.720054	3.83483	3.58888	3.26248	3.37593	1.33671	3.50036	5.66692	4.49091	2.41865	1.67388	3.14984	3.61744	3.62233	3.42539	1.52045	3.2667	3.60872	3.41673	2.56135	1.98895	2.69555	1.55514	1.52612	3.29255	1.65404	3.25793	5.59094	5.35635	2.453	1.55784	2.60124	1.49905	2.67852	2.62531	1.25073	2.47142	1.57034	2.35591	2.52486	0.53818	2.56209	1.65411	2.56322	2.497	1.77875	3.56748	1.33719	2.44365</FloatingPoint>
				<FloatingPoint size="20">	0.708794	0.255895	0.990041	0.967003	0.194693	0.922354	0.94667	0.694718	0.938064	0.92405	0.441678	0.60235	0.984181	0.865521	0.905313	0.901087	0.975482	0.829225	0.538975	0.804996</FloatingPoint>
			</Individual>
			<Individual size="2">
				<FitnessMax value="3.44968"/>
				<FloatingPoint size="50">	2.45259	0.719939	3.28404	3.58853	3.43952	3.37609	1.33856	3.43391	5.6678	4.50103	2.42716	1.77908	3.14982	3.60601	3.53829	3.44045	1.52204	3.22921	3.59235	3.39117	2.5627	1.48036	2.67996	1.55404	1.52497	3.45296	1.62788	3.25739	5.56278	5.46347	2.43929	1.55702	2.58978	1.46377	2.90913	2.62531	1.78323	2.47392	1.569	2.35587	2.5217	0.546216	2.56336	1.65827	2.56216	2.45865	1.66367	3.53588	1.34676	2.41096</FloatingPoint>
				<FloatingPoint size="20">	0.708794	0.243894	0.990041	0.967003	0.142531	0.924541	0.916313	0.890058	0.941461	0.91483	0.487672	0.606	0.99173	0.86549	0.900282	0.900772	0.977048	0.237114	0.569059	0.804809</FloatingPoint>
			</Individual>
			<Individual size="2">
				<FitnessMax value="3.44968"/>
				<FloatingPoint size="50">	2.63116	0.720054	3.83483	3.58858	3.43953	3.37593	1.33671	3.44432	5.66366	4.49091	2.40987	1.67388	3.14985	3.62052	3.62233	3.42539	1.52045	3.22819	3.60872	3.41673	2.56135	1.98895	2.69555	1.6038	1.52612	3.29255	1.65404	3.25793	5.58593	5.35635	2.453	1.55756	2.59151	1.49905	2.68117	2.62531	1.25073	2.48829	1.57034	2.35591	2.52486	0.547531	2.56209	1.65311	2.56322	2.49394	1.77875	3.58255	1.33719	2.44365</FloatingPoint>
				<FloatingPoint size="20">	0.708794	0.244542	0.990041	0.967003	0.141745	0.929397	0.895557	0.656035	0.937634	0.91502	0.48808	0.605537	0.993427	0.86551	0.897861	0.900763	0.98672	0.520535	0.557773	0.804999</FloatingPoint>
			</Individual>
			<Individual size="2">
				<FitnessMax value="3.44968"/>
				<FloatingPoint size="50">	2.52468	0.719932	3.23568	3.58903	3.43952	3.37615	1.33781	3.54752	5.6678	4.50103	2.42425	1.73744	3.14983	3.606	3.55793	3.44036	1.51732	3.37805	3.59234	3.34892	2.5627	1.48036	2.68002	1.55402	1.54021	3.46407	1.92223	3.25741	5.57338	5.45351	2.44742	1.55702	2.60042	1.46377	2.7515	2.62531	1.338	2.47097	1.569	2.35587	2.52449	0.547525	2.56336	1.65827	2.56216	2.45889	1.78113	3.58046	1.31175	2.46448</FloatingPoint>
				<FloatingPoint size="20">	0.708794	0.246405	0.990041	0.967003	0.147959	0.926875	0.937845	0.913884	0.939767	0.906754	0.387269	0.532578	0.982032	0.865758	0.900909	0.900582	0.977477	0.324097	0.553949	0.80487</FloatingPoint>
			</Individual>
			<Individual size="2">
				<FitnessMax value="3.44968"/>
				<FloatingPoint size="50">	2.63374	0.720078	3.31185	3.58863	3.43954	3.37613	1.33685	3.44931	5.67102	4.50286	2.40374	1.69878	3.14983	3.62562	3.60165	3.40921	1.52066	3.22798	3.59287	3.41602	2.5625	1.14422	2.68001	1.60292	1.52462	3.50256	1.65324	3.25737	5.57349	5.37826	2.44392	1.55724	2.60098	1.50859	2.70186	2.62531	1.04775	2.47238	1.569	2.35592	2.52662	0.546189	2.56199	1.66372	2.56342	2.51819	1.78113	3.57555	1.33294	2.40948</FloatingPoint>
				<FloatingPoint size="20">	0.708794	0.275879	0.989965	0.967039	0.151083	0.911766	0.905607	0.783291	0.941861	0.916962	0.39338	0.605003	0.997893	0.865365	0.905657	0.895244	0.98854	0.285662	0.547248	0.805258</FloatingPoint>
			</Individual>
			<Individual size="2">
				<FitnessMax value="3.36441"/>
				<FloatingPoint size="50">	2.58901	0.719822	3.4288	3.27861	3.43954	3.37612	1.33543	3.53293	5.68558	4.50406	2.39916	1.81855	3.14984	3.61701	3.58727	3.41175	1.51506	3.22672	3.59777	3.5644	2.56117	1.45816	2.67975	1.50645	1.56708	3.55952	1.60979	3.25741	5.56623	5.39798	2.46383	1.55769	2.54026	1.52215	2.75121	2.60452	1.36509	2.47311	1.56899	2.35602	2.53017	0.547504	2.56064	1.57947	2.563	2.49358	1.78114	3.61238	1.27777	2.65615</FloatingPoint>
				<FloatingPoint size="20">	0.708794	0.277096	0.990041	0.967003	0.138115	0.902075	0.418845	0.914053	0.940468	0.908176	0.472955	0.603195	0.98426	0.865646	0.925712	0.899702	0.979133	0.08192	0.474206	0.804796</FloatingPoint>
			</Individual>
			<Individual size="2">
				<FitnessMax value="3.44968"/>
				<FloatingPoint size="50">	2.44268	0.720042	3.31976	3.58898	3.43955	3.37615	1.33859	3.47775	5.68509	4.50549	2.40412	1.78238	3.14983	3.63492	3.59235	3.43355	1.51727	3.21644	3.59339	3.41148	2.56232	1.48151	2.67997	1.5549	1.52497	3.5299	1.65602	3.25739	5.61639	5.39573	2.43898	1.55709	2.58949	1.46066	2.90913	2.62531	1.6431	2.47392	1.57154	2.35587	2.5191	0.531982	2.56318	1.65885	2.56317	2.46037	1.7395	3.54635	1.3578	2.41087</FloatingPoint>
				<FloatingPoint size="20">	0.708794	0.257047	0.990041	0.967003	0.199022	0.918705	0.956279	0.760147	0.941103	0.927145	0.424781	0.545446	0.963162	0.86581	0.90782	0.903118	0.969764	0.219948	0.511133	0.804622</FloatingPoint>
			</Individual>
			<Individual size="2">
				<FitnessMax value="3.44968"/>
				<FloatingPoint size="50">	2.63374	0.719884	3.34098	3.58876	3.43953	3.37598	1.33663	3.44957	5.6937	4.50515	2.40458	1.71289	3.14985	3.62459	3.61032	3.39608	1.51754	3.21646	3.59876	3.51986	2.56247	1.4596	2.69302	1.59405	1.5304	3.49621	1.71315	3.25723	5.57825	5.4006	2.43498	1.55744	2.59427	1.49938	2.83216	2.62531	1.77157	2.47291	1.57069	2.35591	2.52045	0.546194	2.56351	1.65838	2.56271	2.52077	1.66975	3.53644	1.3487	2.40847</FloatingPoint>
				<FloatingPoint size="20">	0.708794	0.338836	0.989867	0.967118	0.219785	0.925188	0.951085	0.759453	0.945814	0.910646	0.396699	0.599482	0.945604	0.865283	0.902313	0.892503	0.973796	0.649261	0.562674	0.804769</FloatingPoint>
			</Individual>
			<Individual size="2">
				<FitnessMax value="3.25277"/>
				<FloatingPoint size="50">	2.63374	0.720078	3.31185	3.58863	3.43954	3.37613	1.33685	3.44931	5.67102	4.50286	2.40374	1.69878	3.14983	3.62562	3.60165	3.40921	1.52066	0.283673	3.59287	3.41602	2.5625	1.14422	2.68001	1.60292	1.52462	3.50256	1.65324	3.25737	5.57349	5.37816	2.44287	1.55703	2.58992	1.46486	2.90677	2.62531	1.23658	2.47389	1.56906	2.35587	2.52166	0.546216	2.56336	1.65827	2.56218	2.46055	1.7777	3.5359	1.34682	2.41088</FloatingPoint>
				<FloatingPoint size="20">	0.708794	0.245138	0.989934	0.966899	0.167767	0.922427	0.894786	0.760432	0.941411	0.907426	0.428314	0.601287	0.970712	0.865484	0.905712	0.899343	0.978236	0.117688	0.549117	0.80486</FloatingPoint>
			</Individual>
			<Individual size="2">
				<FitnessMax value="3.36441"/>
				<FloatingPoint size="50">	2.63374	0.72009	3.23692	3.58878	3.43953	3.45729	1.33803	3.44007	5.66767	4.50041	2.4225	1.74967	3.14983	3.60657	3.56169	3.44198	1.5214	3.28791	3.5926	3.38131	2.56293	1.4568	2.68033	1.55437	1.5406	3.43277	1.93258	3.25741	5.57515	5.45613	2.44402	1.55714	2.59489	1.45249	2.83414	2.62531	1.2795	2.47096	1.56904	2.35597	2.52223	0.537795	2.56649	1.65668	2.56217	2.45957	1.77998	3.57881	1.34155	2.42966</FloatingPoint>
				<FloatingPoint size="20">	0.708794	0.255692	0.990041	0.967003	0.182729	0.92412	0.886525	0.959988	0.940804	0.907111	0.489077	0.605789	0.996112	0.866165	0.899653	0.900859	0.97992	0.120464	0.481537	0.804809</FloatingPoint>
			</Individual>
			<Individual size="2">
				<FitnessMax value="3.44968"/>
				<FloatingPoint size="50">	2.63374	0.720078	3.31185	3.58863	3.33129	3.37613	1.33685	3.44931	5.67102	4.50286	2.40374	1.69878	3.14983	3.62562	3.60165	3.40921	1.52066	3.22798	3.59287	3.41602	2.5625	1.14422	2.68001	1.60292	1.52462	3.50256	1.65324	3.25737	5.57349	5.37826	2.44392	1.55724	2.60098	1.50859	2.70186	2.62531	1.04775	2.47238	1.569	2.35592	2.52662	0.546189	2.56199	1.66372	2.56342	2.51819	1.78113	3.57555	1.33294	2.40948</FloatingPoint>
				<FloatingPoint size="20">	0.708794	0.310649	0.989888	0.967075	0.147951	0.905709	0.925623	0.764948	0.943819	0.917253	0.395376	0.603402	0.996351	0.865248	0.902149	0.892061	0.988516	0.206399	0.539306	0.805481</FloatingPoint>
			</Individual>
			<Individual size="2">
				<FitnessMax value="3.44968"/>
				<FloatingPoint size="50">	2.52898	0.719959	3.31185	3.58863	3.43953	3.37597	1.33673	3.44931	5.67102	4.50286	2.40374	1.55174	3.14986	3.62562	3.62868	3.3957	1.52039	3.22798	3.59863	3.41602	2.5625	1.48289	2.6982	1.60292	1.5309	3.50256	1.73947	3.25723	5.58852	5.396	2.43194	1.55787	2.60098	1.50859	2.67401	2.62531	1.68341	2.47238	1.4476	2.35591	2.51136	0.546189	2.56354	1.66372	2.56342	2.53331	1.78109	3.57555	1.34885	2.40781</FloatingPoint>
				<FloatingPoint size="20">	0.708794	0.303559	0.992502	0.967047	0.173051	0.924596	0.859494	0.767057	0.94272	0.91291	0.485882	0.605955	0.979732	0.865324	0.900953	0.892711	0.985981	0.36788	0.568991	0.805056</FloatingPoint>
			</Individual>
			<Individual size="2">
				<FitnessMax value="2.84603"/>
				<FloatingPoint size="50">	2.51197	0.720096	3.58267	3.58988	3.43958	3.37589	1.33802	3.42708	5.69398	4.50012	2.44682	1.51336	3.14989	3.60467	3.67936	3.41403	1.52596	3.25093	3.60808	3.39107	2.56088	1.47964	2.67965	1.55399	1.5254	3.60306	1.62648	3.25741	5.6008	5.37629	2.41122	1.5591	2.59352	1.44653	3.66398	2.62531	1.68679	2.47392	1.569	2.35575	2.52042	0.535716	2.56871	1.61683	2.56219	2.45887	1.78105	3.53799	1.34937	2.40705</FloatingPoint>
				<FloatingPoint size="20">	0.708794	0.248024	0.990041	0.967003	0.199022	0.924541	0.956279	0.764323	0.941103	0.928259	0.489993	0.545446	0.963162	0.86581	0.903363	0.855516	0.969764	0.368481	0.511133	0.806461</FloatingPoint>
			</Individual>
			<Individual size="2">
				<FitnessMax value="3.44968"/>
				<FloatingPoint size="50">	2.46248	0.719526	3.5439	3.58963	3.43956	3.37614	1.33392	3.58981	5.69786	4.50696	2.40657	1.93105	3.14985	3.60741	3.61129	3.39768	1.50991	3.16274	3.60207	3.63332	2.56061	1.43349	2.68019	1.63068	1.54998	3.53999	1.62795	3.2574	5.57221	5.40084	2.46342	1.558	2.56673	1.52521	2.68352	2.62531	1.27634	2.47293	1.569	2.35596	2.52971	0.54823	2.5608	1.61421	2.56356	2.46729	1.78113	3.59603	1.30196	2.5582</FloatingPoint>
				<FloatingPoint size="20">	0.708794	0.324362	0.990041	0.967003	0.162427	0.888506	0.875414	0.759277	0.939874	0.917037	0.0835	0.602286	0.999641	0.865364	0.940022	0.897539	0.989017	0.168831	0.361703	0.804889</FloatingPoint>
			</Individual>
			<Individual size="2">
				<FitnessMax value="3.4828"/>
				<FloatingPoint size="50">	2.80957	0.720103	3.28404	3.58853	3.43952	3.37609	1.33856	3.43391	5.6678	4.50103	2.42716	1.77908	3.14982	3.60601	3.53829	3.44045	1.52204	3.22921	3.59235	3.39117	2.5627	1.48036	2.67996	1.55404	1.52497	3.45296	1.62788	3.25739	5.56278	5.37745	2.43929	1.55702	2.58978	1.46377	2.90913	2.62531	1.21968	2.47392	1.569	2.35587	2.5217	0.546216	2.56336	1.65827	2.56216	2.45865	1.78111	3.53588	1.34676	2.41096</FloatingPoint>
				<FloatingPoint size="20">	0.708794	0.246322	0.990041	0.967003	0.16962	0.924541	0.856905	0.76093	0.941847	0.916764	0.488489	0.607688	0.99962	0.865469	0.898358	0.897602	0.98794	0.100918	0.569146	0.805199</FloatingPoint>
			</Individual>
			<Individual size="2">
				<FitnessMax value="3.03007"/>
				<FloatingPoint size="50">	2.52468	0.719932	3.23568	3.58903	3.43952	3.37615	1.33781	3.54752	5.6678	4.50103	2.42425	1.73744	3.14983	3.606	3.55793	3.44036	1.51732	3.37805	3.59234	3.34892	2.5627	1.48036	2.68002	1.55402	1.54021	3.46407	1.92223	3.25741	5.57338	5.45351	2.44742	1.55702	2.60042	1.46377	2.7515	0.749901	1.338	2.47097	1.569	2.35587	2.52449	0.547525	2.56336	1.65827	2.56216	2.45889	1.78113	3.58046	1.31175	2.46448</FloatingPoint>
				<FloatingPoint size="20">	0.708794	0.300828	0.990041	0.967003	0.168762	0.92501	0.876758	0.84365	0.94007	0.913038	0.430951	0.554787	0.995967	0.865705	0.900636	0.900219	0.987873	0.257091	0.566183	0.804887</FloatingPoint>
			</Individual>
			<Individual size="2">
				<FitnessMax value="2.93086"/>
				<FloatingPoint size="50">	2.58901	0.72	3.36718	3.58873	3.43955	3.37612	2.88829	3.57608	5.68339	4.50874	2.40272	1.70677	3.14983	3.62375	3.5896	3.41283	1.51822	3.22673	3.59364	3.46884	2.56224	1.3693	2.67995	1.56211	1.53994	3.49863	1.6414	3.25739	5.56901	5.39564	2.44392	1.55738	2.58271	1.51779	2.86848	2.6129	1.41613	2.47328	1.56903	2.35592	2.52597	0.546758	2.56316	1.6558	2.56285	2.492	1.77016	3.54298	1.30854	2.49329</FloatingPoint>
				<FloatingPoint size="20">	0.708794	0.246322	0.990041	0.967003	0.16962	0.924541	0.856905	0.76093	0.941847	0.916764	0.488489	0.607688	0.99962	0.865469	0.898358	0.897602	0.98794	0.100918	0.569146	0.805199</FloatingPoint>
			</Individual>
			<Individual size="2">
				<FitnessMax value="3.44968"/>
				<FloatingPoint size="50">	2.63374	0.720078	3.31185	3.58863	3.43954	3.37613	1.33685	3.44931	5.67102	4.50286	2.40374	1.69878	3.14983	3.62562	3.60165	3.40921	1.52066	3.22798	3.59287	3.41602	2.5625	1.14422	2.68001	1.60292	1.52462	3.50256	1.65324	3.25737	5.57349	5.37826	2.44392	1.55724	2.60098	1.50859	2.70186	2.62531	1.04775	2.47238	1.569	2.35592	2.52662	0.546189	2.56199	1.66372	2.56342	2.51819	1.78113	3.57555	1.33294	2.40948</FloatingPoint>
				<FloatingPoint size="20">	0.708794	0.258197	0.989965	0.967039	0.156687	0.911766	0.886369	0.783291	0.941642	0.916962	0.494373	0.605003	0.997893	0.865427	0.905657	0.895244	0.985859	0.285662	0.526851	0.80503</FloatingPoint>
			</Individual>
			<Individual size="2">
				<FitnessMax value="3.44968"/>
				<FloatingPoint size="50">	2.63374	0.720078	3.31185	3.58863	3.43954	3.37613	1.33685	3.44931	5.67102	4.50286	2.40374	1.69878	3.14983	3.62562	3.60165	3.40921	1.52066	3.22798	3.59287	3.41602	2.5625	1.14422	2.68001	1.60292	1.52462	3.50256	1.65324	3.25737	5.57349	5.37826	2.44392	1.55724	2.60098	1.50859	2.70186	2.62531	1.04775	2.47238	1.569	2.35592	2.52662	0.546189	2.56199	1.66372	2.56342	2.51819	1.78113	3.57555	1.33294	2.40948</FloatingPoint>
				<FloatingPoint size="20">	0.708794	0.310649	0.989888	0.967075	0.147951	0.905709	0.925623	0.764948	0.943819	0.917253	0.395376	0.603402	0.996351	0.865248	0.902149	0.892061	0.988516	0.206399	0.539306	0.805481</FloatingPoint>
			</Individual>
			<Individual size="2">
				<FitnessMax value="3.44968"/>
				<FloatingPoint size="50">	2.52898	0.72006	3.29252	3.58885	3.43954	3.37613	1.33845	3.47742	5.68823	4.50264	2.40363	1.78496	3.14983	3.6278	3.58344	3.42969	1.40685	3.26348	3.59616	3.43673	2.56235	1.47851	2.68058	1.59039	1.52575	3.52318	1.67348	3.25737	5.59059	5.39761	2.44679	1.55761	2.59083	1.46478	2.85494	2.62531	1.40568	2.47311	1.57057	2.35589	2.52252	0.536563	2.56327	1.65873	2.56304	2.48252	1.73479	3.55088	1.35128	2.40999</FloatingPoint>
				<FloatingPoint size="20">	0.708794	0.247078	0.990041	0.967003	0.223299	0.924542	0.916328	0.76093	0.938898	0.896746	0.273424	0.603421	0.964376	0.865526	0.903784	0.90166	0.985093	0.267248	0.568851	0.805638</FloatingPoint>
			</Individual>
			<Individual size="2">
				<FitnessMax value="3.44968"/>
				<FloatingPoint size="50">	2.74504	0.720068	3.46353	3.5889	3.43955	3.37615	1.3351	3.45496	5.69299	4.5053	2.40813	1.88757	3.14983	3.62387	3.54403	3.40962	1.51255	3.30901	3.59253	3.55888	2.56119	1.48236	2.68015	1.59212	1.52735	3.58689	1.69665	3.2574	5.62305	5.42244	2.47527	1.55772	2.52323	1.41133	2.86635	2.62531	1.26248	2.4733	1.569	2.35587	2.53384	0.546749	2.55959	1.55098	2.5637	2.46902	1.78115	3.57963	1.24711	2.75373</FloatingPoint>
				<FloatingPoint size="20">	0.708794	0.237432	0.990041	0.967003	0.169042	0.906437	0.864795	0.827774	0.941643	0.916579	0.487858	0.607779	0.999183	0.865422	0.920295	0.898266	0.988663	0.317572	0.571332	0.804873</FloatingPoint>
			</Individual>
			<Individual size="2">
				<FitnessMax value="2.77748"/>
				<FloatingPoint size="50">	2.44268	0.720056	3.77652	3.58861	3.43953	3.37593	1.33672	3.44904	5.66981	4.49167	2.40615	1.68156	3.14985	3.62488	3.61346	3.4194	1.52061	3.22811	3.6074	3.4165	2.56206	1.81055	2.69479	1.60313	1.52599	3.38861	1.65344	3.25745	5.57798	5.36276	2.44969	1.55751	2.59473	1.50405	2.76854	2.62531	1.2278	2.48049	1.56981	2.35589	2.52361	0.547526	2.56287	1.65562	2.56309	2.47437	1.77889	3.56704	1.34453	2.44283</FloatingPoint>
				<FloatingPoint size="20">	0.708794	0.244542	0.990041	0.967003	0.812196	0.929397	0.895557	0.656035	0.937634	0.91502	0.48808	0.605537	0.993427	0.86551	0.897861	0.900763	0.98672	0.520535	0.557773	0.804999</FloatingPoint>
			</Individual>
			<Individual size="2">
				<FitnessMax value="3.30467"/>
				<FloatingPoint size="50">	2.62628	0.720073	3.31224	4.81761	3.43954	3.37613	1.33687	3.45732	5.67134	4.50283	2.40384	1.70131	3.14983	3.62551	3.5993	3.4101	1.52057	3.22794	3.59311	3.41892	2.5625	1.15757	2.68001	1.60194	1.52496	3.5017	1.6522	3.25737	5.57309	5.37786	2.44373	1.55723	2.60018	1.50779	2.70407	2.62531	1.05732	2.47244	1.569	2.35247	2.52685	0.54621	2.56194	1.66275	2.56341	2.51579	1.78113	3.57477	1.33285	2.41726</FloatingPoint>
				<FloatingPoint size="20">	0.708794	0.257047	0.990041	0.967003	0.199022	0.918705	0.956279	0.811128	0.941103	0.927145	0.424781	0.545446	0.963162	0.86581	0.898358	0.897602	0.988354	0.179358	0.569146	0.805199</FloatingPoint>
			</Individual>
			<Individual size="2">
				<FitnessMax value="3.44968"/>
				<FloatingPoint size="50">	2.81592	0.720054	3.83483	3.58888	3.26248	3.37593	1.33671	3.50036	5.66692	4.49091	2.41865	1.67388	3.14984	3.61744	3.62233	3.42539	1.52045	3.2667	3.60872	3.41673	2.56135	1.98895	2.69555	1.55514	1.52612	3.29255	1.65404	3.25793	5.59094	5.35635	2.453	1.55784	2.60124	1.49905	2.67852	2.62531	1.25073	2.47142	1.57034	2.35591	2.52486	0.53818	2.56209	1.65411	2.56322	2.497	1.77875	3.56748	1.33719	2.44365</FloatingPoint>
				<FloatingPoint size="20">	0.708794	0.244542	0.990041	0.967003	0.141745	0.929397	0.921715	0.656035	0.937634	0.91502	0.48808	0.605537	0.993427	0.86551	0.897861	0.900763	0.98672	0.520535	0.557773	0.804999</FloatingPoint>
			</Individual>
			<Individual size="2">
				<FitnessMax value="3.44968"/>
				<FloatingPoint size="50">	2.45259	0.719939	3.28404	3.58853	3.43952	3.37609	1.33856	3.43391	5.6678	4.50103	2.42716	1.77908	3.14982	3.60601	3.53829	3.44045	1.52204	3.22921	3.59235	3.39117	2.5627	1.48036	2.67996	1.55404	1.52497	3.45296	1.62788	3.25739	5.56278	5.46347	2.43929	1.55702	2.58978	1.46377	2.90913	2.62531	1.78323	2.47392	1.569	2.35587	2.5217	0.546216	2.56336	1.65827	2.56216	2.45865	1.66367	3.53588	1.34676	2.41096</FloatingPoint>
				<FloatingPoint size="20">	0.708794	0.258197	0.990041	0.967003	0.156687	0.899612	0.886369	0.765986	0.941642	0.91654	0.494002	0.60514	0.997602	0.865427	0.923792	0.898295	0.985859	0.102636	0.526851	0.80503</FloatingPoint>
			</Individual>
			<Individual size="2">
				<FitnessMax value="3.44968"/>
				<FloatingPoint size="50">	2.76406	0.72008	3.28544	3.58883	3.43954	3.37614	1.33852	3.43615	5.68688	4.50131	2.40409	1.80581	3.14983	3.62253	3.54082	3.436	1.52201	3.28972	3.59236	3.39341	2.56269	1.46974	2.68002	1.59893	1.52495	3.50135	1.651	3.25739	5.5724	5.42269	2.45196	1.55776	2.5898	1.46388	2.90877	2.62531	1.22745	2.47392	1.56901	2.35587	2.52582	0.547832	2.56336	1.65827	2.56322	2.46972	1.76756	3.56911	1.34676	2.41095</FloatingPoint>
				<FloatingPoint size="20">	0.708794	0.258197	0.990041	0.967003	0.156687	0.899612	0.886369	0.765986	0.941642	0.91654	0.167685	0.60514	0.997602	0.865427	0.923792	0.898295	0.985859	0.102636	0.526851	0.80503</FloatingPoint>
			</Individual>
			<Individual size="2">
				<FitnessMax value="3.44968"/>
				<FloatingPoint size="50">	2.45783	0.719969	3.32118	3.58871	3.43956	3.37612	1.33718	3.63814	5.67859	4.50215	2.40624	1.75854	3.14982	3.62311	3.54648	3.43027	1.51854	3.22726	3.5987	3.4843	2.56259	1.45879	2.6801	1.57989	1.53271	3.48222	1.62871	3.25741	5.56417	5.36902	2.43947	1.55706	2.58217	1.48979	2.75389	2.62531	1.27313	2.47377	1.569	2.27463	2.53214	0.546696	2.56084	1.64097	2.5631	2.46166	1.78112	3.55712	1.33091	2.59271</FloatingPoint>
				<FloatingPoint size="20">	0.708794	0.246322	0.990041	0.967003	0.16962	0.924541	0.856905	0.76093	0.941847	0.916764	0.488489	0.607688	0.99962	0.865469	0.898358	0.897602	0.98794	0.100918	0.569146	0.805199</FloatingPoint>
			</Individual>
			<Individual size="2">
				<FitnessMax value="3.04441"/>
				<FloatingPoint size="50">	2.78145	0.720092	3.55873	3.58888	3.43956	3.37615	1.33366	3.43825	5.69957	4.5073	0.650056	1.93972	3.14983	3.62763	3.54213	3.39524	1.50921	3.29462	3.59261	3.64714	2.56049	1.4827	2.68021	1.59851	1.52489	3.63529	1.65408	3.25739	5.64624	5.41591	2.48671	1.55783	2.48964	1.46293	2.88319	2.62531	1.25483	2.47369	1.569	2.35587	2.53772	0.546241	2.55782	1.50083	2.56412	2.47072	1.78116	3.58038	1.20872	2.90143</FloatingPoint>
				<FloatingPoint size="20">	0.708794	0.251801	0.990041	0.967003	0.197486	0.921405	0.934738	0.760346	0.941486	0.92157	0.453975	0.568369	0.970988	0.865487	0.90178	0.902009	0.988264	0.253612	0.558717	0.804749</FloatingPoint>
			</Individual>
			<Individual size="2">
				<FitnessMax value="3.08916"/>
				<FloatingPoint size="50">	2.52898	0.719959	3.31185	3.58863	3.43953	3.37597	1.33673	3.44931	5.67102	4.50286	2.40374	1.55174	3.14986	3.62562	3.62868	3.3957	1.52039	3.22798	3.59863	3.41602	2.5625	1.48289	2.6982	1.60292	1.5309	3.50256	1.73947	3.25723	5.58852	5.396	2.43194	1.55787	2.60098	1.50859	2.67401	2.62531	1.68341	2.47238	1.4476	1.28155	2.51136	0.546189	2.56354	1.66372	2.56342	2.53331	1.78109	3.57555	1.34885	2.40781</FloatingPoint>
				<FloatingPoint size="20">	0.708794	0.217266	0.992262	0.966964	0.14192	0.877068	0.910618	0.765018	0.940668	0.919816	0.500177	0.605846	0.998045	0.865519	0.940352	0.90311	0.985834	0.145724	0.494823	0.805006</FloatingPoint>
			</Individual>
			<Individual size="2">
				<FitnessMax value="3.44968"/>
				<FloatingPoint size="50">	2.80957	0.720103	3.28404	3.58888	3.43954	3.37615	1.33856	3.43391	5.68998	4.50103	2.40374	1.81453	3.14983	3.62562	3.53829	3.44045	1.52204	3.30158	3.59235	3.39117	2.5627	1.48289	2.68003	1.60292	1.52497	3.50256	1.65324	3.25739	5.57349	5.41935	2.45419	1.55791	2.58978	1.46377	2.90913	2.62531	1.21968	2.47392	1.569	2.35587	2.52662	0.548144	2.56336	1.65827	2.56342	2.47185	1.78113	3.57555	1.34676	2.41096</FloatingPoint>
				<FloatingPoint size="20">	0.708794	0.336228	0.990041	0.967003	0.115374	0.925376	0.960389	0.771417	0.938886	0.912113	0.490744	0.606387	0.981486	0.865726	0.913397	0.899405	0.984603	0.432318	0.500751	0.805388</FloatingPoint>
			</Individual>
			<Individual size="2">
				<FitnessMax value="3.44968"/>
				<FloatingPoint size="50">	2.45783	0.719969	3.32118	3.58871	3.43956	3.37612	1.33718	3.63814	5.67859	4.50215	2.40624	1.75854	3.14982	3.62311	3.54648	3.43027	1.51854	3.22726	3.5987	3.4843	2.56259	1.45879	2.6801	1.57989	1.53271	3.48222	1.62871	3.25741	5.56417	5.36902	2.43947	1.55706	2.58217	1.48979	2.75389	2.62531	1.27313	2.47377	1.569	2.27463	2.53214	0.546696	2.56084	1.64097	2.5631	2.46166	1.78112	3.55712	1.33091	2.59271</FloatingPoint>
				<FloatingPoint size="20">	0.708794	0.246322	0.990041	0.967003	0.169613	0.924541	0.856905	0.76093	0.94186	0.916663	0.488489	0.60781	0.99962	0.865469	0.898358	0.897602	0.988354	0.179358	0.569146	0.805199</FloatingPoint>
			</Individual>
			<Individual size="2">
				<FitnessMax value="3.44968"/>
				<FloatingPoint size="50">	2.58901	0.719846	3.33136	3.58897	3.43954	3.37612	1.33735	3.49379	5.68242	4.50341	2.39997	1.65442	3.14984	3.63065	3.58344	3.40837	1.49228	3.22707	3.59629	3.56261	2.56168	1.46404	2.67996	1.51478	1.52603	3.46923	1.65846	3.2574	5.56961	5.4097	2.45351	1.55776	2.56894	1.51162	2.79017	2.60744	1.16	2.47253	1.56899	2.356	2.52899	0.545507	2.56064	1.64167	2.56044	2.48672	1.78113	3.6111	1.32786	2.60057</FloatingPoint>
				<FloatingPoint size="20">	0.708794	0.244817	0.990041	0.964653	0.223299	0.924542	0.944597	0.76093	0.940589	0.907626	0.273424	0.607049	0.98234	0.865526	0.900537	0.90166	0.97573	0.267248	0.569277	0.804857</FloatingPoint>
			</Individual>
			<Individual size="2">
				<FitnessMax value="3.44968"/>
				<FloatingPoint size="50">	2.61765	0.72008	3.35803	3.58858	3.44596	3.37614	1.33681	3.43928	5.66999	4.50331	2.40148	1.68815	3.14983	3.62699	3.59693	3.40835	1.52236	3.2274	3.59138	3.42121	2.6653	1.09616	2.66991	1.6021	1.52178	3.50717	1.22433	3.25735	5.57092	5.37922	2.44461	1.55717	2.59727	1.51195	2.70746	2.62531	1.00728	2.47233	1.56806	2.35593	2.52625	0.547525	2.56171	1.66648	2.56331	2.52203	1.78121	3.57277	1.33095	2.40836</FloatingPoint>
				<FloatingPoint size="20">	0.708794	0.310649	0.989888	0.967075	0.147951	0.905709	0.925623	0.764948	0.943819	0.917253	0.395376	0.603402	0.996351	0.865248	0.902149	0.892061	0.988516	0.206399	0.539306	0.805481</FloatingPoint>
			</Individual>
			<Individual size="2">
				<FitnessMax value="3.25277"/>
				<FloatingPoint size="50">	2.61627	0.71991	3.31614	3.58866	3.62825	3.37604	1.33719	3.44974	5.68395	4.50176	2.42437	1.71327	3.14983	3.62533	3.59641	3.40869	1.52008	2.88693	3.59041	3.41728	2.56284	1.14086	2.68361	1.57909	1.52546	3.48241	1.64013	3.2575	5.56999	5.38056	2.44524	1.55716	2.58962	1.47186	2.90753	2.62531	1.26082	2.4876	1.56816	2.35588	2.52109	0.546643	2.56348	1.65933	2.5621	2.45972	1.72398	3.54382	1.34492	2.40983</FloatingPoint>
				<FloatingPoint size="20">	0.708794	0.245138	0.989934	0.966899	0.167767	0.922427	0.894786	0.760432	0.941411	0.907426	0.428314	0.601287	0.970712	0.865484	0.905712	0.899343	0.978236	0.117688	0.549117	0.80486</FloatingPoint>
			</Individual>
			<Individual size="2">
				<FitnessMax value="3.44968"/>
				<FloatingPoint size="50">	2.80419	0.720096	3.28578	3.58854	3.43952	3.37608	1.3385	3.43439	5.66859	4.50116	2.42647	1.77705	3.14982	3.60657	3.54049	3.43909	1.5219	3.22882	3.59254	3.39511	2.5627	1.47972	2.68036	1.55526	1.52513	3.45428	1.63049	3.25739	5.56326	5.37816	2.44287	1.55703	2.58992	1.46486	2.90677	2.62531	1.23658	2.47389	1.56906	2.35587	2.52166	0.546216	2.56336	1.65827	2.56218	2.46055	1.7777	3.5359	1.34682	2.41088</FloatingPoint>
				<FloatingPoint size="20">	0.708794	0.277096	0.990041	0.967003	0.138115	0.902075	0.92009	0.914053	0.940468	0.908176	0.472955	0.603195	0.98426	0.865646	0.925712	0.899702	0.979133	0.08192	0.474206	0.804796</FloatingPoint>
			</Individual>
			<Individual size="2">
				<FitnessMax value="3.4828"/>
				<FloatingPoint size="50">	2.45259	0.719939	3.28404	3.58853	3.43952	3.37609	1.33856	3.43391	5.6678	4.50103	2.42716	1.77908	3.14982	3.60601	3.53829	3.44045	1.52204	3.22921	3.59235	3.39117	2.5627	1.48036	2.67996	1.55404	1.52497	3.45296	1.62788	3.25739	5.56278	5.46347	2.43929	1.55702	2.58978	1.46377	2.90913	2.62531	1.78323	2.47392	1.569	2.35587	2.5217	0.546216	2.56336	1.65827	2.56216	2.45865	1.78111	3.53588	1.34676	2.41096</FloatingPoint>
				<FloatingPoint size="20">	0.708794	0.248024	0.990041	0.967003	0.103351	0.924541	0.969301	0.759367	0.941375	0.896746	0.479628	0.603421	0.964376	0.865973	0.903784	0.902578	0.966489	0.235917	0.568851	0.804541</FloatingPoint>
			</Individual>
			<Individual size="2">
				<FitnessMax value="3.44968"/>
				<FloatingPoint size="50">	2.45259	0.719939	3.28404	3.58853	3.43952	3.37609	1.33856	3.43391	5.6678	4.50103	2.42716	1.77908	3.38688	3.60601	3.53829	3.44045	1.52204	3.22921	3.59235	3.39117	2.5627	1.48036	2.67996	1.55404	1.52497	3.45296	1.62788	3.25739	5.56278	5.46347	2.43929	1.55702	2.58978	1.46377	2.90913	2.62531	1.78323	2.47392	1.569	2.35587	2.5217	0.546216	2.56336	1.65827	2.56216	2.45865	1.66367	3.53588	1.34676	2.41096</FloatingPoint>
				<FloatingPoint size="20">	0.708794	0.255692	0.990041	0.967003	0.182729	0.92412	0.886525	0.678085	0.940804	0.907111	0.489077	0.605789	0.996112	0.866165	0.899653	0.900859	0.986674	0.451262	0.544449	0.804919</FloatingPoint>
			</Individual>
			<Individual size="2">
				<FitnessMax value="3.22688"/>
				<FloatingPoint size="50">	2.58901	0.719822	3.4288	3.58921	3.43954	3.37612	1.33543	3.53293	5.68558	4.50406	2.39916	1.81855	3.14984	3.61701	3.58727	3.41175	1.51506	3.22672	3.59777	3.5644	2.56117	1.45816	2.67975	1.50645	1.56708	3.55952	1.60979	3.25741	5.56623	5.39798	2.46383	1.55769	2.54026	1.52215	2.75121	2.60452	1.36509	2.47311	1.56899	2.35602	2.53017	0.547504	2.56054	1.57947	2.563	2.49358	1.78114	3.61238	1.27777	2.65615</FloatingPoint>
				<FloatingPoint size="20">	0.708794	0.409248	0.994544	0.966996	0.190269	0.920452	0.886602	0.760135	0.944159	0.748057	0.464599	0.603181	0.98122	0.865795	0.921699	0.899487	0.977233	0.150514	0.549881	0.80462</FloatingPoint>
			</Individual>
			<Individual size="2">
				<FitnessMax value="3.34224"/>
				<FloatingPoint size="50">	2.66404	0.71999	3.28171	3.58893	3.43952	3.37612	1.33836	3.4616	5.67164	4.50103	2.42368	1.77888	3.14983	3.61041	3.5438	3.44044	1.52002	3.33788	3.59234	3.37644	2.5627	1.48161	2.67997	1.5712	1.5251	3.47395	1.73403	3.25739	5.56602	5.44003	2.44674	1.55715	2.59257	1.46377	2.89023	2.62531	1.68394	2.47279	1.569	2.35587	2.52246	0.546938	2.56336	1.65827	2.56273	2.45978	1.67521	3.56748	1.34411	2.42782</FloatingPoint>
				<FloatingPoint size="20">	0.708794	0.246405	0.990041	0.967003	0.147959	0.926875	0.937845	0.913884	0.939767	0.274524	0.387269	0.532578	0.982032	0.865758	0.900909	0.900582	0.977477	0.324097	0.553949	0.80487</FloatingPoint>
			</Individual>
			<Individual size="2">
				<FitnessMax value="3.44968"/>
				<FloatingPoint size="50">	2.63374	0.719884	3.31185	3.58876	3.43953	3.37598	1.33673	3.44957	5.67102	4.50286	2.40458	1.55174	3.14985	3.62459	3.62868	3.3957	1.52039	3.21646	3.59876	3.51986	2.56247	1.48289	2.6982	1.59405	1.5304	3.49621	1.71315	3.25723	5.57825	5.4006	2.43194	1.55744	2.59427	1.50859	2.67401	2.62531	1.77981	2.47291	1.57069	2.35591	2.52045	0.546194	2.56354	1.65838	2.56342	2.52077	1.83565	3.57555	1.34885	2.40847</FloatingPoint>
				<FloatingPoint size="20">	0.708794	0.248024	0.990041	0.967003	0.103351	0.924541	0.969301	0.759367	0.941375	0.896746	0.479628	0.603421	0.964376	0.865973	0.903784	0.902578	0.966489	0.235917	0.568851	0.804541</FloatingPoint>
			</Individual>
			<Individual size="2">
				<FitnessMax value="3.03007"/>
				<FloatingPoint size="50">	2.80957	0.720103	3.28404	3.58853	3.43952	3.37609	1.33856	3.43391	5.6678	4.50103	2.42716	1.77908	3.14982	3.60601	3.53829	3.44045	1.52204	3.22921	3.59235	3.39117	2.5627	1.48036	2.67996	1.55404	1.52497	3.45296	1.62788	3.25739	5.56296	5.37851	5.62939	1.55706	2.58722	1.46679	2.90097	2.62424	1.22719	2.47388	1.569	2.35588	2.52214	0.546283	2.56321	1.6542	2.56221	2.46045	1.78112	3.53983	1.34319	2.42362</FloatingPoint>
				<FloatingPoint size="20">	0.708794	0.243894	0.990041	0.967003	0.142531	0.924541	0.916313	0.851237	0.942511	0.912772	0.465506	0.605152	0.738326	0.865482	0.901052	0.90035	0.97677	0.198863	0.568428	0.804751</FloatingPoint>
			</Individual>
			<Individual size="2">
				<FitnessMax value="3.39242"/>
				<FloatingPoint size="50">	2.4607	0.720098	3.26069	3.58861	3.43952	3.43601	1.33812	3.43478	5.66774	4.5009	2.42306	1.76924	3.14983	3.60633	3.54644	3.4413	1.52193	3.26684	3.59255	3.3855	2.56287	1.46719	2.68014	1.55434	1.53553	3.43318	1.88772	3.25739	5.57471	5.41614	2.44143	1.55709	2.59033	1.44954	2.89974	2.62531	1.26123	2.47111	1.56903	2.3559	2.52214	0.543504	2.56622	1.65792	2.56217	2.45889	1.78036	3.53989	1.34627	2.41365</FloatingPoint>
				<FloatingPoint size="20">	0.541212	0.245504	0.990003	0.967001	0.16978	0.934372	0.958653	0.7549	0.944296	0.916796	0.479579	0.607604	0.997453	0.865616	0.899216	0.897864	0.988011	0.0928852	0.462746	0.805227</FloatingPoint>
			</Individual>
			<Individual size="2">
				<FitnessMax value="3.03007"/>
				<FloatingPoint size="50">	2.63108	0.719966	3.30436	3.58933	3.43955	3.37613	1.33827	3.63181	5.68981	4.5023	2.40431	1.73305	3.14983	3.62961	3.60679	3.41536	1.47551	3.23764	3.59764	3.51135	2.56211	1.48061	2.67996	1.58262	1.54137	3.46034	1.62866	3.25739	5.61575	5.44679	2.43937	1.55728	2.58959	1.46086	2.86028	6.65425	1.50529	2.47297	1.57029	2.35587	2.52329	0.532652	2.56333	1.65856	2.56232	2.45991	1.7234	3.58328	1.34851	2.41091</FloatingPoint>
				<FloatingPoint size="20">	0.708794	0.217266	0.992262	0.966964	0.14192	0.877068	0.910618	0.765018	0.940668	0.919816	0.501329	0.605875	0.998485	0.865452	0.912326	0.899463	0.987639	0.22419	0.544743	0.750584</FloatingPoint>
			</Individual>
			<Individual size="2">
				<FitnessMax value="3.39242"/>
				<FloatingPoint size="50">	2.65614	0.719947	3.28404	3.58865	3.43954	3.37615	1.33736	3.43664	5.67457	4.50103	2.41921	1.79196	3.14983	3.64796	3.54561	3.44045	1.52152	3.26719	3.59235	3.40378	2.5627	1.4822	2.67999	1.58495	1.52497	3.49455	1.63904	3.25739	5.57009	5.45992	2.43804	1.55721	2.58978	1.46377	2.90913	2.62531	1.5796	2.47392	1.569	2.35587	2.52293	0.547867	2.56336	1.67102	2.56279	2.52833	1.76899	3.54257	1.34676	2.41031</FloatingPoint>
				<FloatingPoint size="20">	0.672234	0.255044	0.990041	0.967003	0.15588	0.905149	0.886269	0.778716	0.941178	0.916582	0.282207	0.605401	0.99761	0.86545	0.91905	0.898315	0.987101	0.214408	0.531909	0.80503</FloatingPoint>
			</Individual>
			<Individual size="2">
				<FitnessMax value="2.94135"/>
				<FloatingPoint size="50">	2.45783	0.719969	3.32118	3.58871	3.43956	3.37612	1.33718	3.63814	5.67859	4.50215	2.40624	1.75854	3.14982	3.62311	3.54648	3.43027	1.51854	3.22726	3.5987	3.4843	2.56259	1.45879	2.6801	1.57989	1.53271	3.48222	1.62871	3.25741	5.56417	5.36902	2.43947	1.55706	2.58217	1.48979	5.2566	2.62531	1.27313	2.47377	1.569	2.27463	2.53214	0.546696	2.56084	1.64097	2.5631	2.46166	1.78112	3.55712	1.33091	2.59271</FloatingPoint>
				<FloatingPoint size="20">	0.708794	0.249984	0.990041	0.967003	0.172807	0.932421	0.913243	0.761149	0.940672	0.903866	0.472207	0.608725	0.96968	0.864936	0.894316	0.900128	0.967192	0.239394	0.569425	0.804226</FloatingPoint>
			</Individual>
			<Individual size="2">
				<FitnessMax value="3.16984"/>
				<FloatingPoint size="50">	2.81592	0.719956	3.28906	3.5887	3.43955	3.37613	1.33734	3.52288	5.67725	4.50201	2.41017	1.77032	3.14982	3.63069	3.54594	3.43037	1.5194	3.24918	3.59408	3.45426	2.56269	1.47273	2.68003	1.58332	1.52759	3.49088	1.63744	3.25739	5.5674	5.39838	2.43862	1.55712	2.58776	1.47789	2.78575	2.62531	1.50695	2.47379	1.569	2.30954	2.53203	0.546781	2.56281	1.6435	2.56291	2.47262	1.77014	3.55226	1.34221	2.47731</FloatingPoint>
				<FloatingPoint size="20">	0.174963	0.249653	0.990041	0.967003	0.155451	0.908718	0.88598	0.783809	0.940772	0.916605	0.442693	0.605872	0.998519	0.230628	0.916479	0.898361	0.987212	0.233781	0.54102	0.805033</FloatingPoint>
			</Individual>
			<Individual size="2">
				<FitnessMax value="3.40735"/>
				<FloatingPoint size="50">	2.52683	0.719945	3.27376	3.58883	3.43952	3.37606	1.33727	3.49841	5.66941	4.50195	2.414	1.64459	3.14984	3.61581	3.5933	3.41803	1.51886	3.30301	3.59549	3.38247	2.5626	1.48163	2.68911	1.57847	1.53555	3.48332	1.83085	3.25732	5.58095	5.42475	2.43968	1.55745	2.6007	1.48618	2.71275	2.62531	1.5107	2.47168	1.5083	2.35589	2.51792	0.546857	2.56345	1.66099	2.56279	2.4961	1.78111	3.578	1.3303	2.43615</FloatingPoint>
				<FloatingPoint size="20">	0.708794	0.233143	0.993874	0.967082	0.175674	0.924718	0.227032	0.767313	0.945735	0.912834	0.450655	0.603388	0.968205	0.864863	0.901564	0.886879	0.979776	0.497034	0.565975	0.805243</FloatingPoint>
			</Individual>
			<Individual size="2">
				<FitnessMax value="3.44968"/>
				<FloatingPoint size="50">	2.52898	0.719962	3.29266	3.5886	3.43954	3.3761	1.33832	3.44769	5.67084	4.50277	2.40592	1.76075	3.14983	3.6066	3.55388	3.41303	1.52188	3.2285	3.59243	3.40497	2.56262	1.40177	2.67996	1.57837	1.52488	3.49511	1.63943	3.25738	5.56678	5.43999	2.44043	1.55703	2.5899	1.46446	2.90694	2.62531	1.2676	2.47392	1.56902	2.35587	2.52169	0.546216	2.56336	1.65827	2.56217	2.45869	1.69749	3.53589	1.34678	2.41091</FloatingPoint>
				<FloatingPoint size="20">	0.708794	0.258197	0.990041	0.967003	0.156687	0.899612	0.886369	0.765986	0.941642	0.91654	0.494002	0.60514	0.997602	0.865427	0.923792	0.898295	0.985859	0.102636	0.526851	0.80503</FloatingPoint>
			</Individual>
			<Individual size="2">
				<FitnessMax value="3.44968"/>
				<FloatingPoint size="50">	2.78145	0.720092	3.55873	3.58888	3.43956	3.37615	1.33366	3.43825	5.69957	4.5073	2.40539	1.93972	3.14983	3.62763	3.54213	3.39524	1.50921	3.29462	3.59261	3.64714	2.56049	1.4827	2.68021	1.59851	1.52489	3.63529	1.65408	3.25739	5.64624	5.41591	2.48671	1.55783	2.48964	1.46293	2.88319	2.62531	1.25483	2.47369	1.569	2.35587	2.53772	0.546241	2.55782	1.50083	2.56412	2.47072	1.78116	3.58038	1.20872	2.90143</FloatingPoint>
				<FloatingPoint size="20">	0.708794	0.237432	0.990041	0.967003	0.169042	0.906437	0.864795	0.827774	0.941643	0.916579	0.487858	0.607779	0.999183	0.865422	0.920295	0.898266	0.988663	0.317572	0.571332	0.804873</FloatingPoint>
			</Individual>
			<Individual size="2">
				<FitnessMax value="3.39242"/>
				<FloatingPoint size="50">	2.4607	0.720098	3.26069	3.58861	3.43952	3.43601	1.33812	3.43478	5.66774	4.5009	2.27273	1.76924	3.14983	3.60633	3.54644	3.4413	1.52193	3.26684	3.59255	3.3855	2.56287	1.46719	2.68014	1.55434	1.53553	3.43318	1.88772	3.25739	5.57471	5.41614	2.44143	1.55709	2.59033	1.44954	2.89974	2.62531	1.26123	2.47111	1.56903	2.3559	2.52214	0.543504	2.56622	1.65792	2.56217	2.45889	1.78036	3.53989	1.34627	2.41365</FloatingPoint>
				<FloatingPoint size="20">	0.621518	0.251036	0.990021	0.967002	0.183793	0.926864	0.957515	0.757414	0.942766	0.921755	0.45332	0.577818	0.981021	0.865709	0.903339	0.900381	0.979267	0.153774	0.485933	0.804937</FloatingPoint>
			</Individual>
			<Individual size="2">
				<FitnessMax value="3.44968"/>
				<FloatingPoint size="50">	2.63374	0.720078	3.31185	3.58863	3.43954	3.37613	1.33685	3.44931	5.67102	4.50286	2.40374	1.69878	3.14983	3.62562	3.60165	3.40921	1.52066	3.22798	3.59287	3.41602	2.5625	1.14422	2.68001	1.60292	1.52462	3.50256	1.65324	3.25737	5.57349	5.37816	2.44287	1.55703	2.58992	1.46486	2.90677	2.62531	1.23658	2.47389	1.56906	2.35587	2.52166	0.546216	2.56336	1.65827	2.56218	2.46055	1.7777	3.5359	1.34682	2.41088</FloatingPoint>
				<FloatingPoint size="20">	0.708794	0.245138	0.989934	0.96705	0.119466	0.932846	0.952442	0.773021	0.944457	0.916801	0.440775	0.603614	0.994143	0.865624	0.899272	0.898537	0.988357	0.159397	0.523193	0.805811</FloatingPoint>
			</Individual>
			<Individual size="2">
				<FitnessMax value="3.44968"/>
				<FloatingPoint size="50">	2.52898	0.719959	3.31185	3.58863	3.43953	3.37597	1.33673	3.44931	5.67102	4.50286	2.40374	1.55174	3.14986	3.62562	3.62868	3.3957	1.52039	3.22798	3.59863	3.41602	2.5625	1.48289	2.6982	1.60292	1.5309	3.50256	1.73947	3.25723	5.58852	5.396	2.43194	1.55787	2.60098	1.50859	2.67401	2.62531	1.68341	2.47238	1.4476	2.35591	2.51136	0.546189	2.56354	1.66372	2.56342	2.53331	1.78109	3.57555	1.34885	2.40781</FloatingPoint>
				<FloatingPoint size="20">	0.708794	0.217266	0.992262	0.966964	0.14192	0.877068	0.910618	0.765018	0.940668	0.919816	0.501329	0.605875	0.998485	0.86552	0.9444	0.903334	0.985749	0.110012	0.488826	0.805007</FloatingPoint>
			</Individual>
			<Individual size="2">
				<FitnessMax value="3.44968"/>
				<FloatingPoint size="50">	2.58901	0.720011	3.31976	3.58898	3.43955	3.37613	1.33645	3.63923	5.69235	4.50549	2.40412	1.77356	3.14984	3.63492	3.59235	3.43179	1.51727	3.21644	3.59339	3.47749	2.56149	1.45845	2.67998	1.5549	1.52497	3.45949	1.70004	3.25739	5.56984	5.39643	2.43898	1.55709	2.58978	1.46377	2.90913	2.62531	1.6431	2.47392	1.5692	2.35587	2.5191	0.547325	2.56336	1.65996	2.56317	2.5161	1.76022	3.54635	1.34762	2.41092</FloatingPoint>
				<FloatingPoint size="20">	0.708794	0.257047	0.990041	0.967003	0.199022	0.918705	0.956279	0.760147	0.941103	0.927145	0.424781	0.545446	0.963162	0.86581	0.90782	0.903118	0.969764	0.219948	0.511133	0.804622</FloatingPoint>
			</Individual>
			<Individual size="2">
				<FitnessMax value="3.3353"/>
				<FloatingPoint size="50">	2.58901	0.719822	3.4288	3.58921	3.43954	3.37612	1.33543	3.53293	5.68558	4.50406	2.39916	1.81855	3.14984	3.61701	3.58727	3.41175	1.51506	3.22672	3.59777	3.5644	2.56117	1.45816	2.67975	1.50645	1.56708	3.55952	1.60979	3.25741	5.56623	5.39798	2.46383	1.55769	2.54026	1.52215	2.75121	2.60452	1.36509	2.47311	1.56899	2.35602	2.53017	0.547504	2.56054	1.57947	2.563	2.49358	1.78114	3.61238	1.27777	2.65615</FloatingPoint>
				<FloatingPoint size="20">	0.708794	0.926132	0.999152	0.966896	0.190177	0.92474	0.879084	0.759994	0.944979	0.907934	0.413406	0.60316	0.962961	0.865462	0.902863	0.899356	0.976116	0.108958	0.566944	0.804614</FloatingPoint>
			</Individual>
			<Individual size="2">
				<FitnessMax value="3.07032"/>
				<FloatingPoint size="50">	2.80957	0.719929	3.38126	3.58917	3.43955	3.37612	1.3361	3.61983	5.68697	4.50491	2.40027	1.79159	3.14984	3.62332	3.58918	3.42683	1.51654	3.22409	3.59575	3.52002	2.56119	1.45835	2.67986	5.97007	1.54124	3.48053	1.64083	3.25741	5.56897	5.37745	2.43929	1.55702	2.58978	1.46377	2.90913	2.62531	1.21968	2.47392	1.569	2.35587	2.5217	0.546216	2.56336	1.65827	2.56216	2.45865	1.78111	3.53588	1.34676	2.41096</FloatingPoint>
				<FloatingPoint size="20">	0.708794	0.257047	0.990041	0.967003	0.199022	0.918705	0.956279	0.760147	0.941103	0.927145	0.424781	0.545446	0.963162	0.86581	0.90782	0.903118	0.969764	0.219948	0.511133	0.804622</FloatingPoint>
			</Individual>
			<Individual size="2">
				<FitnessMax value="3.28975"/>
				<FloatingPoint size="50">	2.32741	0.719902	3.26991	3.58842	3.4395	3.37606	1.33896	3.41134	5.6628	4.50388	2.39236	1.8091	3.14982	3.60503	3.51273	3.48537	1.52229	3.23038	3.59221	3.36857	2.56284	1.60912	2.67995	1.51417	1.52511	3.3839	1.60896	3.25742	5.55624	5.50194	2.43744	1.55701	2.58958	1.46265	2.91272	2.62531	0.972444	2.47392	1.56897	2.35587	2.52169	0.546217	2.56335	1.65827	2.56215	2.45858	1.71909	3.53587	1.34671	2.41102</FloatingPoint>
				<FloatingPoint size="20">	0.708794	0.248024	0.990041	0.967003	0.103351	0.924541	0.969301	0.759367	0.941375	0.896746	0.479628	0.603421	0.964376	0.865973	0.903784	0.902578	0.966489	0.235917	0.568851	0.804541</FloatingPoint>
			</Individual>
			<Individual size="2">
				<FitnessMax value="3.20979"/>
				<FloatingPoint size="50">	2.58901	0.719846	3.33136	3.58897	3.43954	3.37612	1.33735	3.49379	5.68242	4.50341	2.39997	1.65442	3.14984	3.63065	3.58344	3.40837	1.49228	3.22707	3.59629	3.56261	2.56168	1.46404	2.67996	1.51478	1.52603	3.46923	1.65846	3.2574	5.56961	5.4097	2.45351	1.55776	2.56894	1.51162	2.79017	2.60744	1.16	2.47253	1.56899	2.356	2.52899	0.545507	2.56064	1.64167	5.25063	2.48672	1.78113	3.6111	1.32786	2.60057</FloatingPoint>
				<FloatingPoint size="20">	0.708794	0.244817	0.990041	0.964653	0.214839	0.922508	0.948668	0.760657	0.940768	0.914428	0.326171	0.585581	0.975657	0.865625	0.903075	0.902168	0.973651	0.250764	0.549014	0.804775</FloatingPoint>
			</Individual>
			<Individual size="2">
				<FitnessMax value="3.36441"/>
				<FloatingPoint size="50">	2.58901	0.719822	3.4288	3.27861	3.43954	3.37612	1.33543	3.53293	5.68558	4.50406	2.39916	1.81855	3.14984	3.61701	3.58727	3.41175	1.51506	3.22672	3.59777	3.5644	2.56117	1.45816	2.67975	1.50645	1.56708	3.55952	1.60979	3.25741	5.56623	5.39798	2.46383	1.55769	2.54026	1.52215	2.75121	2.60452	1.36509	2.47311	1.56899	2.35602	2.53017	0.547504	2.56054	1.57947	2.563	2.49358	1.78114	3.61238	1.27777	2.65615</FloatingPoint>
				<FloatingPoint size="20">	0.708794	0.277096	0.990041	0.967003	0.138115	0.902075	0.707661	0.914053	0.940468	0.908176	0.472955	0.603195	0.98426	0.865646	0.925712	0.899702	0.979133	0.08192	0.474206	0.804796</FloatingPoint>
			</Individual>
			<Individual size="2">
				<FitnessMax value="3.44968"/>
				<FloatingPoint size="50">	2.45259	0.719831	3.42728	3.58952	3.43955	3.37614	1.33415	3.50728	5.69307	4.50979	2.40493	1.81532	3.14984	3.61715	3.61079	3.39832	1.51065	3.20547	3.59569	3.58217	2.56124	1.15709	2.68011	1.61599	1.54409	3.51296	1.63865	3.25738	5.57245	5.66941	2.45837	1.55727	2.59681	1.47446	2.9073	2.62531	1.22782	2.47372	1.56919	2.35588	2.52053	0.547492	2.56325	1.67561	2.56254	2.49316	1.78112	3.54803	1.34496	2.40999</FloatingPoint>
				<FloatingPoint size="20">	0.708794	0.257047	0.990041	0.967003	0.199022	0.918705	0.956279	0.760147	0.941103	0.927145	0.424781	0.545446	0.963162	0.86581	0.90782	0.903118	0.969764	0.219948	0.511133	0.804622</FloatingPoint>
			</Individual>
			<Individual size="2">
				<FitnessMax value="3.44968"/>
				<FloatingPoint size="50">	2.52468	0.720056	3.28516	3.58853	3.43952	3.37609	1.33855	3.43416	5.66835	4.50105	2.42671	1.77737	3.14982	3.60652	3.5395	3.43917	1.5219	3.22897	3.59253	3.39217	2.5627	1.47993	2.68028	1.55429	1.52509	3.45331	1.62914	3.25739	5.5628	5.38597	2.44059	1.55703	2.5899	1.46378	2.90834	2.62531	1.72837	2.47391	1.56903	2.35587	2.52169	0.546216	2.56336	1.65827	2.56218	2.45923	1.75374	3.5359	1.3468	2.41094</FloatingPoint>
				<FloatingPoint size="20">	0.708794	0.248024	0.990041	0.967003	0.103351	0.924541	0.969301	0.759367	0.941375	0.896746	0.479628	0.603421	0.964376	0.865973	0.903784	0.902578	0.966489	0.121721	0.568851	0.804541</FloatingPoint>
			</Individual>
			<Individual size="2">
				<FitnessMax value="3.10554"/>
				<FloatingPoint size="50">	2.45259	0.719939	3.28404	3.58853	3.43952	3.37609	1.33856	3.43391	5.6678	4.50103	2.42716	1.77908	3.14982	3.60601	3.53829	3.44045	1.52204	3.22921	3.59235	3.39117	2.5627	1.48036	2.67996	1.55404	1.52497	3.45296	1.62788	3.25739	5.56278	5.46347	2.43929	1.55702	2.58978	1.46377	2.90913	2.62531	1.78323	2.47392	1.569	2.35587	2.5217	0.546216	2.56336	1.65827	2.56216	2.45865	1.66367	3.53588	1.34676	2.41391</FloatingPoint>
				<FloatingPoint size="20">	0.708794	0.243894	0.990041	0.967003	0.142531	0.924541	0.916313	0.890058	0.796862	0.91483	0.487672	0.606	0.99173	0.86549	0.900282	0.900772	0.977048	0.237114	0.569059	0.804809</FloatingPoint>
			</Individual>
			<Individual size="2">
				<FitnessMax value="3.44968"/>
				<FloatingPoint size="50">	2.80957	0.720103	3.28404	3.58853	3.43952	3.37609	1.33856	3.43391	5.6678	4.50103	2.42716	1.77908	3.14982	3.60601	3.53829	3.44045	1.52204	3.22921	3.59235	3.39117	2.5627	1.48036	2.67996	1.55404	1.52497	3.45296	1.62788	3.25739	5.56278	5.37745	2.43929	1.55702	2.58978	1.46377	2.90913	2.62531	1.21968	2.47392	1.569	2.35587	2.5217	0.546216	2.56336	1.65827	2.56216	2.45865	1.78111	3.53588	1.34676	2.41096</FloatingPoint>
				<FloatingPoint size="20">	0.708794	0.245504	0.990003	0.967001	0.16978	0.934372	0.958653	0.7549	0.944296	0.916796	0.479579	0.607604	0.997453	0.865616	0.899216	0.897864	0.988011	0.0928852	0.462746	0.805227</FloatingPoint>
			</Individual>
			<Individual size="2">
				<FitnessMax value="3.44968"/>
				<FloatingPoint size="50">	2.67514	0.719954	3.30351	3.58864	3.43953	3.37602	1.33674	3.43492	5.66888	4.50191	2.4127	1.59995	3.14984	3.61289	3.57866	3.40708	1.52153	3.22449	3.59789	3.45262	2.56262	1.48002	2.68777	1.58229	1.52614	3.48668	1.65368	3.25725	5.5736	5.389	2.44255	1.55722	2.59059	1.4959	2.70192	2.62531	1.41418	2.47304	1.56996	2.35589	2.52128	0.546212	2.56341	1.65829	2.56284	2.50057	1.83157	3.56674	1.34685	2.40897</FloatingPoint>
				<FloatingPoint size="20">	0.708794	0.277096	0.990041	0.967003	0.138115	0.902075	0.945632	0.914053	0.940468	0.908176	0.472955	0.603195	0.98426	0.865646	0.925712	0.899702	0.979133	0.08192	0.474206	0.804796</FloatingPoint>
			</Individual>
			<Individual size="2">
				<FitnessMax value="3.44968"/>
				<FloatingPoint size="50">	2.46248	0.719526	3.5439	3.58963	3.43956	3.37614	1.33392	3.58981	5.69786	4.50696	2.40657	1.93105	3.14985	3.60741	3.61129	3.39768	1.50991	3.16274	3.60207	3.63332	2.56061	1.43349	2.68019	1.63068	1.54998	3.53999	1.62795	3.2574	5.57221	5.40084	2.46342	1.558	2.58978	1.46377	2.90913	2.62531	1.57694	2.47392	1.56978	2.35587	2.5152	0.548144	2.56336	1.67718	2.56342	2.54238	1.78113	3.56715	1.34787	2.40969</FloatingPoint>
				<FloatingPoint size="20">	0.708794	0.257047	0.990041	0.967003	0.199022	0.918705	0.956279	0.760147	0.941103	0.927145	0.424781	0.545446	0.963162	0.86581	0.90782	0.903118	0.969764	0.219948	0.511133	0.804622</FloatingPoint>
			</Individual>
			<Individual size="2">
				<FitnessMax value="3.44968"/>
				<FloatingPoint size="50">	2.80957	0.719929	3.38126	3.58917	3.43955	3.37612	1.3361	3.61983	5.68697	4.50491	2.40027	1.79159	3.14984	3.62332	3.58918	3.42683	1.51654	3.22409	3.59575	3.52002	2.56119	1.45835	2.67986	1.55363	1.54124	3.48053	1.64083	3.25741	5.56897	5.39645	2.44895	1.55747	2.56879	1.52013	2.82207	2.61282	1.45112	2.47319	1.56903	2.35595	2.52681	0.547404	2.56312	1.63407	2.56314	2.50013	1.76923	3.57653	1.28021	2.64885</FloatingPoint>
				<FloatingPoint size="20">	0.708794	0.257047	0.990041	0.967003	0.199022	0.918705	0.956279	0.760147	0.941103	0.927145	0.424781	0.545446	0.963162	0.86581	0.90782	0.903118	0.969764	0.219948	0.511133	0.804622</FloatingPoint>
			</Individual>
			<Individual size="2">
				<FitnessMax value="3.44968"/>
				<FloatingPoint size="50">	2.51197	0.719963	3.35911	3.58912	3.43956	3.37612	1.33522	3.62747	5.68721	4.50667	2.40654	1.77262	3.14983	3.61085	3.60296	3.40404	1.51089	3.2109	3.59921	3.58123	2.5617	1.43966	2.68012	1.6253	1.53655	3.53659	1.62795	3.2574	5.56932	5.37816	2.45338	1.55724	2.57094	1.51641	2.72813	2.62531	1.27615	2.47296	1.569	2.30631	2.53208	0.547546	2.56082	1.62345	2.56346	2.46359	1.78113	3.5916	1.30453	2.58207</FloatingPoint>
				<FloatingPoint size="20">	0.708794	0.246322	0.990041	0.967003	0.16962	0.924541	0.937845	0.913884	0.939767	0.906754	0.387269	0.532578	0.982032	0.865758	0.900909	0.900582	0.977477	0.324097	0.553949	0.80487</FloatingPoint>
			</Individual>
			<Individual size="2">
				<FitnessMax value="3.4828"/>
				<FloatingPoint size="50">	2.45783	0.720117	3.4692	3.58949	3.43957	3.37599	1.33775	3.60621	5.69368	4.50251	2.43667	1.51209	3.14989	3.605	3.67782	3.41435	1.4882	3.21204	3.61028	3.31602	2.5609	1.47959	2.86296	1.65184	1.57805	3.5602	1.6322	3.25736	5.61059	5.375	2.42423	1.55806	2.52954	1.45075	2.61065	2.62531	1.6836	2.47391	1.58627	2.35576	2.53497	0.526102	2.56719	1.61746	2.56572	2.45924	1.78113	3.63444	1.3682	2.40732</FloatingPoint>
				<FloatingPoint size="20">	0.708794	0.245725	0.990041	0.967003	0.114599	0.934102	0.882162	0.759899	0.932438	0.899428	0.474952	0.603458	0.956719	0.866077	0.896955	0.900116	0.969961	0.235917	0.568851	0.804541</FloatingPoint>
			</Individual>
			<Individual size="2">
				<FitnessMax value="3.2271"/>
				<FloatingPoint size="50">	2.51197	0.719963	3.35911	3.58912	3.43956	3.37612	1.33522	3.62747	5.68721	4.50667	2.40654	1.77262	3.14983	3.61085	3.60296	3.40404	1.51089	3.2109	3.59921	3.58123	2.5617	1.43966	2.68012	1.6253	1.53655	3.53659	1.62795	3.2574	5.56932	5.37816	2.45338	1.55724	2.57094	1.51641	2.72813	2.62531	1.27615	2.47296	1.569	2.30631	2.53208	0.547546	2.56082	1.62345	2.56346	2.46359	1.78113	3.5916	1.30453	2.58207</FloatingPoint>
				<FloatingPoint size="20">	0.708794	0.246322	0.990041	0.967003	0.16962	0.924541	0.856905	0.76093	0.941847	0.916764	0.488489	0.607688	0.99962	0.865469	0.898358	0.533121	0.98794	0.100918	0.569146	0.805199</FloatingPoint>
			</Individual>
			<Individual size="2">
				<FitnessMax value="3.44968"/>
				<FloatingPoint size="50">	2.52898	0.719959	3.31185	3.58863	3.43953	3.37597	1.33673	3.44931	5.67102	4.50286	2.40374	1.55174	3.14986	3.62562	3.62868	3.3957	1.52039	3.22798	3.59863	3.41602	2.5625	1.48289	2.6982	1.60292	1.5309	3.50256	1.73947	3.25723	5.58852	5.396	2.43194	1.55787	2.60098	1.50859	2.67401	2.62531	1.68341	2.47238	1.4476	2.35591	2.51136	0.546189	2.56354	1.66372	2.56342	2.53331	1.78109	3.57555	1.34885	2.40781</FloatingPoint>
				<FloatingPoint size="20">	0.708794	0.233143	0.993874	0.967082	0.175674	0.924718	0.878506	0.767313	0.945735	0.912834	0.450655	0.603388	0.968205	0.864863	0.901564	0.886879	0.979776	0.497034	0.565975	0.805243</FloatingPoint>
			</Individual>
			<Individual size="2">
				<FitnessMax value="2.94823"/>
				<FloatingPoint size="50">	2.63629	0.720006	3.40528	3.58874	3.29911	3.37593	1.33674	3.49231	5.66907	4.49408	2.4172	1.68585	3.14985	3.61721	3.60681	3.42507	1.52107	3.24286	3.59891	3.41579	2.56187	1.8093	2.69562	1.58607	1.52627	3.34211	1.65584	3.25756	5.59074	5.37613	2.44016	2.8052	2.59996	1.48114	2.68415	2.62531	1.39359	2.47163	1.5325	2.35589	2.52069	0.542621	2.56271	1.65538	2.56283	2.52393	1.77657	3.54875	1.34255	2.41196</FloatingPoint>
				<FloatingPoint size="20">	0.708794	0.244542	0.990041	0.967003	0.141745	0.929397	0.921715	0.656035	0.937634	0.91502	0.48808	0.605537	0.993427	0.86551	0.897861	0.900763	0.98672	0.520535	0.557773	0.804999</FloatingPoint>
			</Individual>
			<Individual size="2">
				<FitnessMax value="3.44968"/>
				<FloatingPoint size="50">	2.63374	0.719847	3.38838	3.58937	3.43956	3.37613	1.33643	3.64202	5.69416	4.50715	2.40492	1.72006	3.14985	3.62422	3.61011	3.40812	1.51364	3.21524	3.59944	3.52298	2.56149	1.45484	2.67996	1.55404	1.52497	3.45296	1.62788	3.25739	5.56278	5.46347	2.43929	1.55702	2.58978	1.46377	2.90913	2.62531	1.78323	2.47392	1.569	2.35587	2.5217	0.546216	2.56336	1.65827	2.56216	2.45865	1.66367	3.53588	1.34676	2.41096</FloatingPoint>
				<FloatingPoint size="20">	0.708794	0.325674	0.990041	0.967003	0.167147	0.924541	0.855009	0.761287	0.941862	0.916592	0.488635	0.60795	0.999689	0.865422	0.898292	0.89777	0.988465	0.274148	0.56921	0.804879</FloatingPoint>
			</Individual>
			<Individual size="2">
				<FitnessMax value="2.23103"/>
				<FloatingPoint size="50">	2.63374	0.719952	3.26349	3.58878	3.43952	3.37654	1.33759	3.43861	5.66911	4.50096	2.41786	1.66171	3.14984	3.60741	3.55843	3.42846	1.52095	3.28259	3.59377	3.38463	2.56265	1.47285	2.6819	1.55966	1.53553	3.47756	1.84162	3.25736	5.5786	5.41873	2.44112	1.55729	2.5939	1.45079	2.77052	2.62531	1.27175	2.4715	1.52547	2.3559	2.52106	0.545882	2.56622	1.6597	2.56268	2.46838	1.78038	3.55908	1.34133	2.42356</FloatingPoint>
				<FloatingPoint size="20">	0.708794	0.23914	0.991904	0.967066	0.14757	0.928782	0.589737	0.770167	0.117077	0.914817	0.445715	0.603501	0.981174	0.865243	0.900418	0.892708	0.984066	0.328215	0.544584	0.805527</FloatingPoint>
			</Individual>
			<Individual size="2">
				<FitnessMax value="3.44968"/>
				<FloatingPoint size="50">	2.45259	0.719939	3.28404	3.58853	3.43952	3.37609	1.33856	3.43391	5.6678	4.50103	2.42716	1.77908	3.14982	3.60601	3.53829	3.44045	1.52204	3.22921	3.59235	3.39117	2.5627	1.48036	2.67996	1.55404	1.52497	3.45296	1.62788	3.25739	5.56278	5.46347	2.43929	1.55702	2.58978	1.46377	2.90913	2.62531	1.78323	2.47392	1.569	2.35587	2.5217	0.546216	2.56336	1.65827	2.56216	2.45865	1.66367	3.53588	1.34676	2.41096</FloatingPoint>
				<FloatingPoint size="20">	0.708794	0.267101	0.990041	0.967003	0.183633	0.921997	0.843558	0.761066	0.942861	0.898068	0.492635	0.606727	0.999678	0.866877	0.900136	0.901002	0.982897	0.268538	0.472465	0.804652</FloatingPoint>
			</Individual>
			<Individual size="2">
				<FitnessMax value="3.20979"/>
				<FloatingPoint size="50">	2.54667	0.719962	3.29205	3.58876	3.43952	3.37609	1.33859	3.4497	5.66804	4.5013	2.40914	1.78047	3.20013	3.61125	3.5448	3.43893	1.40278	3.26303	3.59262	3.39921	2.5625	1.48097	2.67997	1.57043	1.52484	3.48932	1.6371	3.25739	5.60876	5.40103	2.44044	1.55721	2.58958	1.46137	2.82197	2.62531	1.5711	2.4726	1.57072	2.35587	2.52347	0.544932	2.56331	1.65868	5.27016	2.46027	1.70073	3.57044	1.35572	2.4109</FloatingPoint>
				<FloatingPoint size="20">	0.708794	0.255692	0.990041	0.967003	0.182729	0.92412	0.886525	0.678085	0.940804	0.907111	0.489077	0.605789	0.996112	0.866165	0.899653	0.900859	0.986674	0.451262	0.544449	0.804919</FloatingPoint>
			</Individual>
			<Individual size="2">
				<FitnessMax value="3.4828"/>
				<FloatingPoint size="50">	2.45259	0.719939	3.28404	3.58853	3.43952	3.37609	1.33856	3.43391	5.6678	4.50103	2.42716	1.77908	3.14982	3.60601	3.53829	3.44045	1.52204	3.22921	3.59235	3.39117	2.5627	1.48036	2.67996	1.55404	1.52497	3.45296	1.62788	3.25739	5.56278	5.46347	2.43929	1.55702	2.58978	1.46377	2.90913	2.62531	1.78323	2.47392	1.569	2.35587	2.5217	0.546216	2.56336	1.65827	2.56216	2.45865	1.66367	3.53588	1.34676	2.41096</FloatingPoint>
				<FloatingPoint size="20">	0.708794	0.248024	0.990041	0.967003	0.103351	0.924541	0.969301	0.759367	0.941375	0.896746	0.479628	0.603421	0.964376	0.865973	0.903784	0.902578	0.966489	0.235917	0.568851	0.804541</FloatingPoint>
			</Individual>
			<Individual size="2">
				<FitnessMax value="3.44968"/>
				<FloatingPoint size="50">	2.80957	0.720103	3.28404	3.58888	3.43954	3.37615	1.33856	3.43391	5.68998	4.50103	2.40374	1.81453	3.14983	3.62562	3.53829	3.44045	1.52204	3.30158	3.59235	3.39117	2.5627	1.48289	2.68003	1.60292	1.52497	3.50256	1.65324	3.25739	5.57349	5.41935	2.45419	1.55791	2.58978	1.46377	2.90913	2.62531	1.21968	2.47392	1.569	2.35587	2.52662	0.548144	2.56336	1.65827	2.56342	2.47185	1.78113	3.57555	1.34676	2.41096</FloatingPoint>
				<FloatingPoint size="20">	0.708794	0.245756	0.990041	0.967003	0.114602	0.933378	0.952271	0.788179	0.934854	0.916914	0.488635	0.603175	0.999689	0.86565	0.897805	0.899315	0.988465	0.535631	0.512111	0.805483</FloatingPoint>
			</Individual>
			<Individual size="2">
				<FitnessMax value="3.34224"/>
				<FloatingPoint size="50">	2.58901	0.719822	3.4288	3.27861	3.43954	3.37612	1.33543	3.53293	5.68558	4.50406	2.39916	1.81855	3.14984	3.61701	3.58727	3.41175	1.51506	3.22672	3.59777	3.5644	2.56117	1.45816	2.67975	1.50645	1.56708	3.55952	1.60979	3.25741	5.56623	5.39798	2.46383	1.55769	2.54026	1.52215	2.75121	2.60452	1.36509	2.47311	1.56899	2.35602	2.53017	0.547504	2.56054	1.57947	2.563	2.49358	1.78114	3.61238	1.27777	2.65615</FloatingPoint>
				<FloatingPoint size="20">	0.708794	0.257047	0.990041	0.967003	0.199022	0.921033	0.956279	0.760147	0.941103	0.532033	0.424781	0.545446	0.963162	0.86581	0.90782	0.903118	0.969764	0.219948	0.511133	0.804622</FloatingPoint>
			</Individual>
			<Individual size="2">
				<FitnessMax value="3.4828"/>
				<FloatingPoint size="50">	2.51197	0.720096	3.58267	3.58988	3.43958	3.37589	1.33802	3.42708	5.69398	4.50012	2.44682	1.51336	3.14989	3.60467	3.67936	3.41403	1.52596	3.25093	3.60808	3.39107	2.56088	1.47964	2.67965	1.55399	1.5254	3.60306	1.62648	3.25741	5.6008	5.37629	2.41122	1.5591	2.59352	1.44653	2.60258	2.62531	1.68679	2.47392	1.569	2.35575	2.52042	0.535716	2.56871	1.61683	2.56219	2.45887	1.78105	3.53799	1.34937	2.40705</FloatingPoint>
				<FloatingPoint size="20">	0.708794	0.248024	0.990041	0.967003	0.0797299	0.924541	0.975912	0.764323	0.941861	0.928259	0.489993	0.607971	0.967012	0.865165	0.903363	0.855516	0.988142	0.368481	0.570744	0.806461</FloatingPoint>
			</Individual>
			<Individual size="2">
				<FitnessMax value="3.44968"/>
				<FloatingPoint size="50">	2.45783	0.719969	3.32118	3.58871	3.43956	3.37612	1.33718	3.63814	5.67859	4.50215	2.40624	1.75854	3.14982	3.62311	3.54648	3.43027	1.51854	3.22726	3.5987	3.4843	2.56259	1.45879	2.6801	1.57989	1.53271	3.48222	1.62871	3.25741	5.56417	5.36902	2.43947	1.55706	2.58217	1.48979	2.75389	2.62531	1.27313	2.47377	1.569	2.27463	2.53214	0.546696	2.56084	1.64097	2.5631	2.46166	1.78112	3.55712	1.33091	2.59271</FloatingPoint>
				<FloatingPoint size="20">	0.708794	0.267101	0.990041	0.967003	0.183633	0.921997	0.843558	0.761066	0.941847	0.916764	0.488489	0.607688	0.99962	0.865469	0.898358	0.897602	0.98794	0.100918	0.569146	0.805199</FloatingPoint>
			</Individual>
			<Individual size="2">
				<FitnessMax value="3.35649"/>
				<FloatingPoint size="50">	2.45783	0.719969	3.32118	3.58871	3.43956	3.37612	1.33718	3.63814	5.67859	4.50215	2.40624	1.75854	3.14982	3.62311	3.54648	3.43027	1.51854	3.22726	3.5987	3.4843	2.56259	1.45879	2.6801	1.57989	1.53271	3.48222	1.62871	3.25741	5.56417	5.36902	2.43947	1.55706	2.58217	1.48979	2.75389	2.62531	1.27313	2.47377	1.569	2.27463	2.53214	0.546696	2.56084	1.64097	2.5631	2.46166	1.78112	3.55712	1.33091	2.59271</FloatingPoint>
				<FloatingPoint size="20">	0.708794	0.245632	0.990042	0.966993	0.024237	0.923723	0.830831	0.760599	0.943922	0.916728	0.515802	0.595984	0.992995	0.86537	0.903096	0.89805	0.988099	0.253985	0.569152	0.805262</FloatingPoint>
			</Individual>
			<Individual size="2">
				<FitnessMax value="3.44968"/>
				<FloatingPoint size="50">	2.52898	0.719962	3.29266	3.5886	3.43954	3.3761	1.33832	3.44769	5.67084	4.50277	2.40592	1.76075	3.14983	3.6066	3.55388	3.41303	1.52188	3.2285	3.59243	3.40497	2.56262	1.40177	2.67996	1.57837	1.52488	3.49511	1.63943	3.25738	5.56678	5.43999	2.44043	1.55703	2.5899	1.46446	2.90694	2.62531	1.2676	2.47392	1.56902	2.35587	2.52169	0.546216	2.56336	1.65827	2.56217	2.45869	1.69749	3.53589	1.34678	2.41091</FloatingPoint>
				<FloatingPoint size="20">	0.708794	0.264551	0.991121	0.966998	0.149364	0.918779	0.886385	0.749893	0.941384	0.916611	0.478246	0.600939	0.995463	0.86553	0.916083	0.898468	0.974452	0.165674	0.536929	0.80484</FloatingPoint>
			</Individual>
			<Individual size="2">
				<FitnessMax value="3.33213"/>
				<FloatingPoint size="50">	2.54283	0.719839	3.38678	3.58857	3.65729	3.37603	1.33722	3.4515	5.67797	4.49941	2.41724	1.75253	3.14984	3.61506	3.5792	3.43016	1.51825	3.25981	3.59585	3.44106	2.56208	1.47946	2.68363	1.57885	1.5254	3.40083	1.6409	3.25749	5.56963	5.44002	2.44513	1.55713	2.59494	1.4731	2.79645	2.62531	1.50464	2.48557	1.56977	2.35588	2.52255	0.546827	2.5627	1.66131	2.56268	2.50586	1.72239	3.55614	1.345	2.40987</FloatingPoint>
				<FloatingPoint size="20">	0.708794	0.245599	0.990041	0.96585	0.220701	0.924541	0.947864	0.834613	0.941201	0.899833	0.434574	0.607133	0.975538	0.865309	0.903781	0.893674	0.982796	0.270725	0.17366	0.805872</FloatingPoint>
			</Individual>
			<Individual size="2">
				<FitnessMax value="3.30467"/>
				<FloatingPoint size="50">	2.63374	6.54141	3.38838	3.58937	3.43956	3.37613	1.33643	3.64202	5.69416	4.50715	2.40492	1.72006	3.14985	3.62422	3.61011	3.40812	1.51364	3.21524	3.59944	3.52298	2.56149	1.45484	2.67996	1.55404	1.52497	3.45296	1.62788	3.25739	5.56278	5.46347	2.43929	1.55702	2.58978	1.46377	2.90913	2.62531	1.78323	2.47392	1.569	2.35587	2.5217	0.546216	2.56336	1.65827	2.56216	2.45865	1.66367	3.53588	1.34676	2.41096</FloatingPoint>
				<FloatingPoint size="20">	0.708794	0.310649	0.989888	0.967075	0.147951	0.905709	0.925623	0.764948	0.943819	0.917253	0.395376	0.603402	0.996351	0.865248	0.902149	0.892061	0.988354	0.179358	0.569168	0.805056</FloatingPoint>
			</Individual>
			<Individual size="2">
				<FitnessMax value="3.44968"/>
				<FloatingPoint size="50">	2.63374	0.719847	3.38838	3.58937	3.43956	3.37613	1.33643	3.64202	5.69416	4.50715	2.40492	1.72006	3.14985	3.62422	3.61011	3.40812	1.51364	3.21524	3.59944	3.52298	2.56149	1.45484	2.67996	1.55404	1.52497	3.45296	1.62788	3.25739	5.56278	5.46347	2.43929	1.55702	2.58978	1.46377	2.90913	2.62531	1.78323	2.47392	1.569	2.35587	2.5217	0.546216	2.56336	1.65827	2.56216	2.45865	1.66367	3.53588	1.34676	2.41096</FloatingPoint>
				<FloatingPoint size="20">	0.708794	0.307946	0.990041	0.967003	0.169613	0.924541	0.855652	0.761015	0.94186	0.916663	0.488577	0.60781	0.999676	0.865455	0.898319	0.897678	0.988354	0.179358	0.569168	0.805056</FloatingPoint>
			</Individual>
			<Individual size="2">
				<FitnessMax value="3.44968"/>
				<FloatingPoint size="50">	2.46248	0.719526	3.5439	3.58963	3.43956	3.37614	1.33392	3.58981	5.69786	4.50696	2.40657	1.93105	3.14985	3.60741	3.61129	3.39768	1.50991	3.16274	3.60207	3.63332	2.56061	1.43349	2.68019	1.63068	1.54998	3.53999	1.62795	3.2574	5.57221	5.40084	2.46342	1.558	2.58978	1.46377	2.90913	2.62531	1.57694	2.47392	1.56978	2.35587	2.5152	0.548144	2.56336	1.67718	2.56342	2.54238	1.78113	3.56715	1.34787	2.40969</FloatingPoint>
				<FloatingPoint size="20">	0.708794	0.264492	0.990041	0.967003	0.184259	0.921209	0.943625	0.760966	0.941316	0.904253	0.478266	0.604737	0.990188	0.866545	0.90479	0.901377	0.971444	0.264257	0.491708	0.804626</FloatingPoint>
			</Individual>
			<Individual size="2">
				<FitnessMax value="3.2813"/>
				<FloatingPoint size="50">	2.44268	0.720042	3.31976	3.58898	3.43955	3.37615	1.33859	3.47775	5.68509	4.50549	2.40412	1.78238	3.14983	3.63492	3.59235	3.43355	1.33112	3.26812	3.59266	3.41148	2.56232	1.48151	2.67997	1.58864	1.52478	3.5299	1.65602	3.25739	5.61639	5.39573	2.44069	1.55749	2.58949	1.46066	2.81573	2.62531	1.47761	2.47251	1.57154	2.35587	2.52526	0.531982	2.56318	1.65885	2.56234	2.46037	1.7395	3.60518	1.3578	2.41087</FloatingPoint>
				<FloatingPoint size="20">	0.76473	0.247078	0.990041	0.967003	0.223299	0.924542	0.916328	0.76093	0.938898	0.896746	0.273424	0.603421	0.964376	0.865526	0.903784	0.90166	0.985093	0.267248	0.568851	0.805638</FloatingPoint>
			</Individual>
			<Individual size="2">
				<FitnessMax value="3.43898"/>
				<FloatingPoint size="50">	2.63108	0.719966	3.30436	3.58933	3.43955	3.37613	1.33827	3.63181	5.68981	4.5023	2.40431	1.73305	3.14983	3.62961	3.60679	3.41536	1.47551	3.23764	3.59764	3.51135	2.56211	1.48061	2.67996	1.58262	1.54137	3.46034	1.62866	3.25739	5.61575	5.44679	2.43937	1.55728	2.58959	1.46086	2.86028	2.62531	1.50529	2.47297	1.57029	2.35587	2.52329	0.532652	2.56333	1.65856	2.56232	2.45991	1.7234	3.58328	1.34851	2.41091</FloatingPoint>
				<FloatingPoint size="20">	0.708794	0.325674	0.990041	0.967003	0.167147	0.924541	0.855009	0.761287	0.941862	0.916592	0.488635	0.60795	0.999689	0.865422	0.898292	0.89777	0.988465	0.274148	0.56921	0.726771</FloatingPoint>
			</Individual>
			<Individual size="2">
				<FitnessMax value="3.36441"/>
				<FloatingPoint size="50">	2.45783	0.719969	3.32118	3.58871	3.43956	3.37612	1.33718	3.63814	5.67859	4.50215	2.40624	1.75854	3.14982	3.62311	3.54648	3.43027	1.51854	3.22726	3.5987	3.4843	2.56259	1.45879	2.6801	1.57989	1.53271	3.48222	1.62871	3.25741	5.56417	5.36902	2.43947	1.55706	2.58217	1.48979	2.75389	2.62531	1.27313	2.47377	1.569	2.27463	2.53214	0.546696	2.56084	1.64097	2.5631	2.46166	1.78112	3.55712	1.33091	2.59271</FloatingPoint>
				<FloatingPoint size="20">	0.708794	0.277096	0.990041	0.967003	0.15785	0.916148	0.801148	0.818137	0.941331	0.913555	0.482685	0.606009	0.993881	0.865535	0.908577	0.898387	0.98465	0.0938206	0.533676	0.805048</FloatingPoint>
			</Individual>
			<Individual size="2">
				<FitnessMax value="3.44968"/>
				<FloatingPoint size="50">	2.63374	0.720078	3.31185	3.58863	3.43954	3.37613	1.33685	3.44931	5.67102	4.51082	2.40374	1.69878	3.14983	3.62562	3.60165	3.40921	1.52066	3.22798	3.59287	3.41602	2.5625	1.14422	2.68001	1.60292	1.52462	3.50256	1.65324	3.25737	5.57349	5.37826	2.44392	1.55724	2.60098	1.50859	2.88192	2.62531	1.19711	2.47372	1.569	2.35588	2.52235	0.546213	2.56318	1.65898	2.56233	2.46646	1.78112	3.54109	1.34494	2.41076</FloatingPoint>
				<FloatingPoint size="20">	0.708794	0.246322	0.990041	0.967003	0.16962	0.924541	0.856905	0.76093	0.941847	0.916764	0.488489	0.607688	0.99962	0.865469	0.898358	0.897602	0.98794	0.100918	0.569146	0.805199</FloatingPoint>
			</Individual>
			<Individual size="2">
				<FitnessMax value="3.44968"/>
				<FloatingPoint size="50">	2.54283	0.719839	3.38678	3.58857	3.65729	3.37603	1.33722	3.4515	5.67797	4.49637	2.41724	1.75253	3.14984	3.61506	3.5792	3.43016	1.51825	3.25981	3.59585	3.44106	2.56208	1.47946	2.68363	1.57885	1.5254	3.40083	1.6409	3.25749	5.56963	5.44002	2.44513	1.55713	2.59494	1.4731	2.79645	2.62531	1.50464	2.48557	1.56977	2.35588	2.52255	0.546827	2.5627	1.66131	2.56268	2.50586	1.72239	3.55614	1.345	2.40987</FloatingPoint>
				<FloatingPoint size="20">	0.708794	0.245599	0.990041	0.96585	0.220701	0.924541	0.947864	0.834613	0.941201	0.899833	0.434574	0.607133	0.975538	0.865309	0.903781	0.893674	0.982796	0.270725	0.569984	0.805872</FloatingPoint>
			</Individual>
			<Individual size="2">
				<FitnessMax value="3.12907"/>
				<FloatingPoint size="50">	2.52898	0.719965	3.30561	3.58876	3.43953	3.37609	1.33714	3.45569	5.67584	4.50266	2.40383	1.63064	3.14984	3.62687	3.614	3.41135	1.51931	3.23614	3.59825	3.42816	2.56223	1.48103	2.68596	1.59424	1.53543	3.4835	1.72816	3.25728	5.60133	5.39785	2.43661	1.55732	2.59851	1.49882	2.72128	2.62531	1.59948	2.47269	1.56319	2.3559	2.51322	0.533976	2.56337	1.66125	2.56278	2.50028	1.74165	3.57855	1.34865	2.41071</FloatingPoint>
				<FloatingPoint size="20">	0.708794	0.303559	0.992502	0.967047	0.173051	0.924596	0.859494	0.767057	0.94272	0.91291	0.485882	0.605955	0.979732	0.865324	0.900953	0.892711	0.293082	0.36788	0.568991	0.805056</FloatingPoint>
			</Individual>
			<Individual size="2">
				<FitnessMax value="2.95815"/>
				<FloatingPoint size="50">	2.63374	0.72009	3.23692	3.58878	3.43953	3.45729	1.33803	3.44007	5.66767	4.50041	2.4225	1.74967	3.14983	3.60657	3.56169	3.44198	1.5214	3.28791	3.5926	3.38131	2.56293	1.4568	3.41762	1.55437	1.5406	3.43277	1.93258	3.25741	5.57515	5.45613	2.44402	1.55714	2.59489	1.45249	2.83414	2.62531	1.2795	2.47096	1.56904	2.35597	2.52223	0.537795	2.56649	1.65668	2.56217	2.45957	1.77998	3.57881	1.34155	2.42966</FloatingPoint>
				<FloatingPoint size="20">	0.708794	0.263893	0.99001	0.967018	0.169873	0.919101	0.894277	0.888203	0.941233	0.911113	0.450199	0.60547	0.996836	0.86584	0.902092	0.898578	0.983422	0.187578	0.508233	0.804991</FloatingPoint>
			</Individual>
			<Individual size="2">
				<FitnessMax value="3.44968"/>
				<FloatingPoint size="50">	2.66713	0.720017	3.25986	3.58895	3.43953	3.37615	1.33818	3.49072	5.67889	4.50103	2.414	1.77599	3.14983	3.61581	3.54811	3.4404	1.51968	3.33981	3.59234	3.37005	2.5627	1.48163	2.68003	1.57847	1.53259	3.48332	1.78773	3.2574	5.57344	5.43643	2.4508	1.55746	2.5951	1.46377	2.83031	2.62531	1.27884	2.47245	1.569	2.35587	2.52555	0.547835	2.56336	1.65827	2.56279	2.46537	1.78113	3.578	1.32925	2.43772</FloatingPoint>
				<FloatingPoint size="20">	0.708794	0.246405	0.990041	0.967003	0.147959	0.926875	0.937845	0.913884	0.939767	0.906754	0.387269	0.532578	0.982032	0.865758	0.900909	0.900582	0.977477	0.324097	0.553949	0.80487</FloatingPoint>
			</Individual>
			<Individual size="2">
				<FitnessMax value="3.44968"/>
				<FloatingPoint size="50">	2.58136	0.719904	3.34052	3.58899	3.43955	3.37612	1.33737	3.54486	5.6825	4.50496	2.40542	1.7404	3.14984	3.61541	3.582	3.41057	1.51776	3.22187	3.59593	3.46397	2.56206	1.42831	2.67996	1.5662	1.52492	3.47403	1.63365	3.25738	5.56478	5.45173	2.43986	1.55702	2.58984	1.46412	2.90803	2.62531	1.52541	2.47392	1.56901	2.35587	2.5217	0.824975	2.56336	1.65827	2.56217	2.45867	1.68058	3.53589	1.34677	2.41093</FloatingPoint>
				<FloatingPoint size="20">	0.708794	0.307946	0.990041	0.967003	0.169613	0.924541	0.855652	0.761015	0.94186	0.916663	0.488577	0.60781	0.999676	0.865455	0.898319	0.897678	0.988354	0.179358	0.569168	0.805056</FloatingPoint>
			</Individual>
			<Individual size="2">
				<FitnessMax value="1.32805"/>
				<FloatingPoint size="50">	2.52468	0.720056	3.31185	3.58853	3.43952	3.37613	1.33685	3.44931	5.67102	4.50105	2.42671	1.77737	3.14983	3.62562	3.60165	3.43917	1.52066	3.22798	3.59287	3.39217	2.5625	1.47993	2.68028	1.55429	1.52509	3.45331	1.65324	3.25737	5.57349	5.37826	5.3823	1.55703	2.5899	1.50859	2.90834	2.62531	1.72837	2.47238	1.56903	2.35587	2.52169	0.546189	2.56336	1.65827	2.56218	2.45923	1.78113	3.5359	1.33294	2.40948</FloatingPoint>
				<FloatingPoint size="20">	0.708794	0.248024	0.990041	0.967003	0.103351	0.924541	0.969301	0.759367	0.941375	0.896746	0.479628	0.603421	0.964376	0.865973	0.903784	0.902578	0.966489	0.121721	0.568851	0.804541</FloatingPoint>
			</Individual>
			<Individual size="2">
				<FitnessMax value="2.78239"/>
				<FloatingPoint size="50">	2.80957	0.720103	3.28404	3.58853	3.43952	3.37609	1.33856	3.43391	5.6678	4.50103	2.42716	1.77908	3.14982	3.60601	3.53829	3.44045	1.52204	3.22921	3.59423	3.38594	2.56264	1.48112	2.68546	1.56873	1.53133	3.47122	1.74994	3.25735	5.57378	5.40632	3.71113	1.55729	2.59533	1.47845	2.78778	2.62488	1.39769	2.47255	1.5325	2.35589	2.5196	0.546628	2.56336	1.65828	2.56256	2.48189	1.78111	3.56279	1.33544	2.43115</FloatingPoint>
				<FloatingPoint size="20">	0.708794	0.233143	0.993874	0.967082	0.175674	0.924718	0.227032	0.767313	0.945735	0.912834	0.450655	0.603388	0.968205	0.864863	0.901564	0.886879	0.54866	0.497034	0.565975	0.805243</FloatingPoint>
			</Individual>
			<Individual size="2">
				<FitnessMax value="3.20979"/>
				<FloatingPoint size="50">	2.63374	0.719526	3.5439	3.58963	3.43956	3.37614	1.33392	3.58981	5.69786	4.50696	2.40657	1.93105	3.14985	3.60741	3.61129	3.39768	1.50991	3.16274	3.60207	3.63332	2.56061	1.43349	2.68019	1.63068	1.54998	3.53999	1.62795	3.2574	5.57221	5.40084	2.46342	1.558	2.58978	1.46377	2.90913	2.62531	1.57694	2.47392	1.56978	2.35587	2.5152	5.88708	2.56336	1.67718	2.56342	2.54238	1.78113	3.56715	1.34787	2.40969</FloatingPoint>
				<FloatingPoint size="20">	0.708794	0.264492	0.990041	0.967003	0.184259	0.921209	0.943625	0.760966	0.941316	0.904253	0.478266	0.604737	0.990188	0.866545	0.90479	0.901377	0.971444	0.264257	0.491708	0.804626</FloatingPoint>
			</Individual>
			<Individual size="2">
				<FitnessMax value="3.44968"/>
				<FloatingPoint size="50">	2.44268	0.719969	3.32118	3.58887	3.43956	3.37615	1.33718	3.47775	5.68509	4.50167	2.40624	1.78238	3.14982	3.62311	3.57054	3.43355	1.33112	3.22726	3.59266	3.4843	2.56259	1.48151	2.67997	1.57989	1.53271	3.5299	1.65602	3.25739	5.56417	5.39573	2.44069	1.55706	2.58217	1.24723	2.81573	2.62531	1.27313	2.47377	1.57154	2.35587	2.53214	0.531982	2.56084	1.64097	2.56234	2.46166	1.7395	3.60518	1.33091	2.41087</FloatingPoint>
				<FloatingPoint size="20">	0.708794	0.246322	0.990041	0.967003	0.16962	0.924541	0.856905	0.76093	0.941847	0.916764	0.488489	0.607688	0.99962	0.865469	0.898358	0.897602	0.98794	0.100918	0.569146	0.805199</FloatingPoint>
			</Individual>
		</Deme>
	</Population>
</ECF>
