<?xml version="1.0" encoding="ISO-8859-1"?>
<ECF milestone="Mon Jun 18 08:57:49 2018
">
	<Registry>
		<Entry key="1FloatingPoint.dimension">20</Entry>
		<Entry key="1FloatingPoint.lbound">0</Entry>
		<Entry key="1FloatingPoint.ubound">1</Entry>
		<Entry key="FloatingPoint.dimension">50</Entry>
		<Entry key="FloatingPoint.lbound">0</Entry>
		<Entry key="FloatingPoint.ubound">6.99</Entry>
		<Entry key="SteadyStateTournament.tsize">3</Entry>
		<Entry key="batch.logfile_">*</Entry>
		<Entry key="batch.remaining_">0</Entry>
		<Entry key="batch.repeats">1</Entry>
		<Entry key="batch.singlemilestone">1</Entry>
		<Entry key="batch.statsfile">stats/ohlc_bitfinex_iotusd_86400_10_100_0.2_0.9.csv</Entry>
		<Entry key="data.balance">16.3878</Entry>
		<Entry key="data.input">data/train/ohlc_bitfinex_iotusd_86400.csv</Entry>
		<Entry key="data.test">data/test/ohlc_bitfinex_iotusd_86400.csv</Entry>
		<Entry key="fuzzy.langvars">conf/ohlc_bitfinex_iotusd_86400.conf</Entry>
		<Entry key="fuzzy.numrules">10</Entry>
		<Entry key="fuzzy.threshold">0.9</Entry>
		<Entry key="log.frequency">10</Entry>
		<Entry key="log.level">3</Entry>
		<Entry key="milestone.elapsedtime_">158</Entry>
		<Entry key="milestone.filename">milestones/ohlc_bitfinex_iotusd_86400_10_100_0.2_0.9.txt</Entry>
		<Entry key="milestone.generation_">2999</Entry>
		<Entry key="mutation.indprob">0.2</Entry>
		<Entry key="operator.logfile">log/ohlc_bitfinex_iotusd_86400_10_100_0.2_0.9.csv</Entry>
		<Entry key="population.size">100</Entry>
		<Entry key="term.eval">300000</Entry>
	</Registry>
	<Population size="1">
		<HallOfFame size="1">
			<Individual size="2" gen="0">
				<FitnessMax value="1"/>
				<FloatingPoint size="50">	0.708666	1.53907	0.125728	4.12717	3.32196	0.412577	2.21345	1.49413	5.43127	1.63369	3.22754	1.12762	6.43554	5.33382	4.04998	5.89015	3.9232	5.19793	5.30142	2.22464	6.09538	1.82607	3.2474	4.12781	4.88017	3.56627	0.310156	1.91942	2.19852	3.14395	5.84608	2.90719	4.68303	5.97181	0.044358	1.01499	6.38438	2.25781	2.50912	4.82565	3.8915	5.73665	5.95327	3.33703	4.08047	3.01324	2.23719	1.01367	1.22118	0.548606</FloatingPoint>
				<FloatingPoint size="20">	0.463278	0.0467183	0.339724	0.927857	0.637249	0.0378888	0.438053	0.681621	0.312483	0.752576	0.1314	0.148832	0.168483	0.801361	0.00316763	0.174829	0.946567	0.916527	0.497834	0.305525</FloatingPoint>
			</Individual>
		</HallOfFame>
		<Deme size="100">
			<HallOfFame size="1">
				<Individual size="2" gen="0">
					<FitnessMax value="1"/>
					<FloatingPoint size="50">	0.708666	1.53907	0.125728	4.12717	3.32196	0.412577	2.21345	1.49413	5.43127	1.63369	3.22754	1.12762	6.43554	5.33382	4.04998	5.89015	3.9232	5.19793	5.30142	2.22464	6.09538	1.82607	3.2474	4.12781	4.88017	3.56627	0.310156	1.91942	2.19852	3.14395	5.84608	2.90719	4.68303	5.97181	0.044358	1.01499	6.38438	2.25781	2.50912	4.82565	3.8915	5.73665	5.95327	3.33703	4.08047	3.01324	2.23719	1.01367	1.22118	0.548606</FloatingPoint>
					<FloatingPoint size="20">	0.463278	0.0467183	0.339724	0.927857	0.637249	0.0378888	0.438053	0.681621	0.312483	0.752576	0.1314	0.148832	0.168483	0.801361	0.00316763	0.174829	0.946567	0.916527	0.497834	0.305525</FloatingPoint>
				</Individual>
			</HallOfFame>
			<Individual size="2">
				<FitnessMax value="1"/>
				<FloatingPoint size="50">	1.54558	2.2556	2.08163	6.643	2.53355	3.57874	3.05701	3.78243	3.73928	3.81354	3.39214	3.59731	3.60997	3.57636	4.00309	3.18664	2.6631	3.60102	2.87885	3.20316	4.10811	2.22248	4.24997	4.61542	4.30849	3.93548	3.7852	3.25587	2.94678	3.45002	2.29513	3.4651	2.62174	3.82919	5.21166	3.74939	3.53981	3.90578	2.47209	3.37346	3.0878	3.31004	3.71907	3.87474	2.95755	2.76289	3.01852	4.07828	4.00582	2.93169</FloatingPoint>
				<FloatingPoint size="20">	0.577396	0.48669	0.512329	0.555904	0.440104	0.335028	0.487349	0.676855	0.576499	0.378077	0.600638	0.617456	0.417272	0.64074	0.549184	0.532507	0.578614	0.352614	0.524697	0.558203</FloatingPoint>
			</Individual>
			<Individual size="2">
				<FitnessMax value="1"/>
				<FloatingPoint size="50">	2.43663	2.22372	2.08828	3.77125	2.50136	3.57614	3.15051	3.77692	3.68111	3.86588	3.44654	3.59745	3.58786	3.62042	4.0087	3.18249	2.78122	3.60153	2.8604	3.18757	4.20639	2.22598	4.26817	3.15756	3.93029	3.69984	3.79974	3.25739	2.98026	3.41998	2.27009	3.46595	2.62816	3.80706	3.67664	3.79014	3.31933	4.10197	2.49576	3.39585	3.12082	3.33174	3.71718	3.87925	2.9398	2.77807	3.02283	3.61649	4.00901	2.90292</FloatingPoint>
				<FloatingPoint size="20">	0.602888	0.490754	0.278605	0.551343	0.338649	0.353374	0.5164	0.656564	0.579506	0.38897	0.612457	0.640858	0.455826	0.64482	0.564425	0.513818	0.5763	0.364434	0.556941	0.553723</FloatingPoint>
			</Individual>
			<Individual size="2">
				<FitnessMax value="1"/>
				<FloatingPoint size="50">	3.00576	2.39741	2.10858	3.76979	2.50847	3.55997	2.90241	3.40108	3.63019	3.81166	3.45412	3.59732	3.61258	3.70103	4.00039	3.18682	2.76232	3.60143	3.04165	3.15862	4.165	2.28687	4.26928	4.29565	4.04236	3.81667	3.1844	3.24231	2.92816	3.31197	2.09043	3.47225	2.62903	3.82955	3.67892	3.81183	3.00983	4.02277	2.49621	3.38262	3.08619	3.31012	3.70911	3.87656	2.96026	2.77391	3.02649	3.66311	4.00618	2.88779</FloatingPoint>
				<FloatingPoint size="20">	0.571908	0.489458	0.409996	0.583173	0.377165	0.314107	0.500641	0.436519	0.586286	0.394457	0.602297	0.579949	0.43929	0.49289	0.556825	0.494762	0.586727	0.361239	0.479645	0.551818</FloatingPoint>
			</Individual>
			<Individual size="2">
				<FitnessMax value="1"/>
				<FloatingPoint size="50">	2.43663	2.36553	2.10518	3.81263	2.49449	3.70969	3.13032	3.78082	3.60011	4.20129	3.43309	3.59737	3.61258	3.70103	4.00039	3.18682	2.76232	3.60143	3.04165	3.15862	4.165	2.28687	4.26928	4.29565	4.04236	3.81667	3.1844	3.24231	2.92816	3.31197	2.09043	3.47225	2.62903	3.82955	3.67892	3.81183	3.00983	4.02277	2.49621	3.38262	3.08619	3.31012	3.70911	3.87656	2.96026	2.77391	3.02649	3.66311	4.00618	2.88779</FloatingPoint>
				<FloatingPoint size="20">	0.571908	0.489458	0.409996	0.583173	0.377165	0.314107	0.500641	0.436519	0.586286	0.394457	0.602297	0.579949	0.43929	0.49289	0.556825	0.494762	0.586727	0.361239	0.479645	0.551818</FloatingPoint>
			</Individual>
			<Individual size="2">
				<FitnessMax value="1"/>
				<FloatingPoint size="50">	2.90165	2.264	2.11283	4.14694	2.50378	3.57296	3.11714	3.7793	3.69201	3.86598	3.44636	3.59734	3.59041	3.57708	4.00734	3.18385	2.69658	3.6014	2.86656	3.18133	4.20423	2.23494	4.26646	4.51697	4.05289	3.87362	3.86228	3.24545	3.26112	3.43211	2.23327	3.27013	2.62676	3.66675	3.6755	3.84856	3.20603	4.07481	2.45713	3.37326	3.11065	3.32841	3.71733	3.87554	2.93009	2.77695	3.01301	3.59062	4.00773	2.86801</FloatingPoint>
				<FloatingPoint size="20">	0.647176	0.456599	0.288001	0.541219	0.507845	0.386008	0.483101	0.683254	0.64948	0.376003	0.581577	0.592311	0.435117	0.638832	0.538575	0.535499	0.578583	0.364373	0.469107	0.560217</FloatingPoint>
			</Individual>
			<Individual size="2">
				<FitnessMax value="1"/>
				<FloatingPoint size="50">	2.87052	2.35086	2.11186	3.83891	2.50629	3.57318	3.09874	3.75627	3.67413	3.74594	3.436	3.5973	3.59208	3.7575	4.00712	3.18223	2.76509	3.60153	2.89611	3.17993	4.19189	2.23824	4.26876	3.57052	3.96965	3.75033	3.80139	3.26322	3.02831	3.40821	2.26965	3.45351	2.62842	3.79253	4.64625	3.79987	3.25225	4.09685	2.48923	3.3889	3.11886	3.32715	3.71747	3.87914	2.94722	2.77754	3.02379	3.62732	4.00849	2.89421</FloatingPoint>
				<FloatingPoint size="20">	0.59863	0.488068	0.259309	0.545737	0.511884	0.359942	0.46975	0.641087	0.601589	0.392732	0.605483	0.598458	0.419167	0.637751	0.548422	0.549942	0.57827	0.253494	0.464941	0.562159</FloatingPoint>
			</Individual>
			<Individual size="2">
				<FitnessMax value="1"/>
				<FloatingPoint size="50">	2.92824	2.37064	2.11092	3.78896	2.53968	3.44184	3.11489	3.78957	3.65375	3.80807	4.2151	3.59719	3.60814	3.80777	4.00546	3.19398	2.97786	3.60163	2.86918	3.16904	4.16482	2.22951	4.2147	4.54302	3.91625	3.73506	3.31141	3.19001	2.95853	3.34474	2.24624	3.47127	2.62722	3.67673	3.69148	2.46932	3.17524	4.132	2.4282	3.36757	3.12648	3.36452	3.71796	3.8732	2.96576	0.850864	3.02488	4.06227	4.00604	2.8962</FloatingPoint>
				<FloatingPoint size="20">	0.622986	0.501787	0.27072	0.55202	0.294408	0.356193	0.514349	0.668185	0.576227	0.391581	0.610984	0.637761	0.457722	0.641499	0.565556	0.514689	0.552629	0.380875	0.542397	0.556465</FloatingPoint>
			</Individual>
			<Individual size="2">
				<FitnessMax value="1"/>
				<FloatingPoint size="50">	3.05143	2.31361	2.11207	4.06505	2.51469	3.55486	2.9478	3.71561	3.68276	3.82375	3.44657	3.5973	3.59169	3.80739	4.00777	3.18141	2.72343	3.60156	2.92292	3.1795	4.15924	2.22982	4.27015	4.50465	4.08352	3.90283	3.90409	3.28137	3.20521	3.40447	2.27212	3.33993	2.62598	3.66853	3.6702	3.82396	3.23096	4.1211	2.43908	3.37014	3.1207	3.32055	3.7173	3.87902	2.96511	2.79286	3.0255	3.63073	4.00751	2.87302</FloatingPoint>
				<FloatingPoint size="20">	0.59863	0.488068	0.373883	0.580088	0.476909	0.359942	0.46975	0.641087	0.601589	0.36538	0.594466	0.598458	0.419167	0.53065	0.554028	0.510014	0.585082	0.357902	0.464941	0.554874</FloatingPoint>
			</Individual>
			<Individual size="2">
				<FitnessMax value="1"/>
				<FloatingPoint size="50">	1.54558	2.2556	2.08163	6.643	2.53355	3.57874	3.05701	3.78243	3.73928	3.81354	3.39214	3.59731	3.60997	3.57636	4.00309	3.18664	2.6631	3.60102	2.87885	3.20316	4.10811	2.22248	4.24997	4.61542	4.30849	3.93548	3.7852	3.25587	2.94678	3.45002	2.29513	5.50693	2.62174	3.82919	5.21166	3.74939	3.53981	3.90578	2.47209	3.37346	3.0878	3.31157	3.71907	3.87474	2.95755	2.76289	3.01852	4.07828	4.00598	2.92689</FloatingPoint>
				<FloatingPoint size="20">	0.583374	0.491031	0.254783	0.539101	0.39201	0.350359	0.522092	0.630145	0.579717	0.387972	0.613464	0.639955	0.461627	0.64873	0.492894	0.516299	0.589182	0.342954	0.510171	0.561206</FloatingPoint>
			</Individual>
			<Individual size="2">
				<FitnessMax value="1"/>
				<FloatingPoint size="50">	2.87227	2.18188	2.09217	4.46747	2.51399	3.5169	3.10183	3.78378	3.67904	3.75004	3.44606	3.59751	3.61603	3.62184	4.00698	3.18294	2.83067	3.60165	4.20142	3.20306	4.15913	2.24546	4.26408	4.50704	4.24498	3.49125	4.12444	2.88595	2.97089	3.41097	2.54382	2.16195	2.62368	3.83088	3.66844	3.73867	3.04348	4.10574	2.44786	3.38039	3.12908	3.31604	3.71789	3.87727	2.93169	2.80181	3.02127	3.56237	4.00683	2.86267</FloatingPoint>
				<FloatingPoint size="20">	0.401854	0.478709	0.248346	0.900907	0.515852	0.126842	0.627558	0.68954	0.570313	0.509346	0.602633	0.647259	0.464653	0.646784	0.558348	0.512937	0.582173	0.374468	0.499895	0.554349</FloatingPoint>
			</Individual>
			<Individual size="2">
				<FitnessMax value="1"/>
				<FloatingPoint size="50">	2.43663	2.22372	2.08828	3.77125	2.50136	3.57614	3.15051	3.77692	3.68111	3.86588	3.44654	3.59745	3.58786	3.62042	4.0087	3.18249	2.78122	3.60153	2.8604	3.18757	4.20639	2.22598	4.26817	3.15756	3.93029	3.69984	3.79974	3.25739	2.98026	3.41998	2.27009	3.46595	2.62816	3.80706	3.67664	3.79014	3.31933	4.10197	2.49576	3.39585	3.12082	3.33174	3.71718	3.87925	2.9398	2.77807	3.02283	3.61649	4.00901	2.90292</FloatingPoint>
				<FloatingPoint size="20">	0.583374	0.488211	0.269707	0.537308	0.391257	0.379275	0.445663	0.662347	0.600185	0.3741	0.614194	0.629885	0.480829	0.645453	0.560081	0.508094	0.580311	0.375125	0.507159	0.543614</FloatingPoint>
			</Individual>
			<Individual size="2">
				<FitnessMax value="1"/>
				<FloatingPoint size="50">	3.02859	2.35551	2.11033	3.91742	2.51158	3.55741	2.9251	3.55835	3.65647	3.81771	3.45034	3.59731	3.60253	3.85291	4.00641	3.18183	2.79832	3.6016	3.03139	3.17942	4.12262	4.33514	4.26996	4.44778	4.11447	3.94161	3.8571	3.2804	3.08813	3.39184	2.38442	3.41167	2.62491	3.73737	3.67188	3.81378	3.16249	4.12332	2.45096	3.37416	3.10975	3.3227	3.71761	3.87894	2.96304	2.79596	3.02578	3.63598	4.00712	2.87357</FloatingPoint>
				<FloatingPoint size="20">	0.59863	0.488068	0.373883	0.580088	0.476909	0.359942	0.46975	0.641087	0.601589	0.36538	0.594466	0.598458	0.419167	0.53065	0.554028	0.510014	0.585082	0.357902	0.464941	0.554874</FloatingPoint>
			</Individual>
			<Individual size="2">
				<FitnessMax value="1"/>
				<FloatingPoint size="50">	2.93729	2.33939	2.11059	3.77679	2.49681	3.48421	3.04667	3.78505	3.68901	3.74474	3.47908	3.59774	3.60671	4.1554	4.00691	3.18586	2.89367	3.60152	2.89831	3.17875	4.16324	2.23181	4.3735	4.53723	4.00889	3.76084	3.67515	3.17021	2.96994	2.627	2.2246	3.4473	2.62851	3.79409	3.67064	3.75104	3.40464	4.07461	2.44699	3.36361	3.11881	3.33231	3.71619	3.87736	2.95845	2.77574	3.02478	3.89728	4.00576	2.90647</FloatingPoint>
				<FloatingPoint size="20">	0.59863	0.452771	0.27603	0.549723	0.531959	0.257691	0.480756	0.695321	0.616462	0.376576	0.58825	0.631818	0.541151	0.665713	0.538815	0.556723	0.576822	0.228836	0.460081	0.561275</FloatingPoint>
			</Individual>
			<Individual size="2">
				<FitnessMax value="1"/>
				<FloatingPoint size="50">	1.54558	2.18188	2.08163	4.46747	2.51399	3.57874	3.10183	3.78243	3.67904	3.81354	3.44606	3.59751	3.61603	3.62184	4.00698	3.18294	2.6631	3.60102	2.87885	3.20316	4.10811	2.22248	4.26408	4.50704	4.30849	3.49125	4.12444	2.88595	2.97089	3.41097	2.29513	2.16195	2.62368	3.82919	5.21166	3.74939	3.04348	4.10574	2.47209	3.38039	3.0878	3.31157	3.71789	3.87727	2.95755	2.76289	3.02127	4.07828	4.00582	2.93169</FloatingPoint>
				<FloatingPoint size="20">	0.583374	0.491031	0.254783	0.539101	0.39201	0.350359	0.522092	0.630145	0.579717	0.387972	0.613464	0.639955	0.461627	0.64873	0.492894	0.516299	0.589182	0.364072	0.486292	0.555293</FloatingPoint>
			</Individual>
			<Individual size="2">
				<FitnessMax value="1"/>
				<FloatingPoint size="50">	3.05143	2.3723	2.11063	3.8048	2.53696	3.43178	3.15307	3.79727	3.64281	3.80763	3.43818	3.59714	3.60473	3.83987	4.00028	3.19104	2.90323	3.60162	2.9219	3.145	4.34821	2.23004	4.28252	4.61175	3.91349	3.70696	2.6639	3.18581	2.94671	3.33611	2.10942	3.4652	2.6191	3.83008	3.66757	3.68578	3.39665	4.18135	2.41991	3.36797	3.12799	3.39198	3.71727	3.87211	2.96429	2.78529	3.02479	4.06703	4.00512	2.92255</FloatingPoint>
				<FloatingPoint size="20">	0.532462	0.482194	0.333132	0.723417	0.520058	0.339826	0.395143	0.474342	0.600333	0.403604	0.613498	0.566509	0.481426	0.648777	0.539938	0.515042	0.588776	0.370759	0.500174	0.552093</FloatingPoint>
			</Individual>
			<Individual size="2">
				<FitnessMax value="1"/>
				<FloatingPoint size="50">	2.48136	2.21571	2.09087	3.77226	2.4956	3.56569	3.15504	3.77702	3.67611	3.88091	3.68577	3.59747	3.5898	3.69051	4.0088	3.18319	2.7669	3.60157	2.8701	3.18342	4.18459	2.22583	4.30134	3.29025	3.94022	3.72477	3.79207	3.24982	2.97777	3.41813	2.30374	3.46591	2.62906	3.80927	3.67597	3.79197	3.33797	4.09561	2.4989	3.39399	3.12136	3.32991	3.71734	3.87943	2.94201	2.77714	3.01873	3.60839	4.00867	2.90189</FloatingPoint>
				<FloatingPoint size="20">	0.582789	0.479721	0.28649	0.550665	0.382889	0.350554	0.51845	0.644943	0.582784	0.386359	0.61393	0.643956	0.453931	0.648141	0.563294	0.512948	0.599971	0.347994	0.571485	0.550982</FloatingPoint>
			</Individual>
			<Individual size="2">
				<FitnessMax value="1"/>
				<FloatingPoint size="50">	3.00576	2.29137	2.09336	3.77032	2.50497	3.54838	3.04724	3.78827	3.65603	3.89007	3.54954	3.59754	3.60468	3.75703	4.00707	3.17988	2.31029	3.6016	2.8516	3.18557	4.13443	2.22814	4.27638	4.09062	3.90792	3.77261	4.03829	3.2331	2.97862	3.29069	2.40339	3.44738	2.62776	3.82404	3.67332	3.77287	3.41421	4.0979	2.46347	3.36822	3.12283	3.33841	3.71575	3.87895	2.97215	2.77722	3.02552	3.61357	4.00642	2.88977</FloatingPoint>
				<FloatingPoint size="20">	0.601767	0.490805	0.261627	0.563916	0.36221	0.433799	0.252557	0.692987	0.59536	0.384725	0.607227	0.628801	0.470592	0.042876	0.559376	0.514604	0.592705	0.346267	0.554492	0.543751</FloatingPoint>
			</Individual>
			<Individual size="2">
				<FitnessMax value="1"/>
				<FloatingPoint size="50">	3.00576	2.41447	2.11304	4.0791	2.51199	3.52651	2.97102	3.72379	3.6211	3.82098	3.61206	3.59737	3.59855	3.76393	4.00432	3.18532	2.56864	3.60167	2.84485	3.17456	4.15414	2.22428	4.26968	4.50352	4.17374	3.89584	4.50846	3.28969	3.04053	3.41609	2.2257	3.45573	2.69132	3.6885	4.12708	3.80864	3.2962	4.17869	2.44234	3.35862	3.11146	3.32197	3.71892	3.87892	2.96103	2.78648	3.01832	3.6341	4.00739	2.86082</FloatingPoint>
				<FloatingPoint size="20">	0.622986	0.501787	0.27072	0.55202	0.294408	0.359942	0.46975	0.641087	0.601589	0.36538	0.594466	0.598458	0.419167	0.53065	0.554028	0.510014	0.585082	0.357902	0.464941	0.554874</FloatingPoint>
			</Individual>
			<Individual size="2">
				<FitnessMax value="1"/>
				<FloatingPoint size="50">	2.51427	2.37262	2.10729	3.90905	2.53076	3.49297	3.11874	3.66262	3.6562	3.82302	3.4329	3.59721	3.60497	3.85343	5.8936	3.18888	2.80062	3.60154	3.08058	3.19935	4.31323	2.22423	4.27317	4.54172	4.02557	3.73747	3.1063	3.24694	2.95087	3.34499	2.33911	3.46991	2.61937	3.82983	4.24662	3.7449	3.3751	4.04312	2.43346	3.37067	3.11854	3.3361	3.7182	3.8745	2.96199	2.78853	3.02357	4.06446	4.00556	2.90494</FloatingPoint>
				<FloatingPoint size="20">	0.658238	0.481694	0.266091	0.580789	0.451718	0.397499	0.499181	0.609185	0.569764	0.396706	0.715256	0.63159	0.461321	0.643033	0.536272	0.516227	0.589517	0.341108	0.513187	0.561919</FloatingPoint>
			</Individual>
			<Individual size="2">
				<FitnessMax value="1"/>
				<FloatingPoint size="50">	3.2181	2.30047	2.11376	3.76809	2.47675	3.58068	3.11825	3.77923	3.71283	3.85975	3.43026	3.59726	3.61115	3.57568	4.00949	3.19134	2.62533	3.60139	2.86827	3.17865	4.20632	2.22242	4.26394	4.51952	4.02772	3.91674	3.82987	3.28515	2.96824	3.44079	2.22501	3.46858	2.62643	3.6498	3.67972	3.73998	3.28262	4.1252	2.46002	3.37333	3.07139	3.31637	3.71857	3.87523	2.95931	2.77439	3.02428	3.95696	4.00647	2.86735</FloatingPoint>
				<FloatingPoint size="20">	0.660441	0.479557	0.259309	0.545737	0.511884	0.326758	0.464638	0.691158	0.565998	0.392732	0.605483	0.709731	0.483637	0.637751	0.548422	0.549942	0.57827	0.253494	0.461691	0.562159</FloatingPoint>
			</Individual>
			<Individual size="2">
				<FitnessMax value="1"/>
				<FloatingPoint size="50">	2.88572	2.27823	2.11366	3.76094	2.52539	3.44137	3.09995	3.78136	3.66112	6.50177	3.82763	3.59756	3.61484	3.57701	4.0098	3.19578	2.91858	4.06401	2.84925	3.23364	4.20689	2.24289	4.25706	4.47019	4.02246	3.82822	4.34886	3.20011	2.93583	3.43534	3.17278	3.46913	2.62573	3.67353	3.66912	3.79851	3.42853	4.30786	2.44236	3.35833	3.07342	3.34148	3.71241	3.88062	2.96283	2.78526	3.01821	3.72553	4.00692	2.85324</FloatingPoint>
				<FloatingPoint size="20">	0.655173	0.479124	0.259752	0.506104	0.469636	0.419969	0.130883	0.679029	0.639991	0.319709	0.565221	0.579161	0.398561	0.654586	0.494047	0.536346	0.598229	0.358025	0.592032	0.532266</FloatingPoint>
			</Individual>
			<Individual size="2">
				<FitnessMax value="1"/>
				<FloatingPoint size="50">	2.87052	2.35086	2.11186	3.83891	2.50629	3.57318	3.09874	3.75627	3.67413	3.74594	3.436	3.5973	3.59208	3.7575	4.00379	3.18169	2.73105	3.60153	2.97153	3.1638	4.16125	2.26412	4.27	4.4426	4.05277	3.85694	3.80487	3.27553	3.12976	3.38336	2.26872	3.42725	2.62899	3.76184	3.67736	3.82043	3.11059	4.08604	2.47542	3.37421	3.11473	3.31745	3.71809	3.87893	2.9629	2.77644	3.0258	3.65019	4.00738	2.87582</FloatingPoint>
				<FloatingPoint size="20">	0.59863	0.488068	0.373883	0.580088	0.476909	0.359942	0.46975	0.641087	0.601589	0.36538	0.594466	0.598458	0.419167	0.53065	0.554028	0.510014	0.239614	0.357902	0.464941	0.554874</FloatingPoint>
			</Individual>
			<Individual size="2">
				<FitnessMax value="1"/>
				<FloatingPoint size="50">	2.92824	2.4181	2.11126	3.7683	2.53335	3.59705	2.72136	3.8151	3.64872	4.11722	3.42138	3.59787	3.60905	3.65747	4.00733	3.18665	3.41122	3.60106	2.86698	3.22197	4.06928	2.23655	4.28666	4.5408	3.83597	3.72633	4.16585	3.14665	2.95597	3.4146	2.59255	3.4825	2.63045	3.83266	3.66852	3.76813	3.45137	4.04205	2.44091	3.3454	3.12676	3.30139	3.71115	3.87846	2.95606	2.77404	3.02868	3.55143	4.00571	2.87742</FloatingPoint>
				<FloatingPoint size="20">	0.61815	0.490305	0.286066	0.55709	0.479528	0.435334	0.55522	0.685798	0.599645	0.384871	0.617711	0.647127	0.470505	0.653364	0.54392	0.522066	0.611076	0.360792	0.488728	0.616981</FloatingPoint>
			</Individual>
			<Individual size="2">
				<FitnessMax value="1"/>
				<FloatingPoint size="50">	2.92301	2.46393	2.10924	3.79781	2.51121	3.69689	3.10983	3.78951	3.63176	4.03535	3.42191	3.59739	3.61225	3.72112	4.00062	3.18264	2.97797	3.60133	3.01272	3.19064	4.15248	2.27913	4.27216	4.3442	3.99054	3.75236	4.02726	3.21643	2.93458	3.32923	2.39114	3.47226	2.62669	3.82917	3.67629	3.80735	3.23489	4.05131	1.7999	3.35838	3.09219	3.30069	3.71163	3.87675	2.95932	2.77437	3.02705	3.72268	4.00615	2.89129</FloatingPoint>
				<FloatingPoint size="20">	0.656963	0.484138	0.374181	0.623956	0.400007	0.307182	0.813606	0.527336	0.590238	0.395657	0.604778	0.538345	0.450458	0.70684	0.552306	0.508485	0.58727	0.354536	0.542271	0.556999</FloatingPoint>
			</Individual>
			<Individual size="2">
				<FitnessMax value="1"/>
				<FloatingPoint size="50">	2.94575	2.37125	2.11184	3.51668	2.51308	3.55131	2.98834	3.76407	3.68428	3.80035	3.44683	3.59748	3.60944	3.9008	4.00406	3.18427	3.15666	3.60175	3.14681	3.14558	3.70085	2.22808	4.18716	4.4219	4.06967	3.82946	3.2474	3.25549	2.95411	3.44078	2.3649	3.47249	2.6199	3.56541	4.66133	3.75969	3.28792	4.57505	2.43886	3.33822	3.10607	3.32731	3.71826	3.8757	2.95922	2.79103	3.0244	4.06197	4.00665	2.89748</FloatingPoint>
				<FloatingPoint size="20">	0.663183	0.523453	0.327823	0.552561	0.207011	0.359613	0.50428	0.691214	0.572469	0.387752	0.608847	0.636598	0.446993	0.635299	0.564357	0.438827	0.52738	0.38716	0.504068	0.551232</FloatingPoint>
			</Individual>
			<Individual size="2">
				<FitnessMax value="1"/>
				<FloatingPoint size="50">	2.90165	2.18408	2.09734	3.92373	2.46065	3.48388	3.16658	3.78343	3.63927	3.96085	4.70116	3.59766	3.60351	3.87634	4.00958	3.18724	2.67642	3.60165	3.55803	3.15258	4.1891	2.2342	4.35005	4.28897	4.1283	3.80043	3.8639	3.03287	2.96443	3.4047	2.44333	2.94376	2.63467	3.82562	3.67105	3.78453	3.4219	4.07571	2.48987	3.39009	3.12551	3.31831	3.71857	3.88015	2.95946	2.7918	2.99778	3.53888	4.00769	2.89274</FloatingPoint>
				<FloatingPoint size="20">	0.57107	0.483445	0.262198	0.531635	0.375776	0.356964	0.463115	0.69561	0.696651	0.386634	0.588617	0.570539	0.463164	0.641232	0.523387	0.538161	0.579022	0.375716	0.474045	0.558433</FloatingPoint>
			</Individual>
			<Individual size="2">
				<FitnessMax value="1"/>
				<FloatingPoint size="50">	3.05143	2.47855	2.1097	3.79828	2.53001	3.44429	3.11154	3.80136	3.65248	3.69809	3.42329	3.59709	3.60544	3.98373	4.00288	3.18295	2.89832	3.60157	2.90149	3.15438	4.19771	2.23629	4.28155	4.59195	3.93082	3.71581	3.36728	3.18683	2.94481	3.31074	2.19051	3.46371	2.61986	3.82726	3.66821	3.74332	3.38309	4.13658	2.4277	3.36526	3.12214	3.33933	3.71741	3.87542	2.96194	2.78042	3.02563	4.2651	4.00571	2.92027</FloatingPoint>
				<FloatingPoint size="20">	0.57107	0.484516	0.262198	0.531635	0.460756	0.356964	0.494607	0.69561	0.61832	0.369292	0.588617	0.600839	0.463164	0.641232	0.526065	0.520141	0.581221	0.37898	0.474045	0.558433</FloatingPoint>
			</Individual>
			<Individual size="2">
				<FitnessMax value="1"/>
				<FloatingPoint size="50">	2.80492	2.29066	2.10265	3.77331	2.50941	3.55574	3.03101	3.72939	3.66838	3.90317	3.4424	3.59739	3.60495	3.86174	4.00962	3.18396	2.84978	3.60136	3.81901	3.1835	4.18317	2.23099	4.26708	4.3407	4.12207	3.76613	3.7069	3.26708	2.98304	3.39041	2.46202	3.47303	2.61001	3.79227	4.62492	3.79146	3.20634	4.07628	2.44866	3.38362	3.11856	3.32767	3.7157	3.87776	2.92872	2.79181	3.0249	3.62228	4.00724	2.88138</FloatingPoint>
				<FloatingPoint size="20">	0.571908	0.489458	0.409996	0.583173	0.377165	0.314107	0.0547152	0.436519	0.586286	0.394457	0.602297	0.579949	0.43929	0.49289	0.556825	0.494762	0.586727	0.361239	0.479645	0.551818</FloatingPoint>
			</Individual>
			<Individual size="2">
				<FitnessMax value="1"/>
				<FloatingPoint size="50">	3.05143	2.58479	2.10996	3.79423	2.52402	3.45679	3.12584	3.80546	3.65887	3.58855	3.44702	3.59746	3.61242	3.96076	4.00898	3.18253	2.87325	3.60154	2.36498	3.19888	4.2063	2.2285	4.22913	3.32314	3.90484	3.82927	3.75767	3.26485	2.97363	3.41042	2.26759	3.48181	2.62248	3.81332	3.67263	3.80113	3.16222	4.10455	2.54429	3.39687	3.12718	3.33176	3.71713	3.87322	2.74534	2.82139	3.02657	3.60423	4.00673	2.83388</FloatingPoint>
				<FloatingPoint size="20">	0.644918	0.493933	0.373883	0.561741	0.476909	0.427089	0.46975	0.691481	0.59457	0.374846	0.594466	0.598458	0.419167	0.634344	0.554028	0.510014	0.535452	0.392992	0.464941	0.489961</FloatingPoint>
			</Individual>
			<Individual size="2">
				<FitnessMax value="1"/>
				<FloatingPoint size="50">	2.66827	2.32471	2.10192	3.7658	2.51702	3.52346	3.12691	3.69607	3.67988	3.84042	3.45462	3.59737	3.60665	4.09421	4.0114	3.18713	2.90766	3.60164	4.34608	3.18778	4.11359	2.2179	4.26086	4.42888	4.34088	3.99695	4.14718	3.30018	2.96168	3.3982	2.63354	3.4759	2.62142	3.83195	3.67151	3.71799	3.11006	4.1518	2.43163	3.37465	3.1283	3.32926	3.71711	3.87737	2.92019	2.80364	3.02619	3.56458	4.00684	2.87181</FloatingPoint>
				<FloatingPoint size="20">	0.522585	0.485899	0.251049	0.651646	0.406692	0.301373	0.50564	0.487284	0.590879	0.396628	0.608867	0.535515	0.467646	0.78639	0.55165	0.51806	0.590829	0.35654	0.489452	0.562193</FloatingPoint>
			</Individual>
			<Individual size="2">
				<FitnessMax value="1"/>
				<FloatingPoint size="50">	3.02444	2.29172	2.11392	3.83017	2.47525	3.49881	3.13017	3.77909	3.6726	3.8761	4.78686	3.59758	3.6103	3.61249	4.00907	3.1886	2.63404	3.60148	2.90096	3.16505	4.06679	2.22252	4.30278	4.51035	4.03445	3.9196	3.78904	3.20346	2.97152	3.42882	2.3455	3.44217	2.62666	3.66693	3.67579	3.78989	3.2782	4.08919	2.45848	3.37331	3.08832	3.31722	3.71772	3.87535	2.93439	2.7753	3.01834	3.75836	4.00721	2.86822</FloatingPoint>
				<FloatingPoint size="20">	0.660441	0.479557	0.259309	0.545737	0.511884	0.326758	0.464638	0.691158	0.565998	0.392732	0.605483	0.709731	0.483637	0.637751	0.548422	0.549942	0.57827	0.253494	0.461691	0.562159</FloatingPoint>
			</Individual>
			<Individual size="2">
				<FitnessMax value="1"/>
				<FloatingPoint size="50">	2.90292	2.46199	2.1082	4.31529	2.52368	3.48627	3.134	3.7913	3.92811	3.77046	3.40702	3.59703	3.61641	4.11039	4.00585	3.57038	2.84684	3.60191	2.82229	3.16345	4.03018	2.23747	4.25903	4.50489	4.12336	3.75564	4.7961	3.29068	2.94489	3.42339	2.07731	3.48914	2.62209	3.81081	5.17677	3.81012	2.79518	4.13547	2.43489	3.3635	3.11692	3.29436	3.7176	3.87499	2.96419	2.78771	3.01621	4.42998	4.00738	2.89253</FloatingPoint>
				<FloatingPoint size="20">	0.608282	0.491191	0.287204	0.351443	0.409522	0.386316	0.5311	0.685719	0.5953	0.383673	0.613006	0.648957	0.463658	0.653069	0.547805	0.462589	0.602323	0.358201	0.488183	0.611791</FloatingPoint>
			</Individual>
			<Individual size="2">
				<FitnessMax value="1"/>
				<FloatingPoint size="50">	2.85166	2.23877	2.11328	3.79335	2.52775	3.46277	3.04408	3.79808	3.65268	3.82709	3.56171	3.5973	3.60892	3.85391	4.00762	3.18014	3.02895	3.60152	2.9239	3.18511	4.05592	2.21859	4.26348	4.55791	3.90343	3.72782	3.37673	3.17983	2.95432	3.37565	2.27821	5.23422	2.62345	3.76661	3.66934	3.71883	3.40507	4.10383	2.43513	3.35682	3.12651	3.37504	3.71632	3.87569	2.97215	2.77715	3.02627	4.02838	4.00612	2.87507</FloatingPoint>
				<FloatingPoint size="20">	0.617817	0.491577	0.387764	0.556192	0.384274	0.374358	0.458082	0.672236	0.581674	0.381965	0.606429	0.623066	0.430191	0.478294	0.566197	0.466653	0.577776	0.354806	0.530109	0.548404</FloatingPoint>
			</Individual>
			<Individual size="2">
				<FitnessMax value="1"/>
				<FloatingPoint size="50">	2.99044	2.50227	2.11061	3.78139	2.52864	3.52623	2.92559	3.81023	3.65385	3.85028	3.41482	3.59744	3.60754	3.9031	4.00639	3.17995	3.1486	3.60127	2.84775	3.20316	4.10811	2.22248	4.24997	4.61542	4.30849	3.93548	3.7852	3.25587	2.94678	3.45002	2.29513	3.4651	2.62174	3.82919	5.21166	3.74939	3.53981	3.90578	2.47209	3.37346	3.0878	3.31004	3.71907	3.87474	2.95755	2.76289	3.01852	4.07828	4.00582	2.93169</FloatingPoint>
				<FloatingPoint size="20">	0.577396	0.48669	0.512329	0.555904	0.440104	0.335028	0.487349	0.676855	0.576499	0.378077	0.600638	0.617456	0.417272	0.64074	0.549184	0.532507	0.578614	0.352614	0.524697	0.558203</FloatingPoint>
			</Individual>
			<Individual size="2">
				<FitnessMax value="1"/>
				<FloatingPoint size="50">	2.85166	2.23877	2.11328	3.79335	2.52775	3.46277	3.04408	3.79808	3.65268	3.82709	3.56171	3.5973	3.60892	3.85391	4.00762	3.18014	3.02895	3.60152	2.9239	3.18511	4.05592	2.21859	4.26348	4.55791	3.90343	3.72782	3.37673	3.17983	2.95432	3.37565	2.27821	3.46739	2.62345	3.76661	3.66934	3.71883	3.40507	4.10383	2.43513	3.35682	3.12651	3.37504	3.71632	3.87569	2.97215	2.77715	3.02627	4.02838	4.00612	2.87507</FloatingPoint>
				<FloatingPoint size="20">	0.577396	0.511072	0.263805	0.552528	0.219971	0.368151	0.518047	0.649277	0.58578	0.386986	0.616342	0.62729	0.440834	0.638167	0.637868	0.328097	0.538807	0.366533	0.534582	0.511809</FloatingPoint>
			</Individual>
			<Individual size="2">
				<FitnessMax value="1"/>
				<FloatingPoint size="50">	3.05143	2.31361	2.11207	4.06505	2.51469	3.55486	2.9478	3.71561	3.68276	3.82375	3.44657	3.5973	3.59169	3.80739	4.00777	3.18141	2.72343	3.60156	2.92292	3.1795	4.15924	2.22982	4.27015	4.50465	4.08352	3.90283	3.90409	3.28137	3.20521	3.40447	2.27212	3.33993	2.62598	3.66853	3.6702	3.82396	3.23096	4.1211	2.43908	3.37014	3.1207	3.32055	3.7173	3.87902	2.96511	2.79286	3.0255	3.63073	4.00751	2.87302</FloatingPoint>
				<FloatingPoint size="20">	0.644918	0.488068	0.373883	0.580088	0.476909	0.359942	0.46975	0.641087	0.601589	0.36538	0.594466	0.598458	0.419167	0.53065	0.554028	0.510014	0.585082	0.357902	0.464941	0.554874</FloatingPoint>
			</Individual>
			<Individual size="2">
				<FitnessMax value="1"/>
				<FloatingPoint size="50">	2.90292	2.46199	2.1082	4.31529	2.52368	3.48627	3.15051	3.77692	3.68111	3.86588	3.44654	3.59745	3.58786	3.62042	4.0087	3.18249	2.78122	3.60153	2.8604	3.18757	4.20639	2.22598	4.26817	3.15756	3.93029	3.69984	3.79974	3.25739	2.98026	3.41998	2.27009	3.46595	2.62816	3.80706	5.10505	3.79014	3.31933	4.10197	2.49576	3.39585	3.12082	3.33174	3.71718	3.87925	2.9398	2.77807	3.02283	3.61649	4.00901	2.90292</FloatingPoint>
				<FloatingPoint size="20">	0.644918	0.516996	0.543452	0.552393	0.212747	0.315634	0.498469	0.691198	0.578549	0.384964	0.616826	0.659895	0.43092	0.574657	0.5639	0.409557	0.586016	0.375115	0.508414	0.548585</FloatingPoint>
			</Individual>
			<Individual size="2">
				<FitnessMax value="1"/>
				<FloatingPoint size="50">	2.92301	2.16944	2.10806	3.78506	2.50167	3.54507	3.10975	3.77814	3.68072	3.83465	3.42562	3.59735	3.60857	3.64244	4.00744	3.1866	2.54661	3.60171	2.87161	3.18504	4.10318	2.22269	4.2556	3.71949	4.0121	3.7534	4.14607	3.19555	2.97984	3.42403	2.32891	2.64888	2.62775	3.65815	3.67328	3.78672	3.42031	4.15959	2.47253	3.35819	3.03236	3.32068	3.71796	3.87799	2.94814	2.76479	3.02138	3.88357	4.00746	2.88231</FloatingPoint>
				<FloatingPoint size="20">	0.622986	0.501787	0.27072	0.55202	0.294408	0.359942	0.46975	0.641087	0.601589	0.404917	0.594466	0.598458	0.419167	0.53065	0.554028	0.510014	0.585082	0.357902	0.464941	0.554874</FloatingPoint>
			</Individual>
			<Individual size="2">
				<FitnessMax value="1"/>
				<FloatingPoint size="50">	3.00576	2.33828	2.10176	3.76318	2.49075	3.56502	3.12821	3.8107	3.66833	3.8268	3.41347	3.5973	3.60713	3.64195	4.00626	3.18214	2.37733	3.60167	2.85023	3.17598	4.11476	2.22379	4.26845	4.50847	3.94337	3.87857	3.87122	3.32123	2.93924	3.3769	2.55282	3.38874	2.62592	3.76275	3.66951	3.76867	3.30941	4.11002	2.44762	3.36395	3.12615	3.33936	3.71725	3.87646	2.96169	2.77656	3.02589	3.85057	4.00628	2.87333</FloatingPoint>
				<FloatingPoint size="20">	0.601767	0.490805	0.261627	0.563916	0.36221	0.433799	0.252557	0.692987	0.59536	0.384725	0.607227	0.628801	0.470592	0.042876	0.559376	0.514604	0.592705	0.346267	0.554492	0.543751</FloatingPoint>
			</Individual>
			<Individual size="2">
				<FitnessMax value="1"/>
				<FloatingPoint size="50">	2.93729	2.28048	2.12092	3.78197	2.55529	3.46231	2.94493	3.78991	3.67658	3.8238	4.50604	3.59754	3.61011	3.83217	4.00511	3.19275	3.12053	3.60162	2.86057	3.17133	4.16669	2.23263	4.20446	4.53378	3.91806	3.7301	4.65104	3.21003	2.95727	3.37	2.39401	3.47203	2.62728	3.67048	3.66925	3.77588	3.05093	4.13147	2.44069	3.35448	3.12585	3.32901	3.71813	3.87431	2.95933	2.77596	3.02492	4.03187	4.0068	2.89693</FloatingPoint>
				<FloatingPoint size="20">	0.644918	0.487142	0.258533	0.536859	0.246032	0.360602	0.507293	0.695318	0.604479	0.387855	0.60482	0.626571	0.462741	0.638026	0.555991	0.519277	0.572273	0.383974	0.497944	0.561194</FloatingPoint>
			</Individual>
			<Individual size="2">
				<FitnessMax value="1"/>
				<FloatingPoint size="50">	2.94575	2.37125	2.11184	3.51668	2.51308	3.55131	2.98834	3.76407	3.68428	3.80035	3.44683	3.59748	3.60944	3.9008	4.00406	3.18427	3.15666	3.60175	3.14681	3.14558	3.70085	2.22808	4.18716	4.4219	4.06967	3.82946	4.65104	3.21003	2.95727	3.37	2.39401	3.47203	2.62728	3.67048	3.66925	3.77588	3.05093	4.13147	2.44069	3.35448	3.12585	3.32901	3.71813	3.87431	2.95933	2.77596	3.02492	4.03187	4.0068	2.89693</FloatingPoint>
				<FloatingPoint size="20">	0.644918	0.487142	0.258533	0.536859	0.246032	0.360602	0.507293	0.695318	0.604479	0.387855	0.60482	0.626571	0.462741	0.638026	0.555991	0.519277	0.572273	0.383974	0.497944	0.561194</FloatingPoint>
			</Individual>
			<Individual size="2">
				<FitnessMax value="1"/>
				<FloatingPoint size="50">	2.94575	2.37125	2.11184	3.51668	2.51308	3.55131	2.98834	3.76407	3.68428	3.80035	3.44683	3.59748	3.60944	3.9008	4.00406	3.18427	3.15666	3.60175	3.14681	3.14558	3.70085	2.22808	4.18716	4.4219	4.06967	3.82946	3.2474	3.25549	2.95411	3.44078	2.3649	3.47249	2.6199	3.56541	4.66133	3.75969	3.28792	4.57505	2.43886	3.33822	3.10607	3.32731	3.71826	3.8757	2.95922	2.79103	3.0244	4.06197	4.00665	2.89748</FloatingPoint>
				<FloatingPoint size="20">	0.663183	0.523453	0.327823	0.552561	0.207011	0.359613	0.50428	0.691214	0.572469	0.387752	0.608847	0.636598	0.446993	0.635299	0.564357	0.438827	0.52738	0.39232	0.511986	0.549197</FloatingPoint>
			</Individual>
			<Individual size="2">
				<FitnessMax value="1"/>
				<FloatingPoint size="50">	2.93401	2.20078	2.09753	4.08552	2.50754	3.55612	3.12714	3.76871	3.67561	3.84054	3.4421	3.59747	3.60311	3.67276	4.00663	3.18709	2.63965	3.60164	2.89722	3.18701	4.09779	2.23428	4.25212	4.09663	3.97564	3.71066	3.91605	3.14877	2.97454	3.41195	2.47164	3.00409	2.62408	3.74177	3.67039	3.76056	3.16067	4.14479	2.47741	3.37674	3.07851	3.35141	3.71725	3.87992	2.95014	2.77311	3.24588	4.32509	4.00757	2.88881</FloatingPoint>
				<FloatingPoint size="20">	0.582789	0.485955	0.260508	0.547075	0.504254	0.367954	0.467708	0.684995	0.597857	0.382261	0.596101	0.657682	0.485319	0.636572	0.552132	0.548087	0.577411	0.267035	0.469074	0.559009</FloatingPoint>
			</Individual>
			<Individual size="2">
				<FitnessMax value="1"/>
				<FloatingPoint size="50">	2.66824	2.40567	2.10223	3.76991	2.51743	3.55418	2.81429	3.39684	3.68089	3.85105	3.45487	3.59726	3.60663	4.04869	4.01159	3.18817	2.90774	3.60164	3.15624	3.18089	4.07809	2.21848	4.27979	4.42596	4.16218	4.03413	3.83602	3.29672	2.96093	3.378	2.87608	3.47587	2.62235	3.83177	3.66963	3.78552	3.24179	4.17425	2.42934	3.37191	3.12716	3.33224	3.7172	3.88088	2.96819	2.80057	3.02591	3.56919	4.00676	2.87383</FloatingPoint>
				<FloatingPoint size="20">	0.577396	0.477536	0.262183	0.550911	0.386341	0.351612	0.52219	0.640793	0.582042	0.387444	0.615699	0.644631	0.457319	0.648661	0.563726	0.516997	0.601706	0.346435	0.579747	0.550563</FloatingPoint>
			</Individual>
			<Individual size="2">
				<FitnessMax value="1"/>
				<FloatingPoint size="50">	2.90292	2.46199	2.1082	4.31529	2.52368	3.48627	3.15051	3.77692	3.68111	3.86588	3.44654	3.59745	3.58786	3.62042	4.0087	3.18249	2.78122	3.60153	2.8604	3.18757	4.20639	2.22598	4.26817	3.15756	3.93029	3.69984	3.79974	3.25739	2.98026	3.41998	2.27009	3.46595	2.62816	3.80706	5.10505	3.79014	3.31933	4.10197	2.49576	3.39585	3.12082	3.33174	3.71718	3.87925	2.9398	2.77807	3.02283	3.61649	4.00901	2.90292</FloatingPoint>
				<FloatingPoint size="20">	0.644918	0.516996	0.543452	0.552393	0.212747	0.315634	0.498469	0.691198	0.578549	0.384964	0.616826	0.659895	0.43092	0.649119	0.5639	0.409557	0.586016	0.375115	0.508414	0.548585</FloatingPoint>
			</Individual>
			<Individual size="2">
				<FitnessMax value="1"/>
				<FloatingPoint size="50">	2.92301	2.45873	2.08872	4.00524	2.52471	3.48282	3.01705	3.79744	3.64845	3.81175	3.43849	3.5972	3.59196	3.85795	4.00629	3.18852	2.90292	3.60162	3.01772	3.18365	4.19573	2.22428	4.2774	4.47813	4.05961	3.98346	3.78667	3.02787	2.97611	3.39953	2.25297	3.47249	2.62638	3.82992	3.66614	3.79298	3.2833	4.21457	2.4596	3.37637	3.12831	3.33759	3.71771	3.87638	2.95596	2.77905	3.00013	3.76628	4.00623	2.90364</FloatingPoint>
				<FloatingPoint size="20">	0.631185	0.490271	0.254304	0.527649	0.479543	0.410509	0.476674	0.688874	0.558069	0.364516	0.609128	0.629564	0.46665	0.653398	0.5303	0.51774	0.584074	0.3213	0.455251	0.562615</FloatingPoint>
			</Individual>
			<Individual size="2">
				<FitnessMax value="1"/>
				<FloatingPoint size="50">	3.07055	2.3796	2.10124	3.88667	2.50073	3.53175	3.06765	3.78833	3.68064	3.83575	3.43437	3.59723	3.60155	3.71681	4.00789	3.18993	2.76413	3.60151	2.94299	3.18115	4.20102	2.22335	4.27067	4.49883	4.04366	3.9501	3.80827	3.15651	2.97217	3.42016	2.23899	3.47054	2.6264	3.73986	3.67293	3.76648	3.28296	4.16989	2.45981	3.37485	3.09985	3.32698	3.71814	3.8758	2.95763	2.77672	3.0122	3.86162	4.00635	2.88549</FloatingPoint>
				<FloatingPoint size="20">	0.583374	0.491031	0.254783	0.539101	0.39201	0.350359	0.522092	0.630145	0.579717	0.387972	0.613464	0.639955	0.461627	0.637751	0.548422	0.549942	0.57827	0.253494	0.461691	0.562159</FloatingPoint>
			</Individual>
			<Individual size="2">
				<FitnessMax value="1"/>
				<FloatingPoint size="50">	3.05143	2.3723	2.11063	3.8048	2.53696	3.43178	3.15307	3.78722	3.64947	3.79854	3.64886	3.59714	3.60812	3.69119	4.00601	3.19555	2.91178	3.60174	2.92596	3.16495	4.16417	2.21726	4.26433	4.57528	3.91393	3.74135	2.94053	3.18744	2.95866	3.37342	2.22334	3.46539	2.62207	3.70897	3.66887	2.26225	3.30365	4.1906	2.42806	3.37463	3.12748	3.38183	3.71738	3.87248	2.9722	2.78654	3.02472	4.06913	4.00585	2.87486</FloatingPoint>
				<FloatingPoint size="20">	0.601767	0.484014	0.280295	0.98209	0.53383	0.428708	0.0895474	0.6877	0.622251	0.367284	0.595945	0.599105	0.513154	0.642119	0.525296	0.520687	0.581522	0.380301	0.498482	0.54207</FloatingPoint>
			</Individual>
			<Individual size="2">
				<FitnessMax value="1"/>
				<FloatingPoint size="50">	3.00576	2.39741	2.10858	3.76979	2.50847	3.55997	2.90241	3.40108	3.63019	3.81166	3.45412	3.59732	3.61336	3.89843	4.00505	3.18224	2.87322	3.60163	3.13987	3.17935	4.08599	2.24572	4.26978	4.3909	4.14542	3.9804	3.81011	3.27942	2.97106	3.37922	2.49671	3.48341	2.62385	3.80622	3.67357	3.80361	3.09402	4.12555	2.46283	3.37819	3.09881	3.32486	3.71791	3.87887	2.96097	2.79906	3.02606	3.64123	4.00673	2.87413</FloatingPoint>
				<FloatingPoint size="20">	0.571908	0.489458	0.409996	0.583173	0.377165	0.314107	0.500641	0.436519	0.586286	0.394457	0.602297	0.579949	0.43929	0.49289	0.556825	0.494762	0.586727	0.361239	0.479645	0.551818</FloatingPoint>
			</Individual>
			<Individual size="2">
				<FitnessMax value="1"/>
				<FloatingPoint size="50">	3.05143	2.58479	2.10996	3.79423	2.52402	3.45679	3.12584	3.80546	3.65887	3.58855	3.44702	3.59746	3.61242	3.96076	4.00898	3.18253	2.87325	3.60154	2.36498	3.19888	4.2063	2.2285	4.22913	3.32314	3.90484	3.82927	3.75767	3.26485	2.97363	3.41042	2.26759	3.48181	2.62248	3.81332	3.67263	3.80113	3.16222	4.10455	2.54429	3.39687	3.12718	3.33176	3.71713	3.87322	2.74534	2.82139	3.02657	3.60423	4.00673	2.83388</FloatingPoint>
				<FloatingPoint size="20">	0.636596	0.493933	0.277418	0.561741	0.320869	0.427089	0.593904	0.691481	0.59457	0.374846	0.610017	0.603269	0.457427	0.634344	0.556471	0.464231	0.535452	0.392992	0.509319	0.489961</FloatingPoint>
			</Individual>
			<Individual size="2">
				<FitnessMax value="1"/>
				<FloatingPoint size="50">	2.88875	2.14278	2.11452	3.7814	2.44317	3.47051	3.19631	3.77793	3.63053	4.0178	5.86457	3.59767	3.60747	4.32884	4.00966	3.18963	2.6365	3.6019	2.95844	3.14563	3.986	2.22447	4.60338	4.49873	4.03073	3.95179	3.72215	3.1808	2.95507	3.40128	2.61024	3.46561	2.63731	3.82942	3.66988	3.80859	3.50776	4.03769	2.52751	3.37703	3.12629	3.31324	3.71876	3.88111	2.96216	2.76869	2.98138	3.53463	4.00555	2.89255</FloatingPoint>
				<FloatingPoint size="20">	0.57107	0.483445	0.262198	0.531635	0.375776	0.356964	0.463115	0.69561	0.696651	0.386634	0.588617	0.570539	0.463164	0.641232	0.523387	0.538161	0.579022	0.375716	0.474045	0.558433</FloatingPoint>
			</Individual>
			<Individual size="2">
				<FitnessMax value="1"/>
				<FloatingPoint size="50">	2.90165	2.32844	2.11493	3.83414	2.51856	3.40681	3.1543	3.78727	3.64135	3.79918	3.56773	3.59707	3.60537	3.75226	4.0076	3.198	2.9851	3.60182	2.94261	3.16974	4.20332	2.22534	4.27217	4.60546	3.86932	3.70712	2.75172	3.17854	2.87683	3.36132	2.2264	3.4685	2.62064	3.74263	3.66743	2.84408	3.39564	4.20213	2.4228	3.37503	3.12877	3.3933	3.7174	3.87243	2.97029	2.78786	3.02805	4.09179	4.00518	2.89209</FloatingPoint>
				<FloatingPoint size="20">	0.661695	0.483698	0.282729	0.816858	0.537164	0.422456	0.124687	0.685057	0.643899	0.365249	0.582325	0.603722	0.615599	0.641081	0.479328	0.517131	0.581387	0.369636	0.487581	0.56263</FloatingPoint>
			</Individual>
			<Individual size="2">
				<FitnessMax value="1"/>
				<FloatingPoint size="50">	2.92301	2.45873	2.08872	4.00524	2.52471	3.48282	3.01705	3.79744	3.64845	3.81175	3.43849	3.5972	3.59196	3.85795	4.00629	3.18852	2.90292	3.60162	3.01772	3.18365	4.19573	2.22428	4.2774	4.47813	4.05961	3.98346	3.78667	3.02787	2.97611	3.39953	2.25297	3.47249	2.62638	3.82992	3.66614	3.79298	3.2833	4.21457	2.4596	3.37637	3.12831	3.33759	3.71771	3.87638	2.95596	2.77905	3.00013	3.76628	4.00623	2.90364</FloatingPoint>
				<FloatingPoint size="20">	0.631883	0.49062	0.254468	0.528595	0.408962	0.363879	0.519971	0.655687	0.57595	0.372305	0.611883	0.634003	0.462619	0.651633	0.493985	0.517155	0.588513	0.327044	0.481742	0.558424</FloatingPoint>
			</Individual>
			<Individual size="2">
				<FitnessMax value="1"/>
				<FloatingPoint size="50">	2.99471	2.26941	2.0922	3.77623	2.50496	3.57256	2.95681	3.78578	3.64827	3.9457	3.85401	3.59757	3.59516	3.68335	4.00877	3.18294	2.97201	3.6015	2.86072	3.18648	4.17803	2.22818	4.33442	3.84935	3.90327	3.76419	3.7854	3.22876	2.99604	3.2046	2.53449	3.44483	2.62906	3.8314	3.67357	3.78912	3.42452	4.09275	2.46881	3.39402	3.12181	3.32995	3.71563	3.87907	2.94257	2.77728	3.02516	3.5984	4.00642	2.89991</FloatingPoint>
				<FloatingPoint size="20">	0.582789	0.479721	0.28649	0.550665	0.382889	0.350554	0.51845	0.644943	0.582784	0.386359	0.61393	0.643956	0.453931	0.648141	0.563294	0.512948	0.599971	0.347994	0.571485	0.550982</FloatingPoint>
			</Individual>
			<Individual size="2">
				<FitnessMax value="1"/>
				<FloatingPoint size="50">	2.43663	2.22372	2.08828	3.77125	2.50136	3.57614	3.15051	3.77692	3.68111	3.86588	3.44654	3.59745	3.58786	3.62042	4.0087	3.18249	2.78122	3.60153	2.8604	3.18757	4.20639	2.22598	4.26817	3.15756	3.93029	3.69984	3.79974	3.25739	2.98026	3.41998	2.27009	3.46595	2.62816	3.80706	3.67664	3.79014	3.31933	4.10197	2.49576	3.39585	3.12082	3.33174	3.71718	3.87925	2.9398	2.77807	3.02283	3.61649	4.00901	2.90292</FloatingPoint>
				<FloatingPoint size="20">	0.582789	0.479721	0.28649	0.550665	0.382889	0.350554	0.51845	0.644943	0.582784	0.386359	0.61393	0.643956	0.453931	0.648141	0.563294	0.512948	0.599971	0.347994	0.571485	0.550982</FloatingPoint>
			</Individual>
			<Individual size="2">
				<FitnessMax value="1"/>
				<FloatingPoint size="50">	2.92824	2.37064	2.11092	3.78896	2.53968	3.44184	3.11489	3.78957	3.65375	3.80807	4.2151	3.59719	3.60814	3.80777	4.00546	3.19398	2.97786	3.60163	2.86918	3.16904	4.16482	2.22951	4.2147	4.54302	3.91625	3.73506	3.31141	3.19001	2.95853	3.37002	2.24624	3.47127	2.62722	3.67673	3.69148	2.46932	3.17524	4.132	2.4282	3.36757	3.12648	3.36452	3.71796	3.8732	2.96576	2.77767	3.02488	4.06227	4.00604	2.8962</FloatingPoint>
				<FloatingPoint size="20">	0.622986	0.501787	0.27072	0.55202	0.294408	0.356193	0.514349	0.668185	0.576227	0.391581	0.610984	0.637761	0.457722	0.641499	0.565556	0.514689	0.552629	0.380875	0.542397	0.556465</FloatingPoint>
			</Individual>
			<Individual size="2">
				<FitnessMax value="1"/>
				<FloatingPoint size="50">	3.05143	2.58479	2.10878	3.79177	2.51458	3.45679	3.07	3.80546	3.66214	3.58855	3.40839	3.59705	3.60615	4.12758	4.00548	3.17486	2.8934	3.60151	2.88109	3.16377	4.04722	2.24255	4.28058	4.57215	3.94815	3.72466	4.07065	3.18786	2.94291	3.28537	2.27159	3.46223	2.62062	3.82445	3.66884	3.80085	3.36954	4.09181	2.4355	3.36254	3.1163	3.28668	3.71755	3.87872	2.95959	2.77554	3.02647	4.46317	4.0063	2.91799</FloatingPoint>
				<FloatingPoint size="20">	0.625823	0.478429	0.267383	0.629299	0.456799	0.397776	0.510176	0.669934	0.602295	0.377118	0.601416	0.642096	0.500815	0.644976	0.547396	0.517538	0.599953	0.357802	0.529812	0.549532</FloatingPoint>
			</Individual>
			<Individual size="2">
				<FitnessMax value="1"/>
				<FloatingPoint size="50">	1.54558	2.2556	2.08163	6.643	2.53355	3.57874	3.05701	3.78243	3.73928	3.81354	3.39214	3.59731	3.60997	3.57636	4.00309	3.18664	2.6631	3.60102	2.87885	3.20316	4.10811	2.22248	4.24997	4.61542	4.30849	3.93548	3.7852	3.25587	2.94678	3.45002	2.29513	5.50693	2.62174	3.82919	5.21166	3.74939	3.53981	3.90578	2.47209	3.37346	3.0878	3.31157	3.71907	3.87474	2.95755	2.76289	3.01852	4.07828	4.00582	2.93169</FloatingPoint>
				<FloatingPoint size="20">	0.583374	0.491031	0.254783	0.539101	0.39201	0.350359	0.522092	0.630145	0.579717	0.387972	0.613464	0.639955	0.461627	0.64873	0.492894	0.516299	0.589182	0.364072	0.486292	0.555293</FloatingPoint>
			</Individual>
			<Individual size="2">
				<FitnessMax value="1"/>
				<FloatingPoint size="50">	2.85166	2.23877	2.11328	3.79335	2.52775	3.46277	3.04408	3.79808	3.65268	3.82709	3.56171	3.5973	3.60892	3.85391	4.00762	3.18014	3.02895	3.60152	2.9239	3.18511	4.05592	2.21859	4.26348	4.55791	3.90343	3.72782	3.37673	3.17983	2.95432	3.37565	2.27821	3.46739	2.62345	3.76661	3.66934	3.71883	3.40507	4.10383	2.43513	3.35682	3.12651	3.37504	3.71632	3.87569	2.97215	2.77715	3.02627	4.02838	4.00612	2.87507</FloatingPoint>
				<FloatingPoint size="20">	0.658238	0.496464	0.2632	0.556479	0.328443	0.413688	0.428815	0.667617	0.586849	0.385853	0.61222	0.628675	0.44311	0.315849	0.58321	0.400799	0.576938	0.356997	0.535521	0.538605</FloatingPoint>
			</Individual>
			<Individual size="2">
				<FitnessMax value="1"/>
				<FloatingPoint size="50">	3.05143	2.58479	2.10878	3.79177	2.52306	3.45679	3.07	3.80546	3.66214	3.58855	3.40839	3.59705	3.60615	4.12758	4.00548	3.17486	2.8934	3.60151	2.88109	3.16377	4.04722	2.24255	4.28058	4.57215	3.94815	3.72466	4.07065	3.18786	2.94291	3.28537	2.27159	3.46223	2.62062	3.82445	3.66884	3.80085	3.36954	4.09181	2.4355	3.36254	3.1163	3.28668	3.71755	3.87872	2.95959	2.77554	3.02647	4.46317	4.0063	2.91799</FloatingPoint>
				<FloatingPoint size="20">	0.625823	0.478429	0.267383	0.629299	0.456799	0.397776	0.510176	0.669934	0.602295	0.377118	0.601416	0.642096	0.500815	0.644976	0.547396	0.517538	0.599953	0.357802	0.529812	0.549532</FloatingPoint>
			</Individual>
			<Individual size="2">
				<FitnessMax value="1"/>
				<FloatingPoint size="50">	2.92301	2.16944	2.10806	3.78506	2.50167	3.54507	3.10975	3.77814	3.68072	3.83465	3.42562	3.59735	3.60857	3.64244	4.00744	3.1866	2.54661	3.60171	2.87161	3.18504	4.10318	2.22269	4.2556	3.71949	4.0121	3.7534	4.14607	3.19555	2.97984	3.42403	2.32891	2.64888	2.62775	3.65815	3.67328	3.78672	3.42031	4.15959	2.47253	3.35819	3.03236	3.32068	3.71796	3.87799	2.94814	2.76479	3.02138	3.88357	4.00746	2.88231</FloatingPoint>
				<FloatingPoint size="20">	0.638401	0.502258	0.537132	0.548126	0.347299	0.339643	0.479886	0.68773	0.590429	0.375168	0.595681	0.636989	0.418996	0.642775	0.558832	0.471197	0.582081	0.364072	0.486292	0.555293</FloatingPoint>
			</Individual>
			<Individual size="2">
				<FitnessMax value="1"/>
				<FloatingPoint size="50">	2.90491	2.226	2.11219	3.84186	2.49858	3.57332	3.11924	3.77804	3.70417	3.87769	3.43846	3.59729	3.5927	3.61909	4.0075	3.18239	2.76255	3.60141	2.86494	3.18284	4.16592	2.23351	4.26659	4.51061	4.03937	3.8645	3.83394	3.2044	3.19019	3.42408	2.26286	3.23158	2.62632	3.68193	3.67466	3.84391	3.26107	4.09813	2.45409	3.37326	3.11513	3.32742	3.71759	3.87631	2.95437	2.77582	3.01797	3.58941	4.00714	2.86984</FloatingPoint>
				<FloatingPoint size="20">	0.648307	0.484016	0.286122	0.540835	0.496947	0.379812	0.496047	0.698721	0.63744	0.374777	0.604431	0.58467	0.415227	0.639212	0.538058	0.527959	0.582301	0.361895	0.483377	0.583672</FloatingPoint>
			</Individual>
			<Individual size="2">
				<FitnessMax value="1"/>
				<FloatingPoint size="50">	2.92301	2.28607	2.1008	3.81639	2.48682	3.55291	3.00186	3.78185	3.66754	3.88962	4.50119	3.59758	3.60625	3.61972	4.00906	3.18558	2.73546	3.60148	2.87984	3.17591	4.06966	2.223	4.32485	4.13651	4.00434	3.77892	3.78686	3.21358	2.98136	3.34783	2.48965	3.44218	2.62759	3.69302	3.67524	3.78971	3.40874	4.08923	2.46041	3.38749	3.09513	3.32843	3.71677	3.87884	2.94243	2.77637	3.02108	3.64363	4.00697	2.89601</FloatingPoint>
				<FloatingPoint size="20">	0.656963	0.479721	0.28649	0.550665	0.382889	0.350554	0.51845	0.644943	0.582784	0.386359	0.61393	0.643956	0.453931	0.648141	0.563294	0.512948	0.599971	0.347994	0.571485	0.550982</FloatingPoint>
			</Individual>
			<Individual size="2">
				<FitnessMax value="1"/>
				<FloatingPoint size="50">	2.88572	2.39044	2.10999	3.7907	2.48233	3.4654	3.11612	3.77945	3.69035	3.70209	3.42706	3.59717	3.60713	3.64188	4.00487	3.18416	2.6748	3.60153	2.88487	3.1741	4.19965	2.23524	4.27631	4.58221	4.02354	3.73787	3.53243	3.24545	2.96592	3.38309	2.21448	3.46563	2.62027	3.78566	3.66985	3.74053	3.37509	4.1346	2.4334	3.36968	3.11456	3.33286	3.71856	3.87525	2.96163	2.77614	3.02467	3.97587	4.00579	2.90917</FloatingPoint>
				<FloatingPoint size="20">	0.660441	0.479557	0.259309	0.545737	0.511884	0.326758	0.464638	0.691158	0.565998	0.392732	0.605483	0.709731	0.483637	0.637751	0.548422	0.549942	0.57827	0.253494	0.461691	0.562159</FloatingPoint>
			</Individual>
			<Individual size="2">
				<FitnessMax value="1"/>
				<FloatingPoint size="50">	2.93729	2.28048	2.12092	3.78197	2.55529	3.46231	2.94493	3.78991	3.67658	3.8238	4.20881	3.59754	3.61011	3.83217	4.00511	3.19275	3.12053	3.60162	2.86057	3.17133	4.16669	2.23263	4.20446	4.53378	3.91806	3.7301	4.65104	3.21003	2.95727	3.37	2.39401	3.47203	2.62728	3.67048	3.66925	3.77588	3.05093	4.13147	2.44069	3.35448	3.12585	3.32901	3.71813	3.87431	2.95933	2.77596	3.02492	4.03187	4.0068	2.89693</FloatingPoint>
				<FloatingPoint size="20">	0.642788	0.490226	0.271476	0.547297	0.356886	0.37392	0.496675	0.687341	0.609575	0.386403	0.594807	0.611938	0.448315	0.638178	0.566687	0.51556	0.528957	0.397315	0.527853	0.559207</FloatingPoint>
			</Individual>
			<Individual size="2">
				<FitnessMax value="1"/>
				<FloatingPoint size="50">	3.05143	2.3723	2.11063	3.8048	2.53696	3.43178	3.15307	3.79727	3.64281	3.80763	3.43818	3.59714	3.60473	3.83987	4.00028	3.19104	2.90323	3.60162	2.9219	3.145	4.34821	2.23004	4.28252	4.61175	3.91349	3.70696	2.6639	3.18581	2.94671	3.33611	2.10942	3.4652	2.6191	3.83008	3.66757	3.68578	3.39665	4.18135	2.41991	3.36797	3.12799	3.39198	3.71727	3.87211	2.96429	2.78529	3.02479	4.06703	4.00512	2.92255</FloatingPoint>
				<FloatingPoint size="20">	0.655173	0.479124	0.259752	0.506104	0.469636	0.419969	0.130883	0.679029	0.639991	0.372055	0.615177	0.624581	0.501972	0.646976	0.553995	0.504149	0.582211	0.376487	0.501913	0.542637</FloatingPoint>
			</Individual>
			<Individual size="2">
				<FitnessMax value="1"/>
				<FloatingPoint size="50">	0.974192	2.16918	2.07017	6.73283	2.54282	3.52973	3.0351	3.77949	3.78388	3.72154	3.37979	3.59728	3.60903	3.51632	4.00412	3.18498	2.53248	3.6009	2.82332	3.20835	4.12651	2.24598	4.24077	4.72793	4.44039	4.01145	3.68479	3.27222	2.95185	3.50013	2.25531	6.35095	2.61969	3.82918	5.84856	3.72535	3.66629	3.84541	2.75093	3.37971	3.08598	3.31608	3.72215	3.87391	2.95681	2.75813	3.01498	4.22579	4.00591	2.94165</FloatingPoint>
				<FloatingPoint size="20">	0.583374	0.491031	0.254783	0.539101	0.39201	0.350359	0.522092	0.630145	0.579717	0.387972	0.613464	0.639955	0.461627	0.64873	0.492894	0.516299	0.589182	0.342954	0.510171	0.561206</FloatingPoint>
			</Individual>
			<Individual size="2">
				<FitnessMax value="1"/>
				<FloatingPoint size="50">	2.91545	2.36065	2.10858	3.85135	2.52499	3.49324	3.10029	3.69519	3.66712	3.81548	3.43395	3.5973	3.59255	3.76245	5.01287	3.18256	2.78929	3.60154	3.03723	3.18204	4.27296	2.23788	4.26976	3.7113	3.98148	3.738	3.75719	3.2614	2.95867	3.35282	2.27101	3.46376	2.62457	3.80376	4.56729	3.76349	3.28967	4.09039	2.47172	3.38733	3.11879	3.32735	3.7181	3.8783	2.94833	2.78188	3.02376	3.95784	4.0059	2.901</FloatingPoint>
				<FloatingPoint size="20">	0.658238	0.481694	0.266091	0.580789	0.451718	0.397499	0.499181	0.609185	0.569764	0.396706	0.715256	0.63159	0.461321	0.643033	0.536272	0.516227	0.589517	0.341108	0.513187	0.561919</FloatingPoint>
			</Individual>
			<Individual size="2">
				<FitnessMax value="1"/>
				<FloatingPoint size="50">	3.2181	2.30047	2.11376	3.76809	2.47675	3.58068	3.11825	3.77923	3.71283	3.85975	3.43026	3.59726	3.61115	3.57568	4.00949	3.19134	2.62533	3.60139	2.86827	3.17865	4.20632	2.22242	4.26394	4.51952	4.02772	3.91674	3.82987	3.28515	2.96824	3.44079	2.22501	3.46858	2.62643	3.6498	3.67972	3.73998	3.28262	4.1252	2.46002	3.37333	3.07139	3.31637	3.71857	3.87523	2.95931	2.77439	3.02428	3.95696	4.00647	2.86735</FloatingPoint>
				<FloatingPoint size="20">	0.583374	0.491031	0.254783	0.539101	0.39201	0.350359	0.522092	0.630145	0.579717	0.387972	0.613464	0.639955	0.461627	0.637751	0.548422	0.549942	0.57827	0.253494	0.461691	0.562159</FloatingPoint>
			</Individual>
			<Individual size="2">
				<FitnessMax value="1"/>
				<FloatingPoint size="50">	2.92301	2.16944	2.10806	3.78506	2.50167	3.54507	3.10975	3.77814	3.68072	3.83465	3.42562	3.59735	3.60857	3.64244	4.00744	3.1866	2.54661	3.60171	2.87161	3.18504	4.10318	2.22269	4.2556	3.71949	4.0121	3.7534	4.14607	3.19555	2.97984	3.42403	2.32891	2.64888	2.62775	3.65815	3.67328	3.78672	3.42031	4.15959	2.47253	3.35819	3.03236	3.32068	3.71796	3.87799	2.94814	2.76479	3.02138	3.88357	4.00746	2.88231</FloatingPoint>
				<FloatingPoint size="20">	0.571908	0.505001	0.480843	0.552386	0.293623	0.422846	0.483487	0.690895	0.590215	0.377947	0.604026	0.636456	0.415113	0.640044	0.561147	0.412741	0.534843	0.379149	0.517106	0.509807</FloatingPoint>
			</Individual>
			<Individual size="2">
				<FitnessMax value="1"/>
				<FloatingPoint size="50">	3.2181	2.30047	2.11376	3.76809	2.47675	3.58068	3.11825	3.77923	3.71283	3.85975	3.43026	3.59726	3.61115	3.57568	4.00949	3.19134	2.62533	3.60139	2.86827	3.17865	4.20632	2.22242	4.26394	4.51952	4.02772	3.91674	3.82987	3.28515	2.96824	3.44079	2.22501	3.46858	2.62643	3.6498	3.67972	3.73998	3.28262	4.1252	2.46002	3.37333	3.07139	3.31637	3.71857	3.87523	2.95931	2.77439	3.02428	3.95696	4.00647	2.86735</FloatingPoint>
				<FloatingPoint size="20">	0.660441	0.479557	0.259309	0.545737	0.511884	0.326758	0.464638	0.691158	0.565998	0.392732	0.605483	0.709731	0.483637	0.637751	0.548422	0.549942	0.57827	0.253494	0.461691	0.562159</FloatingPoint>
			</Individual>
			<Individual size="2">
				<FitnessMax value="1"/>
				<FloatingPoint size="50">	3.04745	2.3639	2.10824	3.75567	2.50709	3.49097	2.79789	3.20536	3.62939	3.69896	3.47035	3.59728	3.6128	3.98778	4.00728	3.18204	2.82043	3.60148	3.20394	3.18504	4.05249	2.22889	4.26857	4.36737	4.22346	3.8655	3.70069	3.24768	2.98944	3.40441	2.44352	3.48903	2.62242	3.79465	3.6722	3.80173	3.02304	4.08814	2.79687	3.38818	3.10215	3.31268	3.72108	3.87993	2.9618	2.8115	3.02656	3.60019	4.00702	2.86548</FloatingPoint>
				<FloatingPoint size="20">	0.571908	0.489458	0.409996	0.583173	0.377165	0.314107	0.500641	0.436519	0.586286	0.394457	0.602297	0.579949	0.43929	0.49289	0.556825	0.494762	0.586727	0.361239	0.479645	0.551818</FloatingPoint>
			</Individual>
			<Individual size="2">
				<FitnessMax value="1"/>
				<FloatingPoint size="50">	2.43663	2.22372	2.08828	3.77125	2.50136	3.57614	3.15051	3.77692	3.68111	3.86588	3.44654	3.59745	3.58786	3.62042	4.0087	3.18249	2.78122	3.60153	2.8604	3.18757	4.20639	2.22598	4.26817	3.15756	3.93029	3.69984	3.79974	3.25739	2.98026	3.41998	2.27009	3.46595	2.62816	3.80706	3.67664	3.79014	3.31933	4.10197	2.49576	3.39585	3.12082	3.33174	3.71718	3.87925	2.9398	2.77807	3.02283	3.61649	4.00901	2.90292</FloatingPoint>
				<FloatingPoint size="20">	0.631185	0.490271	0.254304	0.527649	0.479543	0.410509	0.476674	0.688874	0.558069	0.364516	0.609128	0.629564	0.46665	0.653398	0.555382	0.476825	0.582322	0.359982	0.482539	0.556178</FloatingPoint>
			</Individual>
			<Individual size="2">
				<FitnessMax value="1"/>
				<FloatingPoint size="50">	3.04397	2.37487	2.11046	3.82914	2.5217	3.46275	3.04865	3.75824	3.73281	3.79951	3.43614	3.59714	3.60426	3.85161	4.00623	3.30804	2.80949	3.6017	2.88227	3.14646	4.22073	2.23241	4.26638	4.52162	3.93357	3.72739	3.80713	3.28176	2.95587	3.40426	2.11744	3.45649	2.61931	3.7878	3.84519	3.80396	3.08349	4.17254	2.43342	3.36754	3.11938	3.30995	3.71734	3.8752	2.96431	2.78675	3.02375	4.03539	4.00728	2.91984</FloatingPoint>
				<FloatingPoint size="20">	0.532462	0.482194	0.333132	0.728053	0.520058	0.339826	0.395143	0.474342	0.600333	0.403604	0.613498	0.566509	0.481426	0.648777	0.539938	0.515042	0.588776	0.370759	0.500174	0.552093</FloatingPoint>
			</Individual>
			<Individual size="2">
				<FitnessMax value="1"/>
				<FloatingPoint size="50">	2.70414	2.30725	2.10715	3.98618	2.51136	3.5815	2.94277	3.79338	3.68416	3.92245	3.43736	3.59766	3.59182	3.63139	4.00751	3.1843	2.73806	3.60131	2.86461	3.19805	4.19963	2.23218	4.2731	4.27823	3.97335	3.81781	3.9364	3.23885	3.15077	3.42618	2.42199	3.32679	2.53461	3.72613	3.67345	3.79869	3.20858	4.07294	2.46342	3.37246	3.11217	3.32501	3.71644	3.87651	2.93303	2.77648	3.02474	3.58883	4.00761	2.88127</FloatingPoint>
				<FloatingPoint size="20">	0.609156	0.485057	0.275064	0.69065	0.501345	0.42494	0.562329	0.694881	0.598231	0.360328	0.600991	0.695899	0.461784	0.638207	0.538657	0.547772	0.579186	0.396792	0.487066	0.607686</FloatingPoint>
			</Individual>
			<Individual size="2">
				<FitnessMax value="1"/>
				<FloatingPoint size="50">	2.66827	2.40565	2.10223	3.76999	2.51743	3.55418	2.81432	3.39688	3.68089	3.85105	3.45487	3.59726	3.60663	4.04865	4.01159	3.18817	2.90772	3.60164	3.15622	3.18089	4.0781	2.21848	4.27979	4.42597	4.16216	4.03417	3.83601	3.2967	2.96094	3.378	2.87611	3.47586	2.62234	3.83177	3.66962	3.78552	3.2418	4.17425	2.42933	3.3719	3.12716	3.33224	3.7172	3.88088	2.96819	2.80057	3.02591	3.56937	4.00676	2.87383</FloatingPoint>
				<FloatingPoint size="20">	0.566672	0.481144	0.265632	0.552779	0.451518	0.373131	0.518764	0.664667	0.588526	0.379084	0.613396	0.626566	0.190078	0.641929	0.552515	0.521642	0.602992	0.363196	0.526971	0.54705</FloatingPoint>
			</Individual>
			<Individual size="2">
				<FitnessMax value="1"/>
				<FloatingPoint size="50">	3.2181	2.30047	2.11376	3.76809	2.47675	3.58068	3.11825	3.77923	3.71283	3.85975	3.43026	3.59726	3.61115	3.57568	4.00949	3.19134	2.62533	3.60139	2.86827	3.17865	4.20632	2.22242	4.26394	4.51952	4.02772	3.91674	3.82987	3.28515	2.96824	3.44079	2.22501	3.46858	2.62643	3.6498	3.67972	3.73998	3.28262	4.1252	2.46002	3.37333	3.07139	3.31637	3.71857	3.87523	2.95931	2.77439	3.02428	3.95696	4.00647	1.53994</FloatingPoint>
				<FloatingPoint size="20">	0.636598	0.493934	0.27742	0.561743	0.320851	0.427098	0.593916	0.691481	0.594573	0.374844	0.610017	0.603259	0.457425	0.634344	0.556472	0.464224	0.535456	0.393004	0.509314	0.489955</FloatingPoint>
			</Individual>
			<Individual size="2">
				<FitnessMax value="1"/>
				<FloatingPoint size="50">	3.00576	2.24963	2.11041	3.77499	2.52322	3.45371	3.15095	3.78682	3.67285	3.82436	3.43952	3.59739	3.59057	3.70194	4.00357	3.18991	2.78756	3.60158	2.92061	3.16521	4.28842	2.22688	4.27975	3.7264	3.92435	3.70168	3.75947	3.21637	2.97742	3.34199	2.22129	3.4655	2.62132	3.82286	3.67219	3.77537	3.38415	4.15614	2.44606	3.38533	3.12777	3.36216	3.71722	3.87304	2.96126	2.78407	3.02478	4.03478	4.00673	2.92211</FloatingPoint>
				<FloatingPoint size="20">	0.583374	0.491386	0.269707	0.537308	0.391257	0.379275	0.445663	0.662347	0.600185	0.3741	0.614194	0.629885	0.480829	0.645453	0.560081	0.508094	0.580311	0.375125	0.507159	0.543614</FloatingPoint>
			</Individual>
			<Individual size="2">
				<FitnessMax value="1"/>
				<FloatingPoint size="50">	2.92301	2.16944	2.10806	3.78506	2.50167	3.54507	3.10975	3.77814	3.68072	3.83465	3.42562	3.59735	3.60857	3.64244	4.00744	3.1866	2.54661	3.60171	2.87161	3.18504	4.10318	2.22269	4.2556	3.71949	4.0121	3.7534	4.14607	3.19555	2.97984	3.42403	2.32891	2.64888	2.14786	3.65815	3.67328	3.78672	3.42031	4.15959	2.47253	3.35819	3.03236	3.32068	3.71796	3.87799	2.94814	2.76479	3.02138	3.88357	4.00746	2.88231</FloatingPoint>
				<FloatingPoint size="20">	0.606883	0.495345	0.315769	0.551415	0.393487	0.309534	0.54418	0.689491	0.583608	0.388214	0.600326	0.641707	0.437773	0.6458	0.558504	0.487394	0.582163	0.373003	0.490552	0.554823</FloatingPoint>
			</Individual>
			<Individual size="2">
				<FitnessMax value="1"/>
				<FloatingPoint size="50">	3.05143	2.47855	2.1097	3.79828	2.53001	3.44429	3.11154	3.80136	3.65248	3.69809	3.42329	3.59709	3.60544	3.98373	4.00288	3.18295	2.89832	3.60157	2.90149	3.15438	4.19771	2.23629	4.28155	4.59195	3.93082	3.71581	3.36728	3.18683	2.94481	3.31074	2.19051	3.46371	2.61986	3.82726	3.66821	3.74332	3.38309	4.13658	2.4277	3.36526	3.12214	3.33933	3.71741	3.87542	2.96194	2.78042	3.02563	4.2651	4.00571	2.92027</FloatingPoint>
				<FloatingPoint size="20">	0.59863	0.484516	0.268425	0.85084	0.460756	0.428184	0.494607	0.67506	0.61832	0.369292	0.597439	0.600839	0.508895	0.642183	0.526065	0.520141	0.581221	0.37898	0.492806	0.542736</FloatingPoint>
			</Individual>
			<Individual size="2">
				<FitnessMax value="1"/>
				<FloatingPoint size="50">	2.87227	2.27697	2.10218	3.76612	2.51214	3.52759	3.12987	3.78059	3.60042	4.19991	3.43313	3.59737	3.61254	3.70177	4.00044	3.18681	2.76273	3.60143	3.04523	3.15874	4.16509	2.28661	4.26927	4.29586	4.04273	3.81643	3.18681	3.24243	2.92841	3.31233	2.09214	3.47226	2.62894	3.82938	3.68329	3.81174	3.01074	4.02301	2.49599	3.38262	3.08634	3.3102	3.70914	3.87656	2.96011	2.77399	3.02648	3.66292	4.00618	2.88776</FloatingPoint>
				<FloatingPoint size="20">	0.522585	0.485899	0.251049	0.651646	0.406692	0.301373	0.50564	0.487284	0.590879	0.396628	0.608867	0.535515	0.467646	0.78639	0.55165	0.51806	0.590829	0.35654	0.489452	0.562193</FloatingPoint>
			</Individual>
			<Individual size="2">
				<FitnessMax value="1"/>
				<FloatingPoint size="50">	2.80388	2.2212	2.08879	3.94051	2.50768	3.57444	3.12044	3.78371	3.67955	3.83819	3.44633	3.5975	3.59985	3.62111	4.00751	3.18265	2.81623	3.60162	3.90745	3.18815	4.2017	2.23468	4.26502	3.64422	4.15523	3.50055	3.91199	3.02733	2.97472	3.41482	2.37632	2.8992	2.62532	3.81946	3.67108	3.78324	3.16778	4.10308	2.48981	3.39113	3.12523	3.32297	3.71724	3.87735	2.93945	2.79638	3.02231	3.57585	4.00785	2.89841</FloatingPoint>
				<FloatingPoint size="20">	0.401854	0.478709	0.248346	0.900907	0.515852	0.126842	0.627558	0.68954	0.570313	0.509346	0.602633	0.647259	0.464653	0.646784	0.558348	0.512937	0.582173	0.374468	0.499895	0.554349</FloatingPoint>
			</Individual>
			<Individual size="2">
				<FitnessMax value="1"/>
				<FloatingPoint size="50">	2.87227	2.27697	2.10218	3.76612	2.51214	3.52759	3.01285	3.71998	3.68087	3.84865	3.44411	3.59739	3.60355	3.89113	4.0113	3.18344	2.86577	3.60135	3.96116	3.18805	4.18649	2.22078	4.26668	4.34894	4.13665	3.75689	3.80244	3.27161	2.99308	3.40476	2.52997	3.47318	2.60653	3.78545	4.7979	3.78774	3.24227	4.08606	2.43997	3.3838	3.12448	3.33088	3.71691	3.87798	2.92295	2.79508	3.02461	3.61481	4.00743	2.8802</FloatingPoint>
				<FloatingPoint size="20">	0.522585	0.485899	0.251049	0.651646	0.406692	0.301373	0.50564	0.487284	0.590879	0.396628	0.608867	0.535515	0.467646	0.78639	0.55165	0.51806	0.590829	0.35654	0.489452	0.562193</FloatingPoint>
			</Individual>
			<Individual size="2">
				<FitnessMax value="1"/>
				<FloatingPoint size="50">	2.92046	2.32694	2.11385	3.77663	2.51441	3.52223	2.82277	3.78757	3.64752	4.01143	4.31836	3.59785	3.60662	3.85372	4.00882	3.18777	3.24041	3.60147	2.90205	3.18209	4.06175	2.23006	4.39218	4.51364	3.89881	3.78782	3.77804	3.16979	3.00826	1.601	2.58394	3.42291	2.63095	3.83149	3.6712	3.7876	3.43247	4.04295	2.44828	3.35792	3.12335	3.31391	3.7151	3.87846	2.95617	2.77369	3.02551	3.5729	4.00571	2.87896</FloatingPoint>
				<FloatingPoint size="20">	0.647176	0.456599	0.288001	0.541219	0.507845	0.386008	0.483101	0.683254	0.64948	0.376003	0.581577	0.592311	0.435117	0.638832	0.538575	0.535499	0.578583	0.364373	0.469107	0.560217</FloatingPoint>
			</Individual>
			<Individual size="2">
				<FitnessMax value="1"/>
				<FloatingPoint size="50">	2.13226	2.36315	2.10705	3.93675	2.50678	3.51186	3.09825	3.69151	3.65456	3.81351	3.43944	3.5972	3.5914	3.84192	5.67843	3.18221	2.61635	3.60154	3.08187	3.19539	4.05235	2.22921	4.26976	4.3907	4.01732	3.8215	4.00387	3.25217	2.83393	3.35562	2.27995	3.42662	2.63275	3.7457	3.67968	3.75102	3.37707	4.0219	2.5872	3.37404	3.11183	3.33665	3.71818	3.87565	2.96213	2.77713	3.02609	4.11762	4.00555	2.85881</FloatingPoint>
				<FloatingPoint size="20">	0.658238	0.481694	0.266091	0.580789	0.451718	0.397499	0.499181	0.609185	0.569764	0.396706	0.715256	0.63159	0.461321	0.643033	0.536272	0.516227	0.589517	0.341108	0.513187	0.561919</FloatingPoint>
			</Individual>
			<Individual size="2">
				<FitnessMax value="1"/>
				<FloatingPoint size="50">	2.92837	2.18474	2.12775	3.77945	2.47932	3.51425	3.16919	3.77934	3.70545	3.83629	4.89106	3.59747	3.61292	3.57593	4.0104	3.19747	2.75793	3.60148	2.93287	3.18057	4.13319	2.20245	4.26305	4.52509	3.96073	3.9278	3.45484	3.25043	2.97371	3.42358	2.35339	3.46869	2.62609	3.03889	3.67671	2.65694	3.04794	4.22658	2.44833	3.43814	3.08796	3.34198	3.71864	3.87522	2.97622	2.77516	3.02361	4.00376	4.00655	2.86068</FloatingPoint>
				<FloatingPoint size="20">	0.583374	0.491031	0.254783	0.539101	0.39201	0.350359	0.522092	0.630145	0.579717	0.387972	0.613464	0.639955	0.461627	0.637751	0.548422	0.549942	0.57827	0.253494	0.461691	0.562159</FloatingPoint>
			</Individual>
			<Individual size="2">
				<FitnessMax value="1"/>
				<FloatingPoint size="50">	2.92301	2.16944	2.10806	3.78506	2.50167	3.54507	3.10975	3.77814	3.68072	3.83465	3.42562	3.59735	3.60857	3.64244	4.00744	3.1866	2.54661	3.60171	2.87161	3.18504	4.10318	2.22269	4.2556	3.71949	4.0121	3.7534	4.14607	3.19555	2.97984	3.42403	2.32891	2.64888	2.62775	3.65815	3.67328	3.78672	3.42031	4.15959	2.47253	3.35819	3.03236	3.32068	3.71796	3.87799	2.94814	2.76479	3.02138	3.88357	4.00746	2.88231</FloatingPoint>
				<FloatingPoint size="20">	0.663183	0.495844	0.388312	0.549438	0.423068	0.321145	0.512793	0.68672	0.589198	0.41158	0.605525	0.642407	0.439199	0.644358	0.55605	0.466977	0.586882	0.363847	0.487291	0.555848</FloatingPoint>
			</Individual>
			<Individual size="2">
				<FitnessMax value="1"/>
				<FloatingPoint size="50">	2.91559	2.34373	2.11073	3.91112	2.50455	3.58752	2.97234	3.73163	3.61792	3.86796	3.4452	3.59732	3.59698	3.72391	4.00405	3.18373	2.74921	3.60144	3.03755	3.1594	4.16236	2.24387	4.26944	4.50468	4.05181	3.85651	3.62762	3.27175	2.97313	3.36794	2.26964	3.34412	2.62654	3.79602	3.67388	3.82011	3.01043	4.07747	2.49213	3.37286	3.10943	3.31874	3.71369	3.87884	2.96046	2.77497	3.02585	3.65357	4.00635	2.87777</FloatingPoint>
				<FloatingPoint size="20">	0.650535	0.492244	0.28539	0.631629	0.529194	0.396621	0.198221	0.684975	0.61299	0.362217	0.584799	0.605344	0.536569	0.641218	0.510728	0.506785	0.581496	0.369206	0.470005	0.558902</FloatingPoint>
			</Individual>
			<Individual size="2">
				<FitnessMax value="1"/>
				<FloatingPoint size="50">	2.92283	2.16122	2.10992	3.75723	2.50272	3.54335	3.12259	3.79324	3.68178	3.82531	3.42576	3.59747	3.60814	3.64294	4.00541	3.18659	2.51801	3.60164	2.87176	3.18382	4.04077	2.22223	4.22852	3.69232	3.91554	3.7525	4.16056	3.19717	2.97152	3.42371	2.33763	2.6213	2.62088	3.65237	3.67344	3.67454	3.0356	4.16348	2.44337	3.36311	3.02923	3.32132	3.71671	3.87798	2.94788	2.76448	3.46814	3.56481	4.00751	2.88247</FloatingPoint>
				<FloatingPoint size="20">	0.663183	0.523853	0.267443	0.553376	0.205927	0.436288	0.508301	0.691428	0.585883	0.384298	0.617572	0.603672	0.435988	0.634857	0.567819	0.0343423	0.505286	0.413755	0.531124	0.47826</FloatingPoint>
			</Individual>
			<Individual size="2">
				<FitnessMax value="1"/>
				<FloatingPoint size="50">	3.05143	2.3723	2.11063	3.8048	2.53696	3.43178	3.15307	3.79727	3.64281	3.80763	3.43818	3.59714	3.60473	3.83987	4.00028	3.19104	2.90323	3.60162	2.9219	3.145	4.34821	2.23004	4.28252	4.61175	3.91349	3.70696	2.6639	3.18581	2.94671	3.33611	2.10942	3.4652	2.6191	3.83008	3.66757	3.68578	3.39665	4.18135	2.41991	3.36797	3.12799	3.39198	3.71727	3.87211	2.96429	2.78529	3.02479	4.06703	4.00512	2.92255</FloatingPoint>
				<FloatingPoint size="20">	0.59863	0.484516	0.268425	0.85084	0.460756	0.428184	0.494607	0.67506	0.61832	0.369292	0.597439	0.600839	0.508895	0.642183	0.526065	0.520141	0.581221	0.37898	0.492806	0.542736</FloatingPoint>
			</Individual>
			<Individual size="2">
				<FitnessMax value="1"/>
				<FloatingPoint size="50">	2.93729	2.28048	2.12092	3.78197	2.55529	3.46231	2.94493	3.78991	3.67658	3.8238	4.50604	3.59754	3.61011	3.83217	4.00511	3.19275	3.12053	3.60162	2.86057	3.17133	4.16669	2.23263	4.20446	4.53378	3.91806	3.7301	4.65104	3.21003	2.95727	3.37	2.39401	3.47203	2.62728	3.67048	3.66925	3.77588	3.05093	4.13147	2.44069	3.35448	3.12585	3.32901	3.71813	3.87431	2.95933	2.77596	3.02492	4.03187	4.0068	2.89693</FloatingPoint>
				<FloatingPoint size="20">	0.663183	0.523853	0.267443	0.553376	0.205927	0.436288	0.508301	0.691428	0.585883	0.384298	0.617572	0.603672	0.435988	0.634857	0.567819	0.0343423	0.505286	0.413755	0.531124	0.47826</FloatingPoint>
			</Individual>
			<Individual size="2">
				<FitnessMax value="1"/>
				<FloatingPoint size="50">	3.17439	2.25706	2.1167	3.75661	2.50706	3.57474	3.19932	3.78503	3.72002	3.95634	3.7709	3.59736	3.60947	3.65763	4.00881	3.19139	2.69191	3.60153	2.86658	3.19106	4.17752	2.22093	4.26199	4.12516	4.08542	3.79363	3.78364	3.27764	2.94647	3.16133	2.17196	3.48075	2.62922	3.88287	3.6797	3.73919	3.26293	4.09377	2.46051	3.37371	5.53226	3.32854	3.72036	3.87932	2.89589	2.77658	3.02424	3.56985	4.00641	2.83463</FloatingPoint>
				<FloatingPoint size="20">	0.660441	0.479557	0.259309	0.545737	0.511884	0.326758	0.464638	0.691158	0.565998	0.392732	0.605483	0.709731	0.483637	0.637751	0.548422	0.549942	0.57827	0.253494	0.461691	0.562159</FloatingPoint>
			</Individual>
			<Individual size="2">
				<FitnessMax value="1"/>
				<FloatingPoint size="50">	2.66827	2.40565	2.10223	3.76999	2.51743	3.55418	2.81432	3.39688	3.68089	3.85105	3.45487	3.59726	3.60663	4.04865	4.01159	3.18817	2.90772	3.60164	3.15622	3.18089	4.0781	2.21848	4.27979	4.42597	4.16216	4.03417	3.83601	3.2967	2.96094	3.378	2.87611	3.47586	2.62234	3.83177	3.66962	3.78552	3.2418	4.17425	2.42933	3.3719	3.12716	3.33224	3.7172	3.88088	2.96819	2.80057	3.02591	3.56937	4.00676	2.87383</FloatingPoint>
				<FloatingPoint size="20">	0.43677	0.463847	0.249725	0.559963	0.501278	0.218417	0.508398	0.6852	0.580449	0.471846	0.608603	0.640375	0.394357	0.647075	0.557344	0.483082	0.587007	0.363866	0.495876	0.553351</FloatingPoint>
			</Individual>
			<Individual size="2">
				<FitnessMax value="1"/>
				<FloatingPoint size="50">	2.90233	2.35245	2.09511	3.74192	2.51536	3.51445	3.12922	3.81994	3.65755	3.72069	3.38834	3.5973	3.60792	3.77407	4.00601	3.17814	2.286	3.60175	2.84832	3.17528	4.11194	2.22344	4.2733	4.53816	3.90864	3.96132	4.22862	3.38139	2.95432	3.37565	2.27821	3.46739	2.62345	3.76661	3.66934	3.71883	3.40507	4.10383	2.43513	3.35682	3.12651	3.37504	3.71632	3.87569	2.97215	2.77715	3.02627	4.02838	4.00612	2.87507</FloatingPoint>
				<FloatingPoint size="20">	0.601767	0.490805	0.261627	0.563916	0.36221	0.433799	0.252557	0.692987	0.59536	0.384725	0.607227	0.628801	0.470592	0.042876	0.559376	0.514604	0.592705	0.346267	0.554492	0.543751</FloatingPoint>
			</Individual>
			<Individual size="2">
				<FitnessMax value="1"/>
				<FloatingPoint size="50">	2.87227	2.18188	2.09217	4.46747	2.51399	3.5169	3.10183	3.78378	3.67904	3.75004	3.44606	3.59751	3.61603	3.62184	4.00698	3.18294	2.83067	3.60165	4.20142	3.20306	4.15913	2.24546	4.26408	4.50704	4.24498	3.49125	4.12444	2.88595	2.97089	3.41097	2.54382	2.16195	2.62368	3.83088	3.66844	3.73867	3.04348	4.10574	2.44786	3.38039	3.12908	3.31604	3.71789	3.87727	2.93169	2.80181	3.02127	3.56237	4.00683	2.86267</FloatingPoint>
				<FloatingPoint size="20">	0.598641	0.488068	0.37389	0.580106	0.476911	0.359956	0.469741	0.641084	0.601591	0.365372	0.594466	0.598455	0.419164	0.530644	0.554029	0.510014	0.585082	0.357901	0.464939	0.554874</FloatingPoint>
			</Individual>
			<Individual size="2">
				<FitnessMax value="1"/>
				<FloatingPoint size="50">	2.90104	2.37541	2.10647	3.75347	2.49425	3.56189	3.122	3.81196	3.65593	3.82308	3.41983	3.59747	3.6079	3.79241	4.00556	3.18551	2.49479	3.60164	2.87518	3.18291	3.98516	2.22326	4.2243	3.67786	3.91606	4.05779	4.13202	3.39191	2.95381	3.41104	2.2847	3.42422	2.62323	3.68538	3.66916	3.72327	3.42967	4.12253	2.44203	3.36316	3.02311	3.31309	3.71626	3.87207	2.94646	2.78815	3.03271	4.03555	4.00733	2.88569</FloatingPoint>
				<FloatingPoint size="20">	0.663183	0.523853	0.267443	0.553376	0.205927	0.436288	0.508301	0.691428	0.585883	0.384298	0.617572	0.603672	0.412291	0.634857	0.567819	0.0343423	0.505286	0.413755	0.531124	0.47826</FloatingPoint>
			</Individual>
			<Individual size="2">
				<FitnessMax value="1"/>
				<FloatingPoint size="50">	2.70414	2.30725	2.10715	3.98618	2.51136	3.5815	2.94277	3.79338	3.68416	3.92245	3.43736	3.59766	3.59182	3.63139	4.00751	3.1843	2.73806	3.60131	2.86461	3.19805	4.19963	2.23218	4.2731	4.27823	3.97335	3.81781	3.9364	3.23885	3.15077	3.42618	2.42199	3.32679	2.53461	3.72613	3.67345	3.79869	3.20858	4.07294	2.46342	3.37246	3.11217	3.32501	3.71644	3.87651	2.93303	2.77648	3.02474	3.58883	4.00761	2.88127</FloatingPoint>
				<FloatingPoint size="20">	0.615614	0.484008	0.274456	0.802951	0.504709	0.424731	0.18021	0.686503	0.648497	0.36086	0.584674	0.699528	0.228744	0.641569	0.561255	0.518605	0.582686	0.392876	0.487978	0.56718</FloatingPoint>
			</Individual>
			<Individual size="2">
				<FitnessMax value="1"/>
				<FloatingPoint size="50">	2.70414	2.22372	2.10715	3.77125	2.51136	3.5815	2.94277	3.77692	3.68111	3.86588	3.43736	3.59745	3.58786	3.63139	4.00751	3.18249	2.73806	3.60131	2.86461	3.19805	4.20639	2.23218	4.26817	4.27823	3.93029	3.69984	3.79974	3.25739	3.15077	3.41998	2.42199	3.46595	2.53461	3.72613	5.10505	3.79014	3.31933	4.07294	2.46342	3.39585	3.12082	3.33174	3.71644	3.87925	2.93303	2.77807	3.02283	3.61649	4.00761	2.90292</FloatingPoint>
				<FloatingPoint size="20">	0.638401	0.502258	0.537132	0.548126	0.347299	0.339643	0.479886	0.68773	0.590429	0.375168	0.595681	0.636989	0.418996	0.642775	0.558832	0.471197	0.582081	0.364072	0.486292	0.555293</FloatingPoint>
			</Individual>
			<Individual size="2">
				<FitnessMax value="1"/>
				<FloatingPoint size="50">	2.91559	2.34373	2.11073	3.91112	2.50455	3.58752	2.97234	3.73163	3.61792	3.86796	3.4452	3.59732	3.59698	3.72391	4.00405	3.18373	2.74921	3.60144	3.03755	3.1594	4.16236	2.24387	4.26944	4.50468	4.05181	3.85651	3.62762	3.27175	2.97313	3.36794	2.26964	3.34412	2.62654	3.79602	3.67388	3.82011	3.01043	4.07747	2.49213	3.37286	3.10943	3.31874	3.71369	3.87884	2.96046	2.77497	3.02585	3.65357	4.00635	2.87777</FloatingPoint>
				<FloatingPoint size="20">	0.631883	0.494301	0.286768	0.521597	0.451017	0.387426	0.305373	0.684942	0.600411	0.358624	0.587716	0.609274	0.443436	0.641439	0.535764	0.506567	0.581808	0.368203	0.467153	0.522641</FloatingPoint>
			</Individual>
			<Individual size="2">
				<FitnessMax value="1"/>
				<FloatingPoint size="50">	3.00121	2.2843	2.1137	3.76393	2.47825	3.55018	3.11207	3.77996	3.67614	5.12632	3.6314	3.59727	3.61165	3.57685	4.00951	3.19413	2.75535	4.03014	2.85394	3.21236	4.20685	2.23931	4.26257	4.47266	4.0255	3.89833	4.21929	3.26714	2.9415	3.43586	2.93015	3.46885	2.62599	3.65837	3.67909	3.77876	3.36724	4.19788	2.4599	3.36899	3.07317	3.32925	3.71662	3.87529	2.96071	2.77845	3.02039	3.76248	4.00661	2.86178</FloatingPoint>
				<FloatingPoint size="20">	0.655173	0.479124	0.259752	0.506104	0.469636	0.419969	0.130883	0.679029	0.639991	0.319709	0.565221	0.579161	0.398561	0.654586	0.494047	0.536346	0.598229	0.358025	0.592032	0.532266</FloatingPoint>
			</Individual>
		</Deme>
	</Population>
</ECF>
