<?xml version="1.0" encoding="ISO-8859-1"?>
<ECF milestone="Mon Jun 18 17:39:31 2018
">
	<Registry>
		<Entry key="1FloatingPoint.dimension">20</Entry>
		<Entry key="1FloatingPoint.lbound">0</Entry>
		<Entry key="1FloatingPoint.ubound">1</Entry>
		<Entry key="FloatingPoint.dimension">50</Entry>
		<Entry key="FloatingPoint.lbound">0</Entry>
		<Entry key="FloatingPoint.ubound">6.99</Entry>
		<Entry key="SteadyStateTournament.tsize">3</Entry>
		<Entry key="batch.logfile_">*</Entry>
		<Entry key="batch.remaining_">0</Entry>
		<Entry key="batch.repeats">1</Entry>
		<Entry key="batch.singlemilestone">1</Entry>
		<Entry key="batch.statsfile">stats/ohlc_bitfinex_ethusd_21600_10_100_0.9_0.7.csv</Entry>
		<Entry key="data.balance">6540.35</Entry>
		<Entry key="data.input">data/train/ohlc_bitfinex_ethusd_21600.csv</Entry>
		<Entry key="data.test">data/test/ohlc_bitfinex_ethusd_21600.csv</Entry>
		<Entry key="fuzzy.langvars">conf/ohlc_bitfinex_ethusd_21600.conf</Entry>
		<Entry key="fuzzy.numrules">10</Entry>
		<Entry key="fuzzy.threshold">0.7</Entry>
		<Entry key="log.frequency">10</Entry>
		<Entry key="log.level">3</Entry>
		<Entry key="milestone.elapsedtime_">354</Entry>
		<Entry key="milestone.filename">milestones/ohlc_bitfinex_ethusd_21600_10_100_0.9_0.7.txt</Entry>
		<Entry key="milestone.generation_">2999</Entry>
		<Entry key="mutation.indprob">0.9</Entry>
		<Entry key="operator.logfile">log/ohlc_bitfinex_ethusd_21600_10_100_0.9_0.7.csv</Entry>
		<Entry key="population.size">100</Entry>
		<Entry key="term.eval">300000</Entry>
		<Entry key="term.maxtime">1800</Entry>
	</Registry>
	<Population size="1">
		<HallOfFame size="1">
			<Individual size="2" gen="2468">
				<FitnessMax value="3.74777"/>
				<FloatingPoint size="50">	3.36615	1.15494	5.67219	4.53147	4.54312	3.30784	1.74952	4.45714	1.51548	1.88462	3.60471	2.60473	4.32836	1.64364	1.27568	3.53696	1.36642	4.34306	5.35321	5.35827	3.58174	0.684773	4.65189	5.51061	5.16762	3.89707	1.60161	4.52058	5.30066	5.30182	3.3403	1.56692	5.16437	4.28608	4.03899	3.70998	1.532	4.32542	4.45681	3.34277	3.66114	1.47223	6.32507	3.88666	4.96398	3.55363	1.52413	4.57174	4.48989	4.41677</FloatingPoint>
				<FloatingPoint size="20">	0.969261	0.654692	0.444021	0.99876	0.300844	0.984186	0.84121	0.931648	0.738849	0.362009	0.766379	0.716074	0.791244	0.893294	0.749525	0.900181	0.836017	0.921589	0.453577	0.952731</FloatingPoint>
			</Individual>
		</HallOfFame>
		<Deme size="100">
			<HallOfFame size="1">
				<Individual size="2" gen="2468">
					<FitnessMax value="3.74777"/>
					<FloatingPoint size="50">	3.36615	1.15494	5.67219	4.53147	4.54312	3.30784	1.74952	4.45714	1.51548	1.88462	3.60471	2.60473	4.32836	1.64364	1.27568	3.53696	1.36642	4.34306	5.35321	5.35827	3.58174	0.684773	4.65189	5.51061	5.16762	3.89707	1.60161	4.52058	5.30066	5.30182	3.3403	1.56692	5.16437	4.28608	4.03899	3.70998	1.532	4.32542	4.45681	3.34277	3.66114	1.47223	6.32507	3.88666	4.96398	3.55363	1.52413	4.57174	4.48989	4.41677</FloatingPoint>
					<FloatingPoint size="20">	0.969261	0.654692	0.444021	0.99876	0.300844	0.984186	0.84121	0.931648	0.738849	0.362009	0.766379	0.716074	0.791244	0.893294	0.749525	0.900181	0.836017	0.921589	0.453577	0.952731</FloatingPoint>
				</Individual>
			</HallOfFame>
			<Individual size="2">
				<FitnessMax value="3.45146"/>
				<FloatingPoint size="50">	3.40537	1.2658	5.68817	4.39861	4.50005	3.57815	1.8068	4.63603	1.36221	1.78573	3.64435	2.48099	4.31773	1.6315	1.24042	3.54075	1.34173	4.34537	5.3137	5.31051	3.58722	0.661538	4.5248	5.50954	5.24599	3.619	1.61444	4.54271	5.2942	5.30599	3.36277	1.56376	5.48132	4.3666	4.41395	3.71037	1.54794	4.30896	4.45452	3.43037	3.72615	1.52886	6.35134	3.41815	4.83788	3.54105	1.38564	4.45493	4.46377	4.51298</FloatingPoint>
				<FloatingPoint size="20">	0.968905	0.660627	0.569956	0.998751	0.568042	0.984186	0.841299	0.957861	0.738505	0.368985	0.763113	0.719768	0.797576	0.880443	0.259347	0.860792	0.667172	0.764563	0.453699	0.955545</FloatingPoint>
			</Individual>
			<Individual size="2">
				<FitnessMax value="1.89047"/>
				<FloatingPoint size="50">	3.39641	1.15492	5.66168	4.384	4.55062	3.59329	1.74411	4.82061	1.34613	1.79126	3.65699	2.47584	4.20845	1.66903	1.24009	3.53538	1.32026	4.34863	5.35701	5.1823	3.62837	4.70775	4.53122	5.51101	5.24735	3.74622	1.61301	4.35752	5.30763	5.30597	3.33041	1.56992	5.16952	4.33072	4.5322	3.71039	1.54963	4.31008	0.332436	3.45622	3.71436	1.52989	6.35011	3.50252	4.78936	3.5658	1.32047	4.45695	4.46717	4.51408</FloatingPoint>
				<FloatingPoint size="20">	0.970577	0.660671	0.459	0.99875	0.746915	0.984018	0.841321	0.931641	0.738464	0.369686	0.763115	0.719711	0.797522	0.880018	0.502381	0.896654	0.851784	0.2477	0.450993	0.955547</FloatingPoint>
			</Individual>
			<Individual size="2">
				<FitnessMax value="3.74777"/>
				<FloatingPoint size="50">	3.4218	1.16194	5.68897	4.42149	4.4526	3.57804	1.72242	4.5301	1.28935	1.78989	3.6282	2.49237	4.37031	1.24798	1.36842	3.5366	1.37251	4.3502	5.35619	5.31531	3.56762	0.65803	4.50972	5.51274	5.27789	3.65889	1.61431	4.58289	5.21348	5.30596	3.48178	1.56556	5.16701	4.35054	4.50596	3.71038	1.54884	4.30822	4.42855	3.43098	3.70558	1.48873	6.3505	3.5984	4.68279	3.49735	1.40716	4.44707	4.46605	4.5174</FloatingPoint>
				<FloatingPoint size="20">	0.968929	0.660691	0.489236	0.998752	0.680626	0.984052	0.841256	0.931634	0.738479	0.368296	0.763104	0.719753	0.812807	0.879316	0.749586	0.857198	0.671767	0.671979	0.451218	0.955539</FloatingPoint>
			</Individual>
			<Individual size="2">
				<FitnessMax value="3.72611"/>
				<FloatingPoint size="50">	3.37486	1.15495	5.68596	4.36844	4.8407	3.62352	1.88115	4.46948	1.82684	1.77814	3.6306	2.47385	4.37157	1.68553	1.39422	3.53278	1.32332	4.34671	5.35941	5.31025	3.56927	0.660619	4.98614	5.51023	5.25994	3.65563	1.61361	4.44721	5.32061	5.30555	3.38252	1.56854	5.12039	4.37811	4.72814	3.71034	1.5612	4.31698	4.50164	3.43089	3.72645	1.55409	6.35324	3.42942	4.86929	3.53649	1.52145	4.45799	4.46572	4.51004</FloatingPoint>
				<FloatingPoint size="20">	0.975598	0.660623	0.452522	0.998751	0.728455	0.928985	0.841302	0.93164	0.738618	0.370264	0.763148	0.719766	0.801988	0.879336	0.639763	0.865401	0.633254	0.470304	0.452253	0.955553</FloatingPoint>
			</Individual>
			<Individual size="2">
				<FitnessMax value="3.72312"/>
				<FloatingPoint size="50">	3.36415	1.15491	5.66523	4.3841	4.52071	3.59123	1.74422	4.68107	1.2795	1.79003	3.64849	2.47722	4.35519	1.66936	1.23578	3.53607	1.30566	4.34644	5.35703	5.59068	3.64109	0.659322	4.53342	5.51031	5.24734	3.73562	1.61314	4.39811	5.51105	5.30596	3.33497	1.56551	5.15659	4.34758	4.41272	3.71039	1.55019	4.30873	4.417	3.43408	3.71759	1.52373	6.32267	3.49815	4.78915	3.57042	1.3742	4.45051	4.45204	4.45921</FloatingPoint>
				<FloatingPoint size="20">	0.970577	0.660671	0.459	0.99875	0.746915	0.984018	0.841321	0.931641	0.738464	0.164633	0.763115	0.719711	0.797522	0.880018	0.502381	0.896654	0.851784	0.2477	0.450993	0.955547</FloatingPoint>
			</Individual>
			<Individual size="2">
				<FitnessMax value="3.74777"/>
				<FloatingPoint size="50">	3.36019	1.15495	5.68627	4.36467	4.51607	3.62949	1.88203	4.469	1.06892	1.77804	3.63155	2.47376	4.42158	1.55997	1.38094	3.5337	1.3401	4.34597	5.35859	5.31499	3.56929	0.658097	4.52557	5.51334	5.27813	3.6602	1.61495	4.50324	5.29692	5.30598	3.45424	1.56841	5.14085	4.41015	4.55218	3.71036	1.55872	4.31531	4.47081	3.43012	3.72021	1.52784	6.35216	3.49706	4.85137	3.52293	1.47532	4.45749	4.46575	4.512</FloatingPoint>
				<FloatingPoint size="20">	0.969257	0.660736	0.630737	0.99875	0.787176	0.983969	0.841238	0.93164	0.738461	0.32467	0.763161	0.719757	0.797541	0.87991	0.363173	0.848594	0.623447	0.550872	0.451809	0.955542</FloatingPoint>
			</Individual>
			<Individual size="2">
				<FitnessMax value="3.54293"/>
				<FloatingPoint size="50">	3.38862	1.15493	5.66907	4.37511	4.53158	3.9076	1.79388	4.5422	1.2222	1.76272	3.6384	2.47538	4.37248	1.5667	1.33098	3.53467	1.571	4.34708	5.35849	5.31263	3.57984	0.658933	4.52613	5.51245	5.25066	3.6973	1.61345	4.49383	5.30174	5.30598	3.36778	1.569	5.14301	4.3778	4.55093	3.71038	1.55241	4.3116	4.45821	3.45166	3.71583	1.52797	6.34939	3.49744	4.7992	3.5338	1.47414	4.45745	4.4663	4.51309</FloatingPoint>
				<FloatingPoint size="20">	0.976606	0.660642	0.534015	0.998755	0.754288	0.305689	0.84133	0.93164	0.7385	0.367675	0.763107	0.71966	0.797452	0.87923	0.550128	0.865425	0.617241	0.606375	0.447246	0.955545</FloatingPoint>
			</Individual>
			<Individual size="2">
				<FitnessMax value="3.37724"/>
				<FloatingPoint size="50">	3.36019	1.15495	5.68627	4.36467	4.51607	3.62949	1.88203	4.469	1.06892	1.77804	3.63155	2.47376	4.42158	1.55997	1.38094	3.5337	1.3401	4.34597	5.35859	5.31499	3.56929	0.658097	4.52557	5.51334	5.27813	3.6602	1.61495	4.50324	5.29692	5.30598	3.45424	1.56841	5.14085	4.41015	4.55218	3.71036	1.55872	4.31531	4.47081	3.43012	3.72021	1.52784	6.35216	3.49706	4.85137	3.52293	1.47532	4.45749	4.46575	4.512</FloatingPoint>
				<FloatingPoint size="20">	0.968339	0.660598	0.869529	0.99875	0.727734	0.983939	0.841178	0.931639	0.738434	0.31585	0.697373	0.719696	0.797498	0.879944	0.403576	0.994019	0.634023	0.679586	0.452029	0.955581</FloatingPoint>
			</Individual>
			<Individual size="2">
				<FitnessMax value="3.74777"/>
				<FloatingPoint size="50">	3.36344	1.15495	5.68627	4.36467	4.51607	3.62949	1.87362	4.47222	1.35025	1.77804	3.63155	2.47474	4.31317	1.65877	1.24968	3.5327	1.30495	4.34665	5.35916	5.31372	3.56873	0.663146	4.68488	5.50981	5.24357	3.65422	1.61515	4.43144	5.30946	5.306	3.35641	1.56868	5.12253	4.4009	4.38814	3.71036	1.56232	4.31865	4.46416	3.43379	3.70881	1.91861	6.32802	3.43234	4.85647	3.54773	1.46967	4.45684	4.46585	4.51182</FloatingPoint>
				<FloatingPoint size="20">	0.968522	0.660661	0.506357	0.998749	0.637514	0.984212	0.841332	0.93164	0.738503	0.370282	0.763241	0.719889	0.797582	0.879239	0.0875541	0.852511	0.570368	0.428897	0.447645	0.955531</FloatingPoint>
			</Individual>
			<Individual size="2">
				<FitnessMax value="3.74777"/>
				<FloatingPoint size="50">	3.36019	1.15495	5.68627	4.36467	4.51607	3.62949	1.88203	4.469	1.06892	1.77804	3.63155	2.47376	4.31317	1.68163	1.24308	3.5327	1.30119	4.34665	5.35933	5.31372	3.56873	0.663146	4.53444	5.50981	5.24166	3.65396	1.61519	4.42558	5.32139	5.306	3.33327	1.56795	5.12006	4.45445	4.73829	3.71035	1.56307	4.31923	4.49793	3.43036	3.72714	2.20049	6.35324	3.40132	4.9126	3.53922	1.51539	4.46102	4.46578	4.50867</FloatingPoint>
				<FloatingPoint size="20">	0.968339	0.66063	0.445214	0.998749	0.26156	0.984054	0.841336	0.93164	0.738466	0.341811	0.763145	0.71974	0.802644	0.880154	0.300433	0.862085	0.636466	0.409489	0.45173	0.955545</FloatingPoint>
			</Individual>
			<Individual size="2">
				<FitnessMax value="3.74777"/>
				<FloatingPoint size="50">	3.37387	1.15493	5.68187	4.39798	4.51839	3.58402	1.75128	4.52455	1.16103	1.21196	3.64311	2.47565	4.43876	1.65444	1.40912	3.5798	1.31485	4.34527	5.34094	5.30422	3.61636	0.656558	4.53102	5.51005	5.24939	3.66237	1.74533	4.50734	5.3027	5.30596	3.35143	1.56944	5.14414	4.3475	4.5755	3.71038	1.552	4.30994	4.43221	3.44041	3.71134	1.49388	6.32602	3.53445	4.78746	3.52738	1.33759	4.45814	4.46557	4.50958</FloatingPoint>
				<FloatingPoint size="20">	0.967362	0.660054	0.577831	0.998752	0.556166	0.984107	0.841251	0.93164	0.738444	0.351239	0.76314	0.719692	0.797331	0.88013	0.39387	0.89777	0.594396	0.387023	0.450763	0.955543</FloatingPoint>
			</Individual>
			<Individual size="2">
				<FitnessMax value="3.74777"/>
				<FloatingPoint size="50">	3.36019	1.15495	5.68627	4.36467	4.51607	3.62949	1.88203	4.469	1.85517	1.77804	3.63155	2.47376	4.31317	1.68163	1.24308	3.5327	1.30119	4.34665	5.35933	5.31372	3.56873	0.663146	4.95486	5.50981	5.24166	3.65396	1.61519	4.42558	5.32139	5.306	3.33327	1.56795	5.12006	4.45445	4.11743	3.71035	1.56294	4.31913	4.49221	3.43092	3.72603	1.5528	6.34913	3.40308	4.91055	3.53885	1.51442	4.4609	4.46582	4.50875</FloatingPoint>
				<FloatingPoint size="20">	0.970584	0.66049	0.53783	0.998752	0.215713	0.984225	0.841214	0.93164	0.738512	0.370244	0.763117	0.719691	0.797709	0.879595	0.228747	0.866247	0.69411	0.696892	0.455432	0.955545</FloatingPoint>
			</Individual>
			<Individual size="2">
				<FitnessMax value="3.74777"/>
				<FloatingPoint size="50">	3.31427	1.15494	5.66352	4.37778	4.54267	3.62075	1.84582	4.49848	1.28303	1.2455	3.65511	2.47503	4.27062	1.67968	1.24183	3.53466	1.5916	4.34774	5.35862	5.26586	3.6	0.659691	4.53422	5.51049	5.24169	3.68878	1.61344	4.36928	5.32102	5.30597	3.33088	1.56961	5.16293	4.35831	4.64037	3.71037	1.56286	4.31244	4.47793	3.44933	3.71853	1.54751	6.34798	3.49774	4.85874	3.56511	1.49808	4.45885	4.46622	4.51025</FloatingPoint>
				<FloatingPoint size="20">	0.969029	0.660739	0.564	0.998749	0.704905	0.983959	0.841257	0.93164	0.738469	0.340883	0.763127	0.719745	0.798283	0.879831	0.441611	0.852485	0.627638	0.542209	0.451922	0.955536</FloatingPoint>
			</Individual>
			<Individual size="2">
				<FitnessMax value="3.74777"/>
				<FloatingPoint size="50">	3.41432	1.22706	5.6919	4.41544	4.48634	3.55135	1.7681	4.52322	1.46934	1.78897	3.63461	2.47749	4.3208	1.60456	1.23975	3.54668	1.37148	4.3451	5.28149	5.3074	3.59716	0.661675	4.51888	5.50934	5.24969	3.53641	1.61428	4.50268	5.27743	5.30598	3.38457	1.56231	5.73613	4.34854	4.44495	3.71038	1.54638	4.30798	4.48749	3.43007	3.72353	1.51635	6.35098	3.43688	4.80805	3.54263	1.35574	4.45135	4.46211	4.51539</FloatingPoint>
				<FloatingPoint size="20">	0.968929	0.660674	0.784481	0.998751	0.680626	0.984233	0.841323	0.93164	0.738479	0.359204	0.763106	0.719753	0.797492	0.879627	0.325878	0.865533	0.602106	0.164589	0.451218	0.955537</FloatingPoint>
			</Individual>
			<Individual size="2">
				<FitnessMax value="3.74777"/>
				<FloatingPoint size="50">	3.39639	1.15492	5.66169	4.38399	4.55061	3.59329	1.74415	4.8205	1.34621	1.79126	3.65698	2.47584	4.20849	1.66903	1.24009	3.53538	1.32025	4.34863	5.35701	5.18238	3.62836	0.659331	4.53122	5.51101	5.24734	3.74619	1.61301	4.35754	5.30763	5.30597	3.33041	1.56992	5.16953	4.33075	4.53226	3.71039	1.54964	4.31008	4.4166	3.45621	3.71436	1.53007	6.3501	3.5025	4.78939	3.56579	1.32052	4.45695	4.46654	4.51407</FloatingPoint>
				<FloatingPoint size="20">	0.968929	0.663325	0.313758	0.99875	0.518542	0.983961	0.841292	0.93163	0.738452	0.368895	0.763117	0.719734	0.816826	0.879861	0.526604	0.864552	0.725072	0.805197	0.452471	0.95555</FloatingPoint>
			</Individual>
			<Individual size="2">
				<FitnessMax value="3.74777"/>
				<FloatingPoint size="50">	3.36019	1.15492	5.67053	4.40883	4.48988	3.52019	1.75013	4.47529	1.41669	1.79405	3.6278	2.44849	4.48844	1.38202	1.64813	3.53704	1.35566	4.34526	5.35655	5.24846	3.57245	0.658783	4.51694	5.50909	5.25575	3.66027	1.4373	4.48254	5.26625	5.30493	3.34247	1.56645	5.17295	4.38568	4.06616	3.71038	1.54662	4.31357	4.41677	3.44704	3.72014	1.5472	6.34906	3.23026	4.82381	3.50617	1.39702	4.45369	4.08402	4.52104</FloatingPoint>
				<FloatingPoint size="20">	0.970652	0.660672	0.38011	0.998749	0.635631	0.983938	0.841165	0.931638	0.738463	0.369632	0.763084	0.71967	0.797522	0.880031	0.372944	0.897375	0.639604	0.75104	0.453174	0.955524</FloatingPoint>
			</Individual>
			<Individual size="2">
				<FitnessMax value="3.74777"/>
				<FloatingPoint size="50">	3.37633	1.15495	5.68457	4.37596	4.51569	3.62492	1.87968	4.4696	1.38362	1.78016	3.62871	2.47183	4.41797	1.60499	1.34016	3.53368	1.32247	4.34624	5.3589	5.31238	3.56935	0.66061	4.76294	5.51128	5.2621	3.66973	1.56789	4.51145	5.30771	5.30543	3.38682	1.56854	5.13329	4.38797	4.29104	3.71035	1.56116	4.31704	4.48161	3.43464	3.72407	1.54264	6.3527	3.44369	4.82221	3.54432	1.47387	4.45722	4.46614	4.51304</FloatingPoint>
				<FloatingPoint size="20">	0.969029	0.660739	0.564	0.998749	0.704905	0.983959	0.841257	0.93164	0.738469	0.340883	0.763127	0.719745	0.798283	0.879831	0.441611	0.852485	0.627638	0.542209	0.451922	0.955536</FloatingPoint>
			</Individual>
			<Individual size="2">
				<FitnessMax value="3.74777"/>
				<FloatingPoint size="50">	3.36019	1.15492	5.67053	4.40883	4.48988	3.52019	1.75013	4.47529	1.41669	1.79405	3.6278	2.44849	4.48844	1.38202	1.64813	3.53704	1.35566	4.34526	5.35655	5.24846	3.57245	0.658783	4.51694	5.50909	5.25575	3.66027	1.4373	4.48254	5.26625	5.30493	3.34247	1.56645	5.17295	4.38568	4.06616	3.71038	1.54662	4.31357	4.41677	3.44704	3.72014	1.5472	6.34906	3.23026	4.82381	3.50617	1.39702	4.45369	4.46283	4.52104</FloatingPoint>
				<FloatingPoint size="20">	0.969249	0.660841	0.58259	0.99875	0.705573	0.984617	0.841233	0.931641	0.738471	0.369522	0.763169	0.719827	0.799826	0.88005	0.708653	0.862401	0.56458	0.403619	0.458965	0.955545</FloatingPoint>
			</Individual>
			<Individual size="2">
				<FitnessMax value="3.67508"/>
				<FloatingPoint size="50">	3.37706	1.15493	5.67411	4.37434	4.5322	3.61132	1.81309	4.63943	1.20502	1.49109	3.64394	2.47485	4.32063	1.61451	1.31035	3.53457	1.4789	4.34722	5.3578	5.26426	3.59931	0.658714	4.52848	5.51215	5.26274	3.70279	1.61398	4.43193	5.30203	5.30597	3.39233	1.56916	5.15589	4.37029	4.54231	3.71038	1.55419	4.31267	4.44371	3.44254	3.71721	1.5294	6.34863	2.14598	4.82221	3.54432	1.47387	4.45722	4.46614	4.51304</FloatingPoint>
				<FloatingPoint size="20">	0.970584	0.660738	0.588723	0.99875	0.664103	0.983968	0.841256	0.93164	0.738468	0.339725	0.763127	0.719746	0.797865	0.879871	0.405662	0.850736	0.627625	0.550251	0.451929	0.955536</FloatingPoint>
			</Individual>
			<Individual size="2">
				<FitnessMax value="3.74777"/>
				<FloatingPoint size="50">	3.38476	1.21036	5.6767	4.39136	4.51038	3.58469	1.77551	4.65855	1.32085	1.78788	3.64642	2.4791	4.33646	1.65043	1.2381	3.53841	1.32369	4.3459	5.33537	5.45059	3.61416	0.66043	4.52911	5.50993	5.24666	3.67731	1.61379	4.47041	5.2977	5.30597	3.34668	1.56677	5.33452	4.34657	4.47436	3.71038	1.54887	4.30917	4.43565	3.43515	3.71927	1.53533	6.31794	3.51645	4.83752	3.5529	1.35279	4.45598	4.46511	4.45065</FloatingPoint>
				<FloatingPoint size="20">	0.970577	0.660671	0.986619	0.99875	0.746915	0.984018	0.841321	0.931641	0.738464	0.369686	0.763115	0.719711	0.797522	0.880018	0.502381	0.896654	0.851784	0.2477	0.450993	0.955547</FloatingPoint>
			</Individual>
			<Individual size="2">
				<FitnessMax value="3.74777"/>
				<FloatingPoint size="50">	3.38862	1.15492	5.66883	4.39278	4.49184	3.22788	1.748	4.66591	1.40646	1.7923	3.64226	2.45321	4.3937	1.54959	1.36932	3.53646	1.33424	4.34639	5.3566	5.2187	3.59898	0.658924	4.52234	5.50957	5.25222	3.70515	1.59172	4.42498	5.27646	5.30539	3.33876	1.56697	5.16992	4.35822	4.30076	3.71038	1.54902	4.3106	4.41671	3.453	3.71736	1.53339	6.34992	3.27966	4.81618	3.51448	1.38425	4.45425	4.46459	4.52057</FloatingPoint>
				<FloatingPoint size="20">	0.970652	0.660672	0.38011	0.998749	0.635631	0.983938	0.841165	0.931638	0.738463	0.369632	0.763084	0.71967	0.797522	0.880031	0.386966	0.897375	0.639604	0.75104	0.453174	0.955524</FloatingPoint>
			</Individual>
			<Individual size="2">
				<FitnessMax value="3.40069"/>
				<FloatingPoint size="50">	3.37633	1.15495	5.68457	4.37596	4.51569	3.62492	1.87968	4.4696	1.38362	1.78016	3.62871	2.47183	4.41797	1.60499	1.34016	3.53368	1.32247	4.34624	5.3589	5.31238	3.56935	0.66061	4.76294	5.51128	5.2621	3.66973	1.56789	4.51145	5.30771	5.30543	3.38682	1.56854	5.13329	4.38797	4.29104	3.71035	1.56116	4.31704	4.48161	3.43464	3.72407	1.54264	6.3527	3.44369	4.82221	3.54432	1.47387	4.45722	4.46614	4.51304</FloatingPoint>
				<FloatingPoint size="20">	0.969257	0.660736	0.630737	0.99875	0.37709	0.722381	0.841215	0.931641	0.738398	0.552701	0.763143	0.719629	0.797344	0.880556	0.395443	0.946619	0.551679	0.284242	0.449223	0.955551</FloatingPoint>
			</Individual>
			<Individual size="2">
				<FitnessMax value="2.53809"/>
				<FloatingPoint size="50">	3.37716	1.15491	5.64473	2.43846	4.53251	3.59522	1.74388	4.63865	1.3576	1.4917	3.65107	2.47897	4.33059	1.66961	1.32079	3.53531	1.70181	4.34763	5.35758	5.2638	3.60002	0.660836	4.53039	5.51185	5.24571	3.80435	1.61177	4.5814	5.31259	5.30596	3.3315	1.56727	5.16654	4.32845	4.29041	3.71037	1.54896	4.30991	4.41338	3.44575	3.72323	1.52889	6.34736	3.4618	4.73711	3.54466	1.40952	4.45835	4.46641	4.51304</FloatingPoint>
				<FloatingPoint size="20">	0.376448	0.660605	0.802812	0.998752	0.497787	0.984251	0.841212	0.93164	0.738374	0.369286	0.763146	0.719727	0.797197	0.878427	0.406284	0.85915	0.522754	0.412768	0.453977	0.955554</FloatingPoint>
			</Individual>
			<Individual size="2">
				<FitnessMax value="2.99726"/>
				<FloatingPoint size="50">	3.39317	1.18352	5.68525	4.39886	4.50536	3.5815	1.75074	4.52412	1.29675	1.78793	3.63451	2.48418	4.34525	1.43534	1.3582	3.53738	1.36852	4.34629	5.34237	5.31489	3.56838	0.658766	4.52317	5.51019	5.27417	3.66979	1.61431	4.57548	5.2486	5.30596	3.40962	1.56699	5.15085	4.351	4.37238	3.71037	1.54896	4.3115	4.45055	3.43094	3.70661	1.50915	6.35074	3.49271	4.70155	3.50113	1.38302	4.44775	4.46461	5.15081</FloatingPoint>
				<FloatingPoint size="20">	0.968929	0.660691	0.986619	0.99875	0.680626	0.984052	0.841256	0.931634	0.738479	0.369686	0.763115	0.719753	0.812807	0.880018	0.749586	0.857198	0.671767	0.2477	0.450993	0.955547</FloatingPoint>
			</Individual>
			<Individual size="2">
				<FitnessMax value="3.74777"/>
				<FloatingPoint size="50">	3.41432	1.22706	5.6919	4.41544	4.48634	3.55135	1.7681	4.52322	1.46934	1.78897	3.63461	2.47749	4.3208	1.60456	1.23975	3.54668	1.37148	4.3451	5.28149	5.3074	3.59716	0.661675	4.51888	5.50934	5.24969	3.53641	1.61428	4.50268	5.27743	5.30598	3.38457	1.56231	5.73613	4.34854	4.44495	3.71038	1.54638	4.30798	4.48749	3.43007	3.72353	1.51635	6.35098	3.43688	4.80805	3.54263	1.35574	4.45135	4.46211	4.51539</FloatingPoint>
				<FloatingPoint size="20">	0.970652	0.660606	0.831804	0.998753	0.675802	0.984227	0.841321	0.93164	0.73845	0.368677	0.763125	0.719679	0.797807	0.879239	0.299588	0.864003	0.679549	0.442009	0.452141	0.955551</FloatingPoint>
			</Individual>
			<Individual size="2">
				<FitnessMax value="3.74777"/>
				<FloatingPoint size="50">	3.31427	1.15494	5.66352	4.37778	4.54267	3.62075	1.84582	4.49848	1.28303	1.2455	3.65511	2.47503	4.27062	1.67968	1.24183	3.53466	1.5916	4.34774	5.35862	5.26586	3.6	0.659691	4.53422	5.51049	5.24169	3.68878	1.61344	4.36928	5.32102	5.30597	3.33088	1.56961	5.16293	4.35831	4.64037	3.71037	1.56286	4.31244	4.47793	3.44933	3.71853	1.54751	6.34798	3.49774	4.85874	3.56511	1.49808	4.45885	4.46622	4.51025</FloatingPoint>
				<FloatingPoint size="20">	0.967856	0.660525	0.0508992	0.998751	0.533432	0.984064	0.841232	0.931631	0.738536	0.368149	0.763125	0.719687	0.797304	0.880412	0.408777	0.885525	0.545925	0.301175	0.452191	0.955544</FloatingPoint>
			</Individual>
			<Individual size="2">
				<FitnessMax value="3.74777"/>
				<FloatingPoint size="50">	3.36038	1.15495	5.67626	4.37747	4.52094	3.61998	1.87162	4.79485	1.18119	1.78013	3.6415	2.47506	4.27407	1.67055	1.24286	3.53533	1.30528	4.34798	5.35904	5.2234	3.59284	0.662624	4.53352	5.51101	5.24224	3.67811	1.61365	4.38266	5.31944	5.306	3.33256	1.5688	5.16212	4.37358	4.55176	3.71039	1.55075	4.31026	4.15849	3.44298	3.71662	1.53761	6.35045	3.48261	4.8424	3.54027	1.47377	4.45958	4.46632	4.51224</FloatingPoint>
				<FloatingPoint size="20">	0.967856	0.660525	0.278834	0.998751	0.533432	0.984064	0.841232	0.931631	0.738536	0.368149	0.763125	0.719687	0.797304	0.880412	0.408777	0.885525	0.545925	0.301175	0.452191	0.955544</FloatingPoint>
			</Individual>
			<Individual size="2">
				<FitnessMax value="3.74777"/>
				<FloatingPoint size="50">	3.36019	1.15495	5.68627	4.36467	4.51607	3.62949	1.88203	4.469	1.06892	1.77804	3.63155	2.47376	4.31317	1.68163	1.24308	3.5327	1.30119	4.34665	5.35933	5.31372	3.56873	0.663146	4.53444	5.50981	5.24166	3.65396	1.61519	4.42558	5.32139	5.306	3.33327	1.56795	5.12006	4.45445	4.73829	3.71035	1.56307	4.31923	4.49793	3.43036	3.72714	1.55445	6.35324	3.40132	4.9126	3.53922	1.51539	4.46102	4.46578	4.50867</FloatingPoint>
				<FloatingPoint size="20">	0.96877	0.660703	0.542342	0.998749	0.67236	0.984082	0.84129	0.93164	0.738462	0.35379	0.763184	0.719819	0.797503	0.879565	0.417689	0.850369	0.619776	0.489085	0.449978	0.955533</FloatingPoint>
			</Individual>
			<Individual size="2">
				<FitnessMax value="3.74777"/>
				<FloatingPoint size="50">	3.39639	1.15492	5.66169	4.38399	4.55061	3.59329	1.74415	4.8205	1.34621	1.79126	3.65698	2.47584	4.20849	1.66903	1.24009	3.53538	1.32025	4.34863	5.35701	5.18238	3.62836	0.659331	4.53122	5.51101	5.24734	3.74619	1.61301	4.35754	5.30763	5.30597	3.33041	1.56992	5.16953	4.33075	4.53226	3.71039	1.54964	4.31008	4.4166	3.45621	3.71436	1.53007	6.3501	3.5025	4.78939	3.56579	1.32052	4.45695	4.46654	4.51407</FloatingPoint>
				<FloatingPoint size="20">	0.967946	0.660839	0.173274	0.998749	0.487806	0.983937	0.841319	0.931629	0.738537	0.366952	0.76312	0.719764	0.797539	0.880032	0.553794	0.845417	0.656364	0.597874	0.453144	0.955524</FloatingPoint>
			</Individual>
			<Individual size="2">
				<FitnessMax value="3.5008"/>
				<FloatingPoint size="50">	3.36019	1.15504	5.68587	4.37447	4.51596	3.62921	1.89048	4.45165	1.076	1.78851	4.90577	2.474	4.43313	1.56235	1.42169	3.5359	1.34307	4.34676	5.35742	5.31327	3.6071	0.654118	4.53067	5.51333	5.28525	3.65875	1.61517	4.45796	5.31874	5.30598	3.33425	1.5684	5.53863	4.35152	4.5385	3.71036	1.55855	4.31541	4.45538	3.43035	3.71613	1.53137	6.35173	3.49729	5.10324	3.5236	1.47939	4.45757	4.46576	4.50868</FloatingPoint>
				<FloatingPoint size="20">	0.968905	0.660706	0.659143	0.99875	0.583709	0.984093	0.841218	0.931639	0.738449	0.307567	0.763175	0.719768	0.797557	0.880239	0.348358	0.848691	0.623368	0.582328	0.451746	0.955536</FloatingPoint>
			</Individual>
			<Individual size="2">
				<FitnessMax value="3.74777"/>
				<FloatingPoint size="50">	3.36415	1.15491	5.66523	4.3841	4.52071	3.59123	1.74422	4.68107	1.2795	1.79003	3.64849	2.47722	4.35519	1.66936	1.23578	3.53607	1.30566	4.34644	5.35703	5.59068	3.64109	0.659322	4.53342	5.51031	5.24734	3.73562	1.61314	4.39811	5.30121	5.30595	3.33058	1.56978	5.18772	4.32654	4.53477	3.71039	1.5498	4.30939	4.41679	3.43992	3.71239	1.54179	6.28455	3.61475	4.83717	3.56475	1.31995	4.45702	4.46644	4.38832</FloatingPoint>
				<FloatingPoint size="20">	0.970577	0.660671	0.459	0.99875	0.746915	0.984018	0.841321	0.931641	0.738464	0.369686	0.763115	0.719711	0.797522	0.880018	0.502381	0.896654	0.851784	0.2477	0.450993	0.955547</FloatingPoint>
			</Individual>
			<Individual size="2">
				<FitnessMax value="3.74777"/>
				<FloatingPoint size="50">	3.36019	1.15492	5.67053	4.40883	4.48988	3.52019	1.75013	4.47529	1.41669	1.79405	3.6278	2.44849	4.48844	1.38202	1.64813	3.53704	1.35566	4.34526	5.35655	5.24846	3.57245	0.658783	4.51694	5.50909	5.25575	3.66027	1.4373	4.48254	5.26625	5.30493	3.34247	1.56645	5.17295	4.38568	4.06616	3.71038	1.54662	4.31357	4.41677	3.4408	3.71997	1.53298	6.35023	3.36318	4.77562	3.50654	1.41255	4.45333	4.22796	4.51878</FloatingPoint>
				<FloatingPoint size="20">	0.968905	0.660706	0.659143	0.99875	0.583709	0.984093	0.841218	0.931639	0.738449	0.307567	0.763175	0.719768	0.797557	0.880239	0.219226	0.848691	0.623368	0.582328	0.451746	0.955536</FloatingPoint>
			</Individual>
			<Individual size="2">
				<FitnessMax value="3.38712"/>
				<FloatingPoint size="50">	3.41432	1.22706	5.6919	4.41544	4.48634	3.55135	1.7681	4.52322	1.46934	1.78897	3.63461	2.47749	4.3208	1.60456	1.23975	3.54668	1.37148	4.3451	5.28149	5.3074	3.59716	0.661675	4.51888	5.50934	5.24969	3.53641	1.61428	4.50268	5.27743	5.30598	3.38457	1.56231	5.73613	4.34854	4.44495	3.71038	1.54638	4.30798	4.48749	3.43007	3.72353	1.51635	6.35098	3.43688	4.80805	3.54263	1.35574	4.45135	4.46211	4.51539</FloatingPoint>
				<FloatingPoint size="20">	0.970652	0.660619	0.831804	0.99875	0.26156	0.984227	0.841308	0.93164	0.738498	0.341811	0.763145	0.719679	0.797807	0.879664	0.300433	0.0569249	0.798115	0.0752903	0.452141	0.955551</FloatingPoint>
			</Individual>
			<Individual size="2">
				<FitnessMax value="3.74777"/>
				<FloatingPoint size="50">	3.36525	1.15495	5.68627	4.36467	4.51607	3.62949	1.86893	4.47402	1.06892	1.77804	3.63155	2.47528	4.31317	1.64604	1.25337	3.5327	1.30704	4.34665	5.35907	5.31372	3.56873	0.663146	4.53444	5.50981	5.24463	3.65437	1.61512	4.4347	5.30281	5.306	3.36931	1.56909	5.12391	4.37106	4.56977	3.71038	1.5619	4.31833	4.44534	3.43549	3.71696	1.53931	6.3155	3.41749	4.89374	3.53579	1.50651	4.45988	4.46613	4.50939</FloatingPoint>
				<FloatingPoint size="20">	0.968522	0.660661	0.506357	0.998749	0.637514	0.984212	0.841332	0.93164	0.738503	0.370282	0.763241	0.719889	0.797582	0.879239	0.455354	0.852511	0.570368	0.428897	0.447645	0.955531</FloatingPoint>
			</Individual>
			<Individual size="2">
				<FitnessMax value="3.72611"/>
				<FloatingPoint size="50">	3.37486	1.15495	5.68596	4.36844	4.8407	3.62352	1.88115	4.46948	1.82684	1.77814	3.6306	2.47385	4.37157	1.68553	1.39422	3.53278	1.32332	4.34671	5.35941	5.31025	3.56927	0.660619	4.98614	5.51023	5.25994	3.65563	1.61361	4.44721	5.32061	5.30555	3.38252	1.56854	5.12039	4.37811	4.72814	3.71034	1.5612	4.31698	4.50164	3.43089	3.72645	1.55409	6.35324	3.42942	4.86929	3.53649	1.52145	4.45782	4.46572	4.51004</FloatingPoint>
				<FloatingPoint size="20">	0.975598	0.660623	0.452522	0.998751	0.728455	0.928985	0.841302	0.93164	0.738618	0.370264	0.763148	0.719766	0.801988	0.879336	0.318922	0.865401	0.633254	0.470304	0.452253	0.955553</FloatingPoint>
			</Individual>
			<Individual size="2">
				<FitnessMax value="3.55401"/>
				<FloatingPoint size="50">	3.38476	1.21036	5.6767	4.39136	4.51038	3.58469	1.77551	4.65855	1.32085	1.78788	3.64642	2.4791	6.44311	1.65043	1.2381	3.53841	1.32369	4.3459	5.33537	5.45059	3.61416	0.66043	4.52911	5.50993	5.24666	3.67731	1.61379	4.47041	5.2977	5.30597	3.34668	1.56677	5.33452	4.34657	4.47436	3.71038	1.54887	4.30917	4.43565	3.43515	3.71927	1.53533	6.31794	3.51645	4.83752	3.5529	1.35279	4.45598	4.46511	4.45065</FloatingPoint>
				<FloatingPoint size="20">	0.969497	0.660283	0.579804	0.998752	0.725221	0.984074	0.841264	0.93164	0.738445	0.35691	0.763121	0.719696	0.797347	0.880064	0.440769	0.896696	0.740212	0.292693	0.450856	0.955546</FloatingPoint>
			</Individual>
			<Individual size="2">
				<FitnessMax value="3.74777"/>
				<FloatingPoint size="50">	3.37387	1.15493	5.68187	4.39798	4.51839	3.58402	1.75128	4.52455	1.16103	1.21196	3.64311	2.47565	4.43876	1.65444	1.40912	3.5798	1.31485	4.34527	5.34094	5.30422	3.61636	0.656558	4.53102	5.51005	5.24939	3.66237	1.74533	4.50734	5.3027	5.30596	3.35143	1.56944	5.14414	4.3475	4.5755	3.71038	1.552	4.30994	4.43221	3.44041	3.71134	1.49388	6.32602	3.53445	4.78746	3.52738	1.33759	4.45814	4.46557	4.50958</FloatingPoint>
				<FloatingPoint size="20">	0.972919	0.660682	0.565431	0.99875	0.484383	0.984033	0.841279	0.93164	0.738481	0.339555	0.763136	0.719744	0.797406	0.879778	0.396959	0.856432	0.629973	0.479381	0.452042	0.955536</FloatingPoint>
			</Individual>
			<Individual size="2">
				<FitnessMax value="1.9289"/>
				<FloatingPoint size="50">	3.36038	1.19035	5.67367	4.38108	4.54235	3.56809	1.74419	4.76668	1.29	1.79128	3.65257	2.47617	4.30991	1.67125	1.24124	3.53284	1.32001	4.34767	5.35726	5.26731	3.62073	0.659447	4.53147	5.039	5.2471	3.73601	1.61508	4.58183	5.31502	5.30599	3.33121	1.56841	5.18057	4.33051	4.5185	3.71039	1.55134	4.3096	4.41629	3.43614	3.71778	1.54361	6.35233	3.50157	4.31043	3.59347	1.33308	4.45755	4.46641	4.51192</FloatingPoint>
				<FloatingPoint size="20">	0.970577	0.660989	0.524256	0.99875	0.502629	0.984153	0.841285	0.931639	0.738471	0.346382	0.261428	0.719759	0.800426	0.879955	0.556162	0.860722	0.554043	0.530641	0.451568	0.955539</FloatingPoint>
			</Individual>
			<Individual size="2">
				<FitnessMax value="3.74777"/>
				<FloatingPoint size="50">	3.39637	1.28472	5.68524	4.37956	4.52303	3.56722	1.74427	4.70108	1.25523	1.79147	3.64951	2.4763	4.31334	1.67359	1.24155	3.5327	1.30434	4.34651	5.35776	5.31434	3.61882	0.660467	4.53329	5.49049	5.24649	3.71921	1.61513	4.5948	5.31955	5.306	3.33315	1.56698	5.77619	4.32956	4.45089	3.71038	1.55168	4.30952	4.41617	3.43062	3.72966	1.55008	6.35246	3.50135	4.21683	3.53908	1.37225	4.46101	4.46636	4.50905</FloatingPoint>
				<FloatingPoint size="20">	0.969029	0.660739	0.564	0.998749	0.704905	0.983959	0.841257	0.93164	0.738469	0.345547	0.763127	0.719745	0.798283	0.879831	0.441611	0.852485	0.456013	0.542209	0.451922	0.955536</FloatingPoint>
			</Individual>
			<Individual size="2">
				<FitnessMax value="3.74777"/>
				<FloatingPoint size="50">	3.37633	1.15495	5.68457	4.37596	4.51569	3.62492	1.87968	4.4696	1.38362	1.78016	3.62871	2.47183	4.41797	1.60499	1.34016	3.53368	1.32247	4.34624	5.3589	5.31238	3.56935	0.66061	4.76294	5.51128	5.2621	3.66973	1.56789	4.51145	5.30771	5.30543	3.38682	1.56854	5.13329	4.38797	4.29104	3.71035	1.56116	4.31704	4.48161	3.43464	3.72407	1.54264	6.3527	3.44369	4.86289	3.52629	1.48244	4.45791	4.46574	4.51013</FloatingPoint>
				<FloatingPoint size="20">	0.968339	0.66063	0.445214	0.998749	0.72282	0.984054	0.841336	0.931641	0.738466	0.369347	0.763149	0.719762	0.802644	0.880154	0.429178	0.862085	0.565175	0.401002	0.452301	0.955553</FloatingPoint>
			</Individual>
			<Individual size="2">
				<FitnessMax value="3.74777"/>
				<FloatingPoint size="50">	3.38692	1.49731	5.67358	4.84514	4.5194	3.61774	1.75331	4.82382	1.22055	1.78281	3.64749	2.48617	4.30658	1.66801	1.24141	3.53274	1.30357	4.34591	5.3583	5.22666	3.59145	0.662112	4.53249	5.51077	5.2403	3.70692	1.61397	4.41373	5.31896	5.30599	3.3326	1.56709	5.1654	4.3697	4.41778	3.71038	1.55045	4.3099	4.34301	3.43248	3.72064	1.53704	6.34994	3.473	4.71728	3.53395	1.47148	4.45952	4.4662	4.51145</FloatingPoint>
				<FloatingPoint size="20">	0.967856	0.660525	0.278834	0.998751	0.533432	0.984064	0.841232	0.931631	0.738536	0.368149	0.763125	0.719687	0.797304	0.880412	0.408777	0.885525	0.545925	0.301175	0.452191	0.955544</FloatingPoint>
			</Individual>
			<Individual size="2">
				<FitnessMax value="3.74777"/>
				<FloatingPoint size="50">	3.36019	1.15495	5.68627	4.36467	4.51607	3.62949	1.88203	4.469	1.06892	1.77804	3.63155	2.47376	4.31317	1.68163	1.24308	3.5327	1.30119	4.34665	5.35933	5.31372	3.56873	0.663146	4.53444	5.50981	5.24166	3.65396	1.61519	4.42558	5.32139	5.306	3.33327	1.56795	5.12006	4.45445	4.73829	3.71035	1.56307	4.31923	4.49793	3.43036	3.72714	1.55445	6.35324	3.40132	4.9126	3.53922	1.51539	4.46102	4.46578	4.50867</FloatingPoint>
				<FloatingPoint size="20">	0.968522	0.660661	0.506357	0.998749	0.637514	0.984212	0.841332	0.93164	0.738503	0.370282	0.763241	0.719889	0.797582	0.879239	0.455354	0.852511	0.616072	0.428897	0.447645	0.955531</FloatingPoint>
			</Individual>
			<Individual size="2">
				<FitnessMax value="3.0569"/>
				<FloatingPoint size="50">	3.36038	1.21164	5.68577	4.36821	4.51729	3.60533	1.84116	4.53703	1.51051	1.78298	3.65048	2.48226	4.36351	1.57735	1.30301	3.53355	1.31257	4.34652	5.35848	5.31435	3.57027	0.660444	4.56646	5.51108	5.25069	3.71193	1.61498	4.50974	5.30586	5.30598	3.44217	1.56784	5.1518	4.42749	4.13627	3.71035	1.55802	4.31546	4.48377	3.43059	3.72387	1.53294	6.35171	3.47749	4.854	5.86255	1.43359	4.45934	4.46584	4.51076</FloatingPoint>
				<FloatingPoint size="20">	0.968929	0.660748	0.577883	0.99875	0.441545	0.983999	0.841226	0.93164	0.738424	0.343063	0.763145	0.719755	0.79856	0.879983	0.322866	0.857704	0.649987	0.579981	0.451648	0.955538</FloatingPoint>
			</Individual>
			<Individual size="2">
				<FitnessMax value="3.74777"/>
				<FloatingPoint size="50">	3.41432	1.22706	5.69193	4.41544	4.48634	3.55134	1.76811	4.52323	1.46935	1.78897	3.63461	2.47749	4.32079	1.60456	1.23975	3.54668	1.37148	4.3451	5.28149	5.3074	3.59716	0.661675	4.51888	5.50934	5.24969	3.01556	1.61428	4.50267	5.27744	5.30598	3.38457	1.56231	5.73617	4.34854	4.44497	3.71038	1.54638	4.30798	4.4875	3.43007	3.72353	1.51626	6.35098	3.43688	4.80805	3.54263	1.35573	4.45135	4.46211	4.51539</FloatingPoint>
				<FloatingPoint size="20">	0.968929	0.660674	0.784481	0.998751	0.680626	0.984233	0.841323	0.93164	0.738479	0.359204	0.763106	0.719753	0.797492	0.879627	0.325878	0.865533	0.602106	0.164589	0.451218	0.955537</FloatingPoint>
			</Individual>
			<Individual size="2">
				<FitnessMax value="3.5014"/>
				<FloatingPoint size="50">	3.36019	1.15495	5.68627	4.36467	4.51607	3.62949	1.88203	4.469	1.06892	1.77804	3.63155	2.47376	4.31317	1.68163	1.24308	3.5327	1.30119	4.34665	5.35933	5.31372	3.56873	0.663146	4.53444	5.50981	5.24166	3.65396	1.61519	4.42558	5.32139	5.306	3.33327	1.56795	5.12006	4.45445	4.73829	3.71035	1.56307	4.31923	6.47268	3.43036	3.72714	1.55445	6.35324	3.40132	4.9126	3.53922	1.51539	4.46102	4.46578	4.50867</FloatingPoint>
				<FloatingPoint size="20">	0.968899	0.660635	0.615677	0.998749	0.322075	0.984213	0.841324	0.93164	0.7385	0.367051	0.763226	0.719796	0.797691	0.879417	0.344679	0.206739	0.795807	0.294068	0.447738	0.955551</FloatingPoint>
			</Individual>
			<Individual size="2">
				<FitnessMax value="3.74777"/>
				<FloatingPoint size="50">	3.39317	1.1549	5.64583	4.41276	4.51645	3.5226	1.74737	4.46687	1.4987	1.79867	3.59598	2.44768	4.30993	1.65943	1.24346	3.53626	1.31273	4.34488	5.3541	5.31543	3.57299	0.660461	4.50838	5.50917	5.23992	3.70697	1.61426	4.4679	5.31772	5.30596	3.33303	1.56179	5.1658	4.35127	4.0645	3.71042	1.54138	4.30555	4.40804	3.42797	3.73112	1.56657	6.3493	3.39519	4.88118	3.87583	1.40556	4.45837	4.38199	4.51101</FloatingPoint>
				<FloatingPoint size="20">	0.976821	0.660619	0.552535	0.99875	0.26156	0.984113	0.841308	0.93164	0.738498	0.341811	0.763145	0.71974	0.797388	0.879664	0.300433	0.864637	0.636466	0.0752903	0.451773	0.955538</FloatingPoint>
			</Individual>
			<Individual size="2">
				<FitnessMax value="3.74604"/>
				<FloatingPoint size="50">	3.36521	1.15297	5.68921	4.37033	4.51339	3.49604	1.73261	4.44408	1.26325	1.79788	3.63369	2.47244	4.09077	1.44792	1.41282	3.53199	1.29784	4.34658	5.32584	5.31426	3.56866	0.662309	4.52701	5.50942	5.36844	3.64703	1.61521	4.57817	5.3037	5.30595	3.33465	1.56724	5.11509	4.46273	4.80202	3.71037	1.56403	4.32133	4.57336	3.43173	3.72882	1.52457	6.35306	3.37772	4.69888	3.5392	1.57637	4.45632	4.46668	4.51313</FloatingPoint>
				<FloatingPoint size="20">	0.968905	0.660663	0.445654	0.998749	0.479253	0.984059	0.841319	0.93164	0.738465	0.342834	0.763145	0.719791	0.802099	0.879802	0.371043	0.859011	0.63518	0.454661	0.546895	0.955544</FloatingPoint>
			</Individual>
			<Individual size="2">
				<FitnessMax value="3.74777"/>
				<FloatingPoint size="50">	3.36074	1.1549	5.62598	4.36279	4.51674	3.59695	1.7438	4.46896	1.38004	1.76424	3.64574	2.48183	4.44142	1.66975	1.40202	3.53637	1.77344	4.34675	5.35769	5.31381	3.56944	0.662189	4.52944	5.51268	5.24422	3.85799	1.61409	4.79435	5.31764	5.30594	3.33308	1.56475	5.16267	4.32703	4.06234	3.71036	1.54837	4.3098	4.41073	3.43664	3.73283	1.52774	6.35027	3.41576	4.68401	3.52372	1.34688	4.4597	4.46627	4.51194</FloatingPoint>
				<FloatingPoint size="20">	0.967362	0.660054	0.49052	0.998752	0.556166	0.984216	0.84121	0.931641	0.738388	0.368598	0.763145	0.719614	0.797219	0.880653	0.389281	0.959181	0.541542	0.249816	0.448863	0.955553</FloatingPoint>
			</Individual>
			<Individual size="2">
				<FitnessMax value="3.74777"/>
				<FloatingPoint size="50">	3.3894	1.15509	5.68524	4.37956	4.52303	3.61799	1.74427	4.54192	1.25523	1.79147	3.63816	2.47578	4.31334	1.67359	1.24155	3.5327	1.30434	4.34651	5.35776	5.31269	3.61882	0.658912	4.52575	5.51246	5.24649	3.6964	1.61513	4.49591	5.31955	5.30597	3.33315	1.56892	5.77619	4.32956	4.45089	3.71038	1.55168	4.31152	4.41617	3.45118	3.72966	1.55008	6.34942	3.50135	4.21683	3.53295	1.47257	4.46101	4.46629	4.50905</FloatingPoint>
				<FloatingPoint size="20">	0.969289	0.660684	0.832638	0.998751	0.57533	0.98418	0.841337	0.931637	0.73851	0.368372	0.763101	0.719769	0.797475	0.880551	0.326743	0.859887	0.797278	0.770636	0.45173	0.955545</FloatingPoint>
			</Individual>
			<Individual size="2">
				<FitnessMax value="3.70489"/>
				<FloatingPoint size="50">	3.36074	1.1549	5.62598	4.36279	4.51674	3.59695	1.7438	4.46896	1.38004	1.76424	3.64574	2.48183	4.44142	1.66975	1.40202	3.53637	1.77344	4.34675	5.35769	5.31381	3.56944	0.662189	4.52944	5.51268	5.24422	3.85799	1.61409	4.79435	5.31764	5.30594	3.33308	1.56475	5.16267	4.32703	4.06234	3.71036	1.54837	4.3098	4.41073	3.43664	3.73283	1.52774	6.35027	3.41576	4.68401	3.52372	1.34688	4.4597	4.46627	4.51194</FloatingPoint>
				<FloatingPoint size="20">	0.967657	0.660415	0.352535	0.854754	0.5555	0.984189	0.841232	0.931634	0.738449	0.368574	0.763129	0.719634	0.797297	0.880533	0.393518	0.887237	0.542613	0.266671	0.452186	0.955545</FloatingPoint>
			</Individual>
			<Individual size="2">
				<FitnessMax value="3.74777"/>
				<FloatingPoint size="50">	3.39393	1.15492	5.66196	4.384	4.54833	3.59314	1.74416	4.80986	1.34112	1.20413	3.65634	2.47595	4.21969	1.66905	1.54405	3.53543	1.6177	4.34846	5.35702	5.21353	3.62933	0.65933	4.53139	5.51096	5.24734	3.74539	1.61519	4.42558	5.32139	5.306	3.33327	1.56795	5.12006	4.45445	4.73829	3.71035	1.56307	4.31923	4.49793	3.43036	3.72714	1.55445	6.35324	3.40132	4.9126	3.53922	1.51539	4.46102	4.46578	4.50867</FloatingPoint>
				<FloatingPoint size="20">	0.968522	0.660661	0.506357	0.998749	0.637514	0.984212	0.841332	0.93164	0.738503	0.370282	0.763241	0.719889	0.797582	0.879239	0.455354	0.852511	0.616072	0.428897	0.447645	0.955531</FloatingPoint>
			</Individual>
			<Individual size="2">
				<FitnessMax value="3.53028"/>
				<FloatingPoint size="50">	3.38726	1.191	5.6891	4.39006	4.5012	3.59042	1.82507	4.49611	1.26914	1.7835	3.63308	2.47562	4.37118	1.58227	1.31035	3.54019	1.35579	4.34553	5.32004	5.31119	3.58322	0.659886	4.52222	5.51134	5.26391	3.33788	1.61461	4.50295	5.28718	5.30598	3.41941	1.56536	5.43851	4.37934	4.49857	3.71037	1.55255	4.31164	4.47915	3.43009	3.72187	1.52205	6.35157	3.46697	4.82971	3.53278	1.41553	4.45442	4.46393	4.51369</FloatingPoint>
				<FloatingPoint size="20">	0.968929	0.660674	0.784481	0.998751	0.680626	0.984233	0.841323	0.93164	0.738479	0.359204	0.763106	0.719753	0.797492	0.879627	0.325878	0.177135	0.602106	0.164589	0.451218	0.955537</FloatingPoint>
			</Individual>
			<Individual size="2">
				<FitnessMax value="3.74777"/>
				<FloatingPoint size="50">	3.37673	1.24244	5.69027	4.38513	4.52141	3.55714	1.59492	4.68522	1.41594	1.79035	3.6357	2.47646	4.32005	1.6093	1.24116	3.53414	1.32319	4.34611	5.3146	5.30944	3.60269	0.661412	4.51959	5.50437	5.24791	3.64528	1.61468	4.53555	5.31285	5.30599	3.3704	1.56415	5.75643	4.33868	4.44821	3.71038	1.55086	4.30875	4.44281	3.4304	3.72383	1.53141	6.35207	3.49806	4.52143	3.54093	1.3566	4.45904	4.46312	4.51213</FloatingPoint>
				<FloatingPoint size="20">	0.968336	0.660672	0.476903	0.99875	0.459645	0.984034	0.841307	0.93164	0.738469	0.34019	0.763127	0.719737	0.797543	0.879816	0.480777	0.888677	0.762188	0.259909	0.451097	0.955538</FloatingPoint>
			</Individual>
			<Individual size="2">
				<FitnessMax value="3.74777"/>
				<FloatingPoint size="50">	3.3894	1.15509	5.66954	4.3762	4.52974	3.61799	1.79222	4.54192	1.22376	1.76335	3.63816	2.47578	4.37243	1.55927	1.33185	3.53472	1.56637	4.34716	5.35844	5.31269	3.57956	0.658912	4.52575	5.51246	5.25129	3.6964	1.61347	4.49591	5.29968	5.30597	3.37044	1.56892	5.14357	4.37717	4.54988	3.71038	1.55232	4.31152	4.45752	3.45118	3.71559	1.52706	6.34942	3.4998	4.79649	3.53295	1.47257	4.45721	4.46629	4.51319</FloatingPoint>
				<FloatingPoint size="20">	0.969289	0.660684	0.832638	0.998751	0.57533	0.98418	0.841337	0.931637	0.73851	0.368372	0.763101	0.719769	0.797475	0.880551	0.326743	0.859887	0.597161	0.770636	0.45173	0.955545</FloatingPoint>
			</Individual>
			<Individual size="2">
				<FitnessMax value="3.39639"/>
				<FloatingPoint size="50">	3.37706	1.15493	5.67411	4.37434	4.5322	3.61132	1.81309	4.63943	1.20502	1.49109	3.64394	2.47485	4.32063	1.61451	1.31035	3.53457	1.4789	4.34722	5.3578	5.26426	3.59931	0.658714	4.52848	5.51215	5.26274	3.70279	1.61398	4.43193	5.30203	5.30597	3.39233	1.56916	5.15589	4.37029	4.54231	3.71038	1.55419	4.31267	4.44371	3.44254	3.71721	1.5294	6.34863	2.14598	4.82221	3.54432	1.47387	4.45722	4.46614	4.51304</FloatingPoint>
				<FloatingPoint size="20">	0.975598	0.660623	0.452522	0.409579	0.664103	0.928985	0.841256	0.93164	0.738468	0.339725	0.763127	0.719766	0.797865	0.879871	0.318922	0.865401	0.627625	0.470304	0.452253	0.955536</FloatingPoint>
			</Individual>
			<Individual size="2">
				<FitnessMax value="3.40897"/>
				<FloatingPoint size="50">	3.37971	1.15491	5.67166	4.38606	4.54889	3.5958	1.81606	4.69434	1.31913	1.73348	3.66168	2.47463	4.35232	1.67507	1.31527	3.53532	1.52018	4.34748	5.3576	5.25433	3.59987	0.658964	4.52886	5.51209	5.24375	3.7403	1.61335	4.44542	5.30018	5.30597	3.38413	1.56924	5.13168	4.32771	4.54177	3.71039	1.55347	4.3143	4.40259	3.44959	3.71393	1.53076	6.34542	3.50387	4.79436	3.56723	1.47434	4.45712	4.46651	4.51464</FloatingPoint>
				<FloatingPoint size="20">	0.969029	0.660739	0.564	0.998749	0.704905	0.983959	0.841257	0.93164	0.738469	0.340883	0.763127	0.719745	0.798283	0.464625	0.441611	0.852485	0.627638	0.542209	0.451922	0.955536</FloatingPoint>
			</Individual>
			<Individual size="2">
				<FitnessMax value="3.74777"/>
				<FloatingPoint size="50">	3.39639	1.15492	5.66169	4.38399	4.55061	3.59329	1.74415	4.8205	1.34621	1.79126	3.65698	2.47584	4.20849	1.66903	1.24009	3.53538	1.32025	4.34863	5.35701	5.18238	3.62836	0.659331	4.53122	5.51101	5.24734	3.74619	1.61301	4.35754	5.30763	5.30597	3.33041	1.56992	5.16953	4.33075	4.53226	3.71039	1.54964	4.31008	4.4166	3.45621	3.71436	1.53007	6.3501	3.5025	4.78939	3.56579	1.32052	4.45695	4.46654	4.51407</FloatingPoint>
				<FloatingPoint size="20">	0.969029	0.660739	0.630204	0.998749	0.704905	0.983959	0.841257	0.93164	0.738469	0.340883	0.763127	0.719745	0.798283	0.879831	0.441611	0.852485	0.627638	0.542209	0.451922	0.955536</FloatingPoint>
			</Individual>
			<Individual size="2">
				<FitnessMax value="3.5014"/>
				<FloatingPoint size="50">	3.39639	1.15492	5.66169	4.38399	4.55061	3.59329	1.74415	4.8205	1.34621	1.79126	3.65698	2.47584	4.20849	1.66903	1.24009	3.53538	1.32025	4.34863	5.35701	5.18238	3.62836	0.659331	4.53122	5.51101	5.24734	3.74619	1.61301	4.35754	5.30763	5.30597	3.33041	1.56992	5.16953	4.33075	4.53226	3.71039	1.54964	4.31008	0.333997	3.45621	3.71436	1.53007	6.3501	3.5025	4.78939	3.56579	1.32052	4.45695	4.46654	4.51407</FloatingPoint>
				<FloatingPoint size="20">	0.967856	0.660525	0.278834	0.998751	0.533432	0.984064	0.841232	0.931631	0.738536	0.368149	0.763125	0.719687	0.797304	0.880412	0.408777	0.885525	0.545925	0.301175	0.452191	0.955544</FloatingPoint>
			</Individual>
			<Individual size="2">
				<FitnessMax value="2.90559"/>
				<FloatingPoint size="50">	3.39725	1.20043	5.67459	4.38113	4.52887	3.87112	1.78902	4.59547	1.28834	1.76857	3.64629	2.47591	5.88775	1.64824	1.23891	3.53597	1.32774	4.3466	5.34159	5.40756	3.60832	0.66031	4.52909	5.51194	5.24859	3.6955	1.61368	4.49002	5.29969	5.30597	3.36629	1.56686	5.21239	4.36697	4.50564	3.71038	1.55078	4.30952	4.45127	3.43863	3.71713	1.53294	6.32905	3.4995	4.82408	3.54071	1.40786	4.45696	4.46624	4.49579</FloatingPoint>
				<FloatingPoint size="20">	0.970652	0.660657	0.629582	0.998751	0.690112	0.98402	0.579407	0.931638	0.738501	0.367844	0.763105	0.719718	0.797453	0.879782	0.473446	0.862837	0.573279	0.618138	0.448633	0.955545</FloatingPoint>
			</Individual>
			<Individual size="2">
				<FitnessMax value="3.74777"/>
				<FloatingPoint size="50">	3.36019	1.15495	5.68627	4.36467	4.51607	3.62949	1.88203	4.469	1.06892	1.77804	3.63155	2.47376	4.31317	1.68163	1.24308	3.5327	1.30119	4.34665	5.35933	5.31372	3.56873	0.663146	4.53444	5.50981	5.24166	3.65396	1.61519	4.42558	5.32139	5.306	3.33327	1.56795	5.12006	4.45445	4.73829	3.71035	1.56307	4.31923	4.49793	3.43036	3.72714	1.55445	6.35324	3.40132	4.9126	3.53922	1.51539	4.46102	4.46578	4.50867</FloatingPoint>
				<FloatingPoint size="20">	0.976821	0.660619	0.552535	0.99875	0.26156	0.984113	0.841308	0.93164	0.738498	0.341811	0.763145	0.71974	0.797388	0.879664	0.300433	0.864637	0.636466	0.409489	0.451773	0.955538</FloatingPoint>
			</Individual>
			<Individual size="2">
				<FitnessMax value="3.5027"/>
				<FloatingPoint size="50">	3.38308	1.20749	5.68595	4.37059	4.51763	3.60986	1.8088	4.53377	1.20698	1.79139	3.64076	2.4755	4.31326	1.6816	1.24285	3.5327	1.30319	4.34664	5.35845	5.314	3.58543	0.661672	4.53392	5.50377	5.24186	3.6583	1.61519	4.50016	5.32024	5.306	3.33316	1.5677	5.55569	4.42696	4.54961	3.71038	1.55697	4.31741	4.4842	3.43043	3.7276	1.55148	6.35249	3.47202	4.4363	3.53921	1.49933	4.46102	4.46586	4.50893</FloatingPoint>
				<FloatingPoint size="20">	0.96877	0.660703	0.542342	0.998749	0.67236	0.984082	0.84129	0.93164	0.738462	0.35379	0.763184	0.719819	0.797503	0.879565	0.417689	0.217559	0.619776	0.489085	0.449978	0.955533</FloatingPoint>
			</Individual>
			<Individual size="2">
				<FitnessMax value="-0.580223"/>
				<FloatingPoint size="50">	3.39317	1.18352	5.68525	4.39886	4.50536	3.5815	1.75074	4.52412	1.29675	1.78793	3.63451	2.48418	4.34525	1.43534	1.3582	3.53738	1.36852	4.34629	5.34237	5.31489	3.56838	0.658766	4.52317	5.51019	5.27417	3.66979	1.61431	4.57548	5.2486	5.30596	3.40962	1.56699	5.15085	4.351	4.37238	3.71037	1.54896	4.3115	4.45055	3.43094	3.70661	1.50915	6.35074	3.49271	4.70155	3.50113	1.38302	4.44775	4.46461	5.15081</FloatingPoint>
				<FloatingPoint size="20">	0.975598	0.660623	0.452539	0.409559	0.664102	0.928983	0.841256	0.93164	0.738468	0.339724	0.763127	0.719766	0.797864	0.879871	0.318908	0.865401	0.627624	0.835449	0.452253	0.955536</FloatingPoint>
			</Individual>
			<Individual size="2">
				<FitnessMax value="3.74777"/>
				<FloatingPoint size="50">	3.36019	1.15495	5.68627	4.36467	4.51607	3.62949	1.88203	4.469	1.06892	1.77804	3.63155	2.47376	4.42158	1.55997	1.38094	3.5337	1.3401	4.34597	5.35859	5.31499	3.56929	0.658097	4.52557	5.51334	5.27813	3.6602	1.61495	4.50324	5.29692	5.30598	3.45424	1.56841	5.14085	4.41015	4.55218	3.71036	1.55872	4.31531	4.47081	3.43012	3.72021	1.52784	6.35216	3.49706	4.85137	3.52293	1.47532	4.45749	4.46575	4.512</FloatingPoint>
				<FloatingPoint size="20">	0.968905	0.660706	0.659143	0.99875	0.583709	0.984093	0.841218	0.931639	0.738449	0.307567	0.763175	0.719768	0.797557	0.880239	0.348358	0.848691	0.623368	0.582328	0.451746	0.955536</FloatingPoint>
			</Individual>
			<Individual size="2">
				<FitnessMax value="3.74777"/>
				<FloatingPoint size="50">	3.40537	1.2658	5.68817	4.39861	4.50005	3.57815	1.8068	4.63603	1.36221	1.78573	3.64435	2.48099	4.31773	1.6315	1.24042	3.54075	1.34173	4.34537	5.3137	5.31051	3.58722	0.661538	4.5248	5.50954	5.24599	3.619	1.61444	4.54271	5.2942	5.30599	3.36277	1.56376	5.48132	4.3666	4.41395	3.71037	1.54794	4.30896	4.45452	3.43037	3.72615	1.52886	6.35134	3.41815	4.83788	3.54105	1.38564	4.45493	4.46377	4.51298</FloatingPoint>
				<FloatingPoint size="20">	0.970652	0.660591	0.539577	0.998752	0.495635	0.984233	0.841217	0.93164	0.738499	0.369162	0.763129	0.719716	0.797845	0.879627	0.253789	0.865533	0.634827	0.761708	0.455348	0.955545</FloatingPoint>
			</Individual>
			<Individual size="2">
				<FitnessMax value="3.74777"/>
				<FloatingPoint size="50">	3.36019	1.15495	5.68627	4.36467	4.51607	3.62949	1.88203	4.469	1.06892	1.77804	3.63155	2.47376	4.42158	1.55997	1.38094	3.5337	1.3401	4.34597	5.35859	5.31499	3.56929	0.658097	4.52557	5.51334	5.27813	3.6602	1.61495	4.50324	5.29692	5.30598	3.45424	1.56841	5.14085	4.41015	4.55218	3.71036	1.55872	4.31531	4.47081	3.43012	3.72021	1.52784	6.35216	3.49706	4.85137	3.52293	1.47532	4.45749	4.46575	4.512</FloatingPoint>
				<FloatingPoint size="20">	0.970652	0.660672	0.38011	0.998749	0.635631	0.983938	0.841165	0.931638	0.738463	0.333052	0.763084	0.71967	0.797522	0.880031	0.372944	0.897375	0.639604	0.75104	0.453174	0.955524</FloatingPoint>
			</Individual>
			<Individual size="2">
				<FitnessMax value="3.74777"/>
				<FloatingPoint size="50">	3.38053	1.15616	5.68798	4.41544	4.81949	3.61674	1.7681	4.52322	1.46934	1.78897	3.62898	2.4768	4.3208	1.41647	1.23975	3.54668	1.37148	4.3451	5.28149	5.3074	3.56898	0.661675	4.51888	5.50934	5.24969	3.65764	1.61397	4.48818	5.27743	5.30598	3.39989	1.56633	5.14294	4.3548	4.44495	3.71036	1.54638	4.31633	4.48749	3.43094	3.71345	1.51847	6.35141	3.45749	4.80805	3.54263	1.35574	4.44953	4.46211	4.51661</FloatingPoint>
				<FloatingPoint size="20">	0.968929	0.660691	0.230543	0.998752	0.680626	0.984052	0.841256	0.931634	0.738479	0.368296	0.763104	0.719753	0.812807	0.879316	0.749586	0.857198	0.671767	0.671979	0.451218	0.955539</FloatingPoint>
			</Individual>
			<Individual size="2">
				<FitnessMax value="3.74777"/>
				<FloatingPoint size="50">	3.39639	1.15492	5.66169	4.38399	4.55061	3.59329	1.74415	4.8205	1.34621	1.4352	3.65698	2.47584	4.20849	1.66903	1.24009	3.53538	1.32025	4.34863	5.35701	5.18238	3.62836	0.659331	4.53122	5.51101	5.24734	3.74619	1.61301	4.35754	5.30763	5.30597	3.33041	1.56992	5.16953	4.33075	4.53226	3.71039	1.54964	4.31008	4.4166	3.45621	3.71436	1.53007	6.3501	3.5025	4.78939	3.56579	1.32052	4.45695	4.46654	4.51407</FloatingPoint>
				<FloatingPoint size="20">	0.969029	0.660705	0.630204	0.998749	0.704905	0.983959	0.841257	0.93164	0.738469	0.340883	0.763127	0.719745	0.798283	0.879831	0.441611	0.852485	0.627638	0.542209	0.451922	0.955536</FloatingPoint>
			</Individual>
			<Individual size="2">
				<FitnessMax value="3.74777"/>
				<FloatingPoint size="50">	3.36019	1.15495	5.68627	4.36467	4.51607	3.62949	1.88203	4.469	1.06892	1.77804	3.63155	2.47376	4.31317	1.68163	1.24308	3.5327	1.30119	4.34665	5.35933	5.31372	3.56873	0.663146	4.53444	5.50981	5.24166	3.65396	1.61519	4.42558	5.32139	5.306	3.33327	1.56795	5.12006	4.45445	4.73829	3.71035	1.56307	4.31923	4.49793	3.43036	3.72714	1.55445	6.35324	3.40132	4.9126	3.53922	1.51539	4.46102	4.46578	4.50867</FloatingPoint>
				<FloatingPoint size="20">	0.969029	0.660739	0.196963	0.998749	0.704905	0.983959	0.841257	0.93164	0.738469	0.340883	0.763193	0.719745	0.798283	0.879831	0.441611	0.852485	0.627638	0.542209	0.451922	0.955536</FloatingPoint>
			</Individual>
			<Individual size="2">
				<FitnessMax value="3.74777"/>
				<FloatingPoint size="50">	3.37424	1.15406	5.68593	4.3674	4.85114	3.62396	1.88316	4.46843	1.81465	1.77842	3.63068	2.47389	4.37158	1.69539	1.39589	3.53268	1.322	4.34676	5.35947	5.3102	3.57305	0.660669	4.99895	5.51019	5.25984	3.65508	1.61394	4.44916	5.32292	5.30554	3.38145	1.56864	5.11955	4.37862	4.74048	3.71034	1.56151	4.31714	4.50247	3.43073	3.7266	1.55451	6.35328	3.42703	4.87406	3.53621	1.52393	4.45756	4.46583	4.50983</FloatingPoint>
				<FloatingPoint size="20">	0.968339	0.66063	0.445214	0.998749	0.877989	0.984054	0.841336	0.931641	0.738466	0.369347	0.763149	0.719762	0.802644	0.880154	0.429178	0.862085	0.565175	0.401002	0.452301	0.955553</FloatingPoint>
			</Individual>
			<Individual size="2">
				<FitnessMax value="3.74777"/>
				<FloatingPoint size="50">	3.3453	1.15494	5.67404	4.37687	4.52918	3.62284	1.86275	4.48404	1.33333	1.51283	3.64191	2.47343	4.3443	1.64233	1.29099	3.53417	1.45703	4.34699	5.35876	5.28912	3.58468	0.660151	4.64858	5.51089	5.2519	3.67925	1.59067	4.44037	5.31437	5.3057	3.35885	1.56908	5.14811	4.37314	4.4657	3.71036	1.56201	4.31474	4.47977	3.44199	3.7213	1.54508	6.35034	3.47071	4.84047	3.55472	1.48598	4.45804	4.46618	4.51164</FloatingPoint>
				<FloatingPoint size="20">	0.969029	0.660739	0.564	0.998749	0.704905	0.983959	0.841257	0.93164	0.738469	0.340883	0.763127	0.719745	0.798283	0.879831	0.441611	0.852485	0.627638	0.542209	0.451922	0.955536</FloatingPoint>
			</Individual>
			<Individual size="2">
				<FitnessMax value="3.74777"/>
				<FloatingPoint size="50">	3.41408	1.54322	5.67094	4.96485	4.51914	3.59478	1.74317	4.82792	1.3141	1.78446	3.66925	2.48713	4.3252	1.66642	1.24018	3.53254	1.30122	4.34573	5.35678	5.31595	3.57413	0.660842	4.53199	5.50983	5.23619	3.89216	1.6142	4.74839	5.31647	5.30595	3.33265	1.56106	5.16659	4.32718	4.23697	3.71035	1.54901	4.30922	4.40376	3.431	3.73131	1.51972	6.34992	3.37668	4.64859	3.52752	1.33941	4.4587	4.46603	4.50995</FloatingPoint>
				<FloatingPoint size="20">	0.968295	0.660671	0.460915	0.998751	0.692135	0.98409	0.841237	0.931637	0.738481	0.339548	0.763112	0.719708	0.805153	0.879428	0.50708	0.84504	0.647538	0.237333	0.453644	0.955534</FloatingPoint>
			</Individual>
			<Individual size="2">
				<FitnessMax value="3.67508"/>
				<FloatingPoint size="50">	3.38476	1.21036	5.6767	4.39136	4.51038	3.58469	1.77551	4.65855	1.32085	1.78788	3.64642	2.4791	4.33646	1.65043	1.2381	3.53841	1.32369	4.3459	5.33537	5.45059	3.61416	0.66043	4.52911	5.50993	5.24666	3.67731	1.61379	4.47041	5.2977	5.30597	3.34668	1.56677	5.33452	4.34657	4.47436	3.71038	1.54887	4.30917	4.43565	3.43515	3.71927	1.53533	6.31794	3.51645	3.87527	3.5529	1.35279	4.45598	4.46511	4.45065</FloatingPoint>
				<FloatingPoint size="20">	0.970577	0.660671	0.986619	0.99875	0.746915	0.984018	0.841321	0.931641	0.738464	0.369686	0.763115	0.719711	0.797522	0.880018	0.502381	0.896654	0.851784	0.2477	0.450993	0.955547</FloatingPoint>
			</Individual>
			<Individual size="2">
				<FitnessMax value="3.74777"/>
				<FloatingPoint size="50">	3.36019	1.15492	5.67053	4.40883	4.48988	3.52019	1.75013	4.47529	1.41669	1.79405	3.6278	2.44849	4.48844	1.38202	1.64813	3.53704	1.35566	4.34526	5.35655	5.24846	3.57245	0.658783	4.51694	5.50909	5.25575	3.66027	1.4373	4.48254	5.26625	5.30493	3.34247	1.56645	5.17295	4.38568	4.06616	3.71038	1.54662	4.31357	4.41677	3.44704	3.72014	1.5472	6.34906	3.23026	4.82381	3.50617	1.39702	4.45369	4.46283	4.52104</FloatingPoint>
				<FloatingPoint size="20">	0.967325	0.660039	0.488744	0.998752	0.553283	0.984209	0.841209	0.931641	0.738387	0.36858	0.763144	0.71961	0.797168	0.880665	0.383118	0.957313	0.541097	0.246848	0.448668	0.955553</FloatingPoint>
			</Individual>
			<Individual size="2">
				<FitnessMax value="3.31178"/>
				<FloatingPoint size="50">	3.3829	1.20615	5.67743	4.38933	4.51081	3.58809	1.7836	4.64416	2.59566	1.78713	3.64529	2.4787	4.34292	1.64356	1.24895	3.53805	1.32494	4.34591	5.33713	5.4403	3.61075	0.660253	4.52884	5.51019	5.24905	3.67601	1.61388	4.4729	5.29764	5.30597	3.35484	1.56689	5.31982	4.3514	4.48027	3.71038	1.54962	4.30964	4.43832	3.43477	3.71934	1.53476	6.32054	3.70979	3.94936	3.55063	1.36209	4.45609	4.46516	4.45531</FloatingPoint>
				<FloatingPoint size="20">	0.970584	0.66065	0.805136	0.99875	0.709487	0.984116	0.841199	0.931641	0.738453	0.335346	0.717628	0.719711	0.799212	0.880049	0.69642	0.941887	0.582796	0.549165	0.457379	0.955568</FloatingPoint>
			</Individual>
			<Individual size="2">
				<FitnessMax value="2.20655"/>
				<FloatingPoint size="50">	3.36019	1.15492	5.67053	4.40883	4.48988	3.52019	1.75013	4.47529	1.41669	1.79405	3.6278	2.44849	4.48844	1.38202	1.64813	3.53704	1.35566	4.34526	5.35655	5.24846	3.57245	0.658783	4.51694	5.50909	5.25575	3.66027	1.4373	4.48254	5.26625	5.30493	3.34247	1.56645	5.17295	4.38568	4.06616	3.71038	1.54662	4.31357	4.41677	3.44704	3.72014	1.5472	6.34906	3.23026	4.82381	3.50617	1.39702	4.45369	4.46283	4.52104</FloatingPoint>
				<FloatingPoint size="20">	0.969249	0.660841	0.58259	0.99875	0.705573	0.984617	0.841233	0.931641	0.738471	0.369522	0.472831	0.719827	0.799826	0.88005	0.708653	0.862401	0.56458	0.403619	0.458965	0.955545</FloatingPoint>
			</Individual>
			<Individual size="2">
				<FitnessMax value="3.74777"/>
				<FloatingPoint size="50">	3.36019	1.15495	5.68627	4.36467	4.51607	3.62949	1.88203	4.469	1.06892	1.77804	3.63155	2.47376	4.42158	1.55997	1.38094	3.5337	1.3401	4.34597	5.35859	5.31499	3.56929	0.658097	4.52557	5.51334	5.27813	3.6602	1.61495	4.50324	5.29692	5.30598	3.45424	1.56841	5.14085	4.41015	4.55218	3.71036	1.55872	4.31531	4.47081	3.43012	3.72021	1.52784	6.35216	3.49706	4.85137	3.52293	1.47532	4.45749	4.46575	4.512</FloatingPoint>
				<FloatingPoint size="20">	0.969257	0.660736	0.630737	0.99875	0.585781	0.983969	0.841238	0.93164	0.738461	0.32467	0.763161	0.719757	0.797541	0.87991	0.363173	0.848594	0.623447	0.550872	0.451997	0.955535</FloatingPoint>
			</Individual>
			<Individual size="2">
				<FitnessMax value="3.55401"/>
				<FloatingPoint size="50">	3.38476	1.21036	5.6767	4.39136	4.51038	3.58469	1.77551	4.65855	1.32085	1.78788	3.64642	2.4791	1.88819	1.65043	1.2381	3.53841	1.32369	4.3459	5.33537	5.45059	3.61416	0.66043	4.52911	5.50993	5.24666	3.67731	1.61379	4.47041	5.2977	5.30597	3.34668	1.56677	5.33452	4.34657	4.47436	3.71038	1.54887	4.30917	4.43565	3.43515	3.71927	1.53533	6.31794	3.51645	4.83752	3.5529	1.35279	4.45598	4.46511	4.45065</FloatingPoint>
				<FloatingPoint size="20">	0.970577	0.660671	0.630737	0.99875	0.787176	0.983969	0.841321	0.931641	0.738461	0.369686	0.763161	0.719757	0.797541	0.87991	0.363173	0.896654	0.623447	0.2477	0.451809	0.955547</FloatingPoint>
			</Individual>
			<Individual size="2">
				<FitnessMax value="3.74777"/>
				<FloatingPoint size="50">	3.39637	1.37531	5.64753	4.69098	4.51811	3.59564	1.74836	4.76732	1.40318	1.7983	3.6301	2.47241	4.30891	1.66304	1.24205	3.53355	1.31187	4.34507	5.35491	5.27238	3.57307	0.661876	4.5284	5.50927	5.23992	3.70693	1.61423	4.45674	5.3186	5.30597	3.33264	1.56327	5.16579	4.35414	4.39072	3.7104	1.54976	4.30595	4.36708	3.43059	3.72134	1.538	6.34944	3.45448	4.79148	3.71726	1.47085	4.45878	4.44282	4.51109</FloatingPoint>
				<FloatingPoint size="20">	0.967856	0.660525	0.278834	0.998751	0.533432	0.984064	0.841232	0.931631	0.738536	0.368149	0.763125	0.719687	0.797304	0.880412	0.792988	0.885525	0.545925	0.301175	0.452191	0.955544</FloatingPoint>
			</Individual>
			<Individual size="2">
				<FitnessMax value="3.07642"/>
				<FloatingPoint size="50">	3.37387	1.15493	5.68187	4.39798	4.51839	3.58402	1.75128	4.52455	1.16103	1.21196	3.63155	2.47376	4.42158	1.55997	1.38094	3.5337	1.3401	4.34597	5.35859	5.31499	3.56929	0.658097	4.52557	5.51334	5.27813	3.6602	1.61495	6.44076	5.29692	5.30598	3.45424	1.56841	5.14085	4.41015	4.55218	3.71036	1.55872	4.31531	4.47081	3.43012	3.72021	1.52784	6.35216	3.49706	4.85137	3.52293	1.47532	4.45749	4.46575	4.512</FloatingPoint>
				<FloatingPoint size="20">	0.967362	0.660054	0.577831	0.998752	0.556166	0.984107	0.841251	0.93164	0.738444	0.351239	0.76314	0.719692	0.797331	0.88013	0.39387	0.89777	0.594396	0.387023	0.450763	0.955543</FloatingPoint>
			</Individual>
			<Individual size="2">
				<FitnessMax value="3.74777"/>
				<FloatingPoint size="50">	3.36074	1.26889	5.6775	4.3799	4.51832	3.60331	1.82408	4.59483	1.53183	1.783	3.66777	2.48532	4.32459	1.68053	1.24307	3.53265	1.30122	4.34658	5.35732	5.31383	3.57111	0.660849	4.57668	5.50983	5.23876	3.80027	1.61504	4.51213	5.31783	5.30598	3.33289	1.56274	5.15836	4.43069	4.07279	3.71035	1.54984	4.31566	4.48907	3.43066	3.72888	1.54982	6.351	3.38569	4.85835	3.53131	1.34553	4.46026	4.46584	4.50898</FloatingPoint>
				<FloatingPoint size="20">	0.968929	0.660748	0.577883	0.99875	0.441545	0.983999	0.841226	0.93164	0.738424	0.343063	0.763145	0.719755	0.79856	0.879983	0.322866	0.857704	0.649987	0.579981	0.451648	0.955538</FloatingPoint>
			</Individual>
			<Individual size="2">
				<FitnessMax value="2.63976"/>
				<FloatingPoint size="50">	3.35515	1.2808	5.67818	4.37954	6.75352	3.60425	1.83253	4.61903	1.55449	1.78284	3.66763	2.48514	4.32465	1.67905	1.24337	3.53266	1.30121	4.34667	5.35737	5.31361	3.57073	0.661372	4.58224	5.50966	5.23702	3.81	1.61512	4.51837	5.31836	5.30598	3.36305	1.56279	5.15716	4.43931	4.01051	3.71035	1.54964	4.31614	4.49565	3.42983	3.73045	1.48662	6.35107	3.37016	4.86825	3.53274	1.34574	4.46103	4.46578	4.50854</FloatingPoint>
				<FloatingPoint size="20">	0.968634	0.66071	0.70033	0.998751	0.451487	0.381099	0.841259	0.931639	0.738444	0.349126	0.763131	0.719762	0.798208	0.880147	0.33006	0.858972	0.732973	0.769249	0.451705	0.955544</FloatingPoint>
			</Individual>
			<Individual size="2">
				<FitnessMax value="3.74777"/>
				<FloatingPoint size="50">	3.37706	1.15493	5.67411	4.37434	4.5322	3.61132	1.81309	4.63943	1.20502	1.49109	3.64394	2.47485	4.32063	1.61451	1.31035	3.53457	1.4789	4.34722	5.3578	5.26426	3.59931	0.658714	4.52848	5.51215	5.26274	3.70279	1.61398	4.43193	5.30203	5.30597	3.39233	1.56916	5.15589	4.37029	4.54231	3.71038	1.55419	4.31267	4.44371	3.44254	3.71721	1.5294	6.34863	3.50406	4.82221	3.54432	1.47387	4.45722	4.46614	4.51304</FloatingPoint>
				<FloatingPoint size="20">	0.969029	0.660739	0.564	0.998749	0.704905	0.983959	0.841257	0.93164	0.738469	0.340883	0.763127	0.719745	0.798283	0.879831	0.441611	0.852485	0.627638	0.542209	0.451922	0.955536</FloatingPoint>
			</Individual>
			<Individual size="2">
				<FitnessMax value="3.74777"/>
				<FloatingPoint size="50">	3.39393	1.15492	5.66196	4.384	4.54833	3.59314	1.74416	4.80986	1.34112	1.20413	3.65634	2.47595	4.21969	1.66905	1.23976	3.53543	1.6177	4.34846	5.35702	5.21353	3.62933	0.65933	4.53139	5.51096	5.24734	3.74539	1.61302	4.36063	5.30714	5.30597	3.33042	1.56991	5.17092	4.33043	4.53245	3.71039	1.54965	4.31003	4.41661	3.45496	3.71421	1.53096	6.3451	3.51107	4.79304	3.56571	1.47243	4.45695	4.46653	4.51408</FloatingPoint>
				<FloatingPoint size="20">	0.969029	0.660739	0.564	0.998749	0.704905	0.983959	0.841257	0.93164	0.738469	0.340883	0.763127	0.719745	0.798283	0.879831	0.441611	0.852485	0.627638	0.542209	0.451922	0.955536</FloatingPoint>
			</Individual>
			<Individual size="2">
				<FitnessMax value="3.74777"/>
				<FloatingPoint size="50">	3.37486	1.15495	5.68596	4.36844	4.8407	3.62352	1.88115	4.46948	1.82684	1.77814	3.6306	2.47385	4.37157	1.68553	1.39422	3.53278	1.32332	4.34671	5.35941	5.31025	3.56927	0.660619	4.98614	5.51023	5.25994	3.65563	1.61361	4.44721	5.32061	5.30555	3.38252	1.56854	5.12039	4.37811	4.72814	3.71034	1.5612	4.31698	4.50164	3.43089	3.72645	1.55409	6.35324	3.42942	4.86929	3.53649	1.52145	4.45782	4.46572	4.51004</FloatingPoint>
				<FloatingPoint size="20">	0.968339	0.66063	0.445214	0.998749	0.72282	0.984054	0.841336	0.931641	0.738466	0.369347	0.763149	0.719762	0.802644	0.880154	0.429178	0.862085	0.565175	0.401002	0.452301	0.955553</FloatingPoint>
			</Individual>
			<Individual size="2">
				<FitnessMax value="3.74777"/>
				<FloatingPoint size="50">	3.37673	1.24244	5.69027	4.38513	4.52141	3.55714	1.59492	4.68522	1.41594	1.79035	3.6357	2.47646	4.32005	1.6093	1.24116	3.53414	1.32319	4.34611	5.3146	5.30944	3.60269	0.661412	4.51959	5.50437	5.24791	3.64528	1.61468	4.53555	5.31285	5.30599	3.3704	1.56415	5.75643	4.33868	4.44821	3.71038	1.55086	4.30875	4.44281	3.43012	3.72021	1.52784	6.35216	3.49706	4.85137	3.52293	1.47532	4.45749	4.46575	4.512</FloatingPoint>
				<FloatingPoint size="20">	0.970093	0.660598	0.869529	0.99875	0.840569	0.990648	0.841391	0.93164	0.738464	0.31585	0.763229	0.719696	0.797539	0.879944	0.434358	0.802414	0.912055	0.522832	0.452029	0.955581</FloatingPoint>
			</Individual>
			<Individual size="2">
				<FitnessMax value="3.74777"/>
				<FloatingPoint size="50">	3.38862	1.15493	5.66907	4.37511	4.53158	3.9076	1.79388	4.5422	1.2222	1.76272	3.6384	2.47538	4.37248	1.5667	1.33098	3.53467	1.571	4.34708	5.35849	5.31263	3.57984	0.658933	4.52613	5.51245	5.25066	3.6973	1.61345	4.49383	5.30174	5.30598	3.36778	1.569	5.14301	4.3778	4.55093	3.71038	1.55241	4.3116	4.45821	3.45166	3.71583	1.52797	6.34939	3.49744	4.7992	3.5338	1.47414	4.45745	4.4663	4.51309</FloatingPoint>
				<FloatingPoint size="20">	0.970652	0.660657	0.629582	0.998751	0.690112	0.98402	0.841335	0.931638	0.738501	0.367844	0.763105	0.719718	0.797453	0.879782	0.473446	0.862837	0.573279	0.618138	0.448633	0.955545</FloatingPoint>
			</Individual>
			<Individual size="2">
				<FitnessMax value="3.05192"/>
				<FloatingPoint size="50">	3.36136	1.15494	5.68006	4.3704	4.51743	3.61821	1.8414	4.53152	1.131	1.78158	3.63655	2.47478	4.32556	1.67801	1.24093	3.53369	1.3025	4.34659	5.35865	5.39537	3.59006	0.662019	4.53414	5.50996	5.24333	3.67804	1.61459	4.41749	5.31544	5.30599	3.33248	1.56849	5.14001	4.41674	4.67829	3.71036	1.55916	4.31633	4.47401	3.43318	3.72279	2.0063	6.33299	3.46424	4.89036	3.54675	1.45777	4.45984	2.78687	4.47319</FloatingPoint>
				<FloatingPoint size="20">	0.970577	0.660671	0.459	0.99875	0.746915	0.984018	0.841321	0.931641	0.738464	0.369686	0.763115	0.719711	0.797522	0.880018	0.502381	0.896654	0.851784	0.2477	0.450993	0.955547</FloatingPoint>
			</Individual>
			<Individual size="2">
				<FitnessMax value="3.74777"/>
				<FloatingPoint size="50">	3.38692	1.25022	5.66889	4.40374	4.49792	3.59951	1.74953	4.4938	1.30881	1.79192	3.6231	2.45812	4.31283	1.6766	1.24139	3.53532	1.33823	4.35253	5.35526	5.31035	3.00698	0.660648	4.51925	5.50947	5.25178	3.65751	1.61465	4.44279	5.66709	5.30597	3.33824	1.56233	5.13343	4.36322	4.32196	3.7104	1.55048	4.30825	4.41716	3.42974	3.72145	1.5103	6.35102	3.41145	4.75344	3.57464	1.41454	4.44567	4.44132	4.51193</FloatingPoint>
				<FloatingPoint size="20">	0.967195	0.664131	0.408132	0.99875	0.690584	0.983988	0.841257	0.931638	0.738566	0.368017	0.763114	0.719691	0.797642	0.879766	0.497984	0.865666	0.599153	0.603503	0.448796	0.95555</FloatingPoint>
			</Individual>
			<Individual size="2">
				<FitnessMax value="2.83244"/>
				<FloatingPoint size="50">	3.36344	0.913043	5.68627	4.36467	4.51607	3.62949	1.87362	4.47222	1.35025	1.77804	3.63155	2.47474	4.31317	1.65877	1.24968	3.5327	1.30495	4.34665	5.35916	5.31372	3.56873	0.663146	4.68488	5.50981	5.24357	3.65422	1.61515	4.43144	5.30946	5.306	3.35641	1.56868	5.12253	4.4009	4.38814	3.71036	1.56232	4.31865	4.46416	3.43379	3.70881	1.91861	6.33367	3.43234	4.85647	3.54773	1.46967	4.45684	4.46585	4.51182</FloatingPoint>
				<FloatingPoint size="20">	0.968905	0.660706	0.659143	0.99875	0.583709	0.984093	0.841218	0.931639	0.738449	0.307567	0.763175	0.719768	0.797557	0.880239	0.219226	0.848691	0.623368	0.582328	0.451746	0.955536</FloatingPoint>
			</Individual>
			<Individual size="2">
				<FitnessMax value="3.74777"/>
				<FloatingPoint size="50">	3.39317	1.1549	5.64583	4.41276	4.51645	3.5226	1.74737	4.46687	1.4987	1.79867	3.59598	2.44768	4.30852	1.65943	1.24346	3.53626	1.31273	4.34488	5.3541	5.31543	3.57299	0.660461	4.50838	5.50917	5.23992	3.70697	1.61426	4.4679	5.31772	5.30596	3.33303	1.56179	5.1658	4.35127	4.0645	3.71042	1.54138	4.30555	4.40804	3.42797	3.73112	1.56657	6.3493	3.39519	4.88118	3.87583	1.40556	4.45837	4.38199	4.51101</FloatingPoint>
				<FloatingPoint size="20">	0.976606	0.660642	0.534015	0.998755	0.754288	0.983996	0.84133	0.93164	0.7385	0.367675	0.763107	0.71966	0.797448	0.87923	0.550128	0.865425	0.617241	0.606375	0.447246	0.955545</FloatingPoint>
			</Individual>
			<Individual size="2">
				<FitnessMax value="3.34518"/>
				<FloatingPoint size="50">	3.39637	1.28472	5.68524	4.37956	4.52303	3.56722	1.74427	4.70108	1.25523	1.79147	3.64951	2.4763	4.31334	1.67359	1.24155	3.5327	1.30434	4.34651	5.35776	5.31434	3.61882	0.660467	4.53329	5.49049	5.24649	3.71921	1.61513	4.5948	5.31955	5.306	3.33315	1.56698	5.77619	4.32956	4.45089	3.71038	1.55168	4.30952	4.41617	3.43062	3.72966	1.55008	6.35246	3.50135	4.21683	3.53908	1.37225	4.46101	4.46636	4.50905</FloatingPoint>
				<FloatingPoint size="20">	0.968339	0.660739	0.581091	0.0756308	0.587505	0.983963	0.841255	0.93164	0.738462	0.343867	0.76316	0.719756	0.797941	0.879859	0.408789	0.848894	0.585724	0.550662	0.451922	0.955536</FloatingPoint>
			</Individual>
			<Individual size="2">
				<FitnessMax value="3.74777"/>
				<FloatingPoint size="50">	3.37673	1.24244	5.69027	4.38513	4.52141	3.55714	1.59492	4.68522	1.41594	1.79035	3.6357	2.47646	4.32005	1.6093	1.24116	3.53414	1.32319	4.34611	5.3146	5.30944	3.60269	0.661412	4.51959	5.50437	5.24791	3.64528	1.61468	4.53555	5.31285	5.30599	3.3704	1.56415	5.75643	4.33868	4.44821	3.71038	1.55086	4.30875	4.44281	3.4304	3.72383	1.53141	6.35207	3.49806	4.52143	3.54093	1.3566	4.45904	4.46312	4.51213</FloatingPoint>
				<FloatingPoint size="20">	0.969289	0.660728	0.557383	0.99875	0.389482	0.984109	0.841293	0.93164	0.738492	0.344126	0.763139	0.719743	0.797551	0.879674	0.428935	0.861294	0.479145	0.513898	0.451773	0.955537</FloatingPoint>
			</Individual>
			<Individual size="2">
				<FitnessMax value="3.74777"/>
				<FloatingPoint size="50">	3.36019	1.15492	5.67053	4.40883	4.48988	3.52019	1.75013	4.47529	1.41669	1.79405	3.6278	2.44849	4.48844	1.38202	1.64813	3.53704	1.35566	4.34526	5.35655	5.24846	3.57245	0.658783	4.51694	5.50909	5.25575	3.66027	1.4373	4.48254	5.26625	5.30493	3.34247	1.56645	5.17295	4.38568	4.06616	3.71038	1.54662	4.31357	4.41677	3.44704	3.72014	1.5472	6.34906	3.23026	4.82381	3.50617	1.39702	4.45369	4.08402	4.52104</FloatingPoint>
				<FloatingPoint size="20">	0.968339	0.660694	0.35986	0.998749	0.727734	0.983939	0.841178	0.931639	0.738434	0.364209	0.763099	0.719722	0.797498	0.880033	0.403576	0.994019	0.634023	0.679586	0.452689	0.955529</FloatingPoint>
			</Individual>
			<Individual size="2">
				<FitnessMax value="2.53809"/>
				<FloatingPoint size="50">	3.36675	3.55868	5.68679	4.38297	4.76349	3.62145	1.79479	4.50078	1.33802	1.78701	3.63031	2.47658	4.31883	1.55409	1.24091	3.54471	1.34199	4.34552	5.29513	5.31007	3.56877	0.661976	4.52938	5.50958	5.24487	3.65491	1.61508	4.42881	5.29954	5.30599	3.39504	1.56662	5.12401	4.43102	4.68548	3.71036	1.54862	4.31649	4.49194	3.43067	3.71665	1.55241	6.35238	3.4299	4.85639	3.53963	1.45664	4.45967	4.46268	4.5102</FloatingPoint>
				<FloatingPoint size="20">	0.968929	0.660691	0.230543	0.998752	0.680626	0.984052	0.841256	0.931634	0.738479	0.368296	0.763104	0.719753	0.812807	0.879316	0.749586	0.857198	0.671767	0.671979	0.451218	0.955539</FloatingPoint>
			</Individual>
			<Individual size="2">
				<FitnessMax value="3.58112"/>
				<FloatingPoint size="50">	3.36019	1.15495	5.68627	4.36467	4.51607	3.62949	1.88203	4.469	1.06892	1.77804	3.63155	2.47376	4.42158	1.55997	1.38094	3.5337	1.3401	4.34597	5.35859	5.31499	3.56929	0.658097	4.52557	5.51334	5.27813	3.6602	1.61495	4.50324	5.29692	5.30598	3.45424	1.56841	5.14085	4.41015	4.55218	3.71036	1.55872	4.31531	4.47081	3.43012	3.72021	1.52784	6.35216	3.49706	4.85137	3.52293	1.47532	4.45749	4.46575	4.512</FloatingPoint>
				<FloatingPoint size="20">	0.968339	0.815702	0.612184	0.998749	0.81445	0.983994	0.841385	0.931641	0.738464	0.332016	0.76319	0.719729	0.799579	0.879968	0.431738	0.825485	0.753383	0.498205	0.45215	0.955556</FloatingPoint>
			</Individual>
			<Individual size="2">
				<FitnessMax value="3.22333"/>
				<FloatingPoint size="50">	3.36521	1.15297	5.68921	4.37033	4.51339	3.49604	1.73261	4.44408	1.26325	1.79788	3.63369	2.47244	4.33595	1.44792	1.41282	3.53199	1.29784	4.34658	5.32584	5.31426	3.56866	0.662309	4.52701	5.50942	5.36844	3.64703	1.61521	4.57817	5.3037	5.30595	3.33465	1.56724	5.11509	4.46273	4.80202	3.71037	1.56403	4.32133	4.57336	3.43173	3.72882	1.52457	6.35306	3.37772	4.69888	3.5392	1.57637	4.45632	4.46668	4.51313</FloatingPoint>
				<FloatingPoint size="20">	0.96877	0.660703	0.542342	0.998749	0.67236	0.984082	0.84129	0.93164	0.738462	0.35379	0.763184	0.719819	0.797503	0.879565	0.417689	0.850369	0.619776	0.489085	0.885769	0.955533</FloatingPoint>
			</Individual>
			<Individual size="2">
				<FitnessMax value="3.74777"/>
				<FloatingPoint size="50">	3.36019	1.15495	5.68627	4.36467	4.51607	3.62949	1.88203	4.469	1.06892	1.77804	3.63155	2.47376	4.42158	1.55997	1.38094	3.5337	1.3401	4.34597	5.35859	5.31499	3.56929	0.658097	4.52557	5.51334	5.27813	3.6602	1.61495	4.50324	5.29692	5.30598	3.45424	1.56841	5.14085	4.41015	4.55218	3.71036	1.55872	4.31531	4.47081	3.43012	3.72021	1.52784	6.35216	3.49706	4.85137	3.52293	1.47532	4.45749	4.46575	4.512</FloatingPoint>
				<FloatingPoint size="20">	0.970093	0.660598	0.869529	0.99875	0.840569	0.983966	0.841391	0.93164	0.738464	0.31585	0.763229	0.719696	0.797539	0.879944	0.434358	0.802414	0.912055	0.522832	0.452029	0.955581</FloatingPoint>
			</Individual>
			<Individual size="2">
				<FitnessMax value="3.74777"/>
				<FloatingPoint size="50">	3.39317	1.18352	5.68525	4.39886	4.50536	3.5815	1.75074	4.52412	1.29675	1.78793	3.63451	2.48418	4.34525	1.43534	1.3582	3.53738	1.36852	4.34629	5.34237	5.31489	3.56838	0.658766	4.52317	5.51019	5.27417	3.66979	1.61431	4.57548	5.2486	5.30596	3.40962	1.56699	5.15085	4.351	4.37238	3.71037	1.54896	4.3115	4.45055	3.43094	3.70661	1.50915	6.35074	3.49271	4.70155	3.50113	1.38302	4.44775	4.46461	4.51394</FloatingPoint>
				<FloatingPoint size="20">	0.968929	0.660691	0.489236	0.998752	0.680626	0.984052	0.841256	0.931634	0.738479	0.368296	0.763104	0.719753	0.812807	0.879316	0.749586	0.857198	0.671767	0.671979	0.451218	0.955539</FloatingPoint>
			</Individual>
			<Individual size="2">
				<FitnessMax value="3.74777"/>
				<FloatingPoint size="50">	3.38692	1.25022	5.66889	4.40374	4.49792	3.59951	1.74953	4.4938	1.30881	1.79192	3.6231	2.45812	4.31283	1.6766	1.24139	3.53532	1.33823	4.35253	5.35526	5.31035	3.00698	0.660648	4.51925	5.50947	5.25178	3.65751	1.61465	4.44279	5.66709	5.30597	3.33824	1.56233	5.13343	4.36322	4.32196	3.7104	1.55048	4.30825	4.41716	3.42974	3.72145	1.5103	6.35102	3.41145	4.75344	3.57464	1.41454	4.44567	4.44132	4.51193</FloatingPoint>
				<FloatingPoint size="20">	0.967745	0.662401	0.462283	0.998751	0.691359	0.984039	0.841247	0.931638	0.738523	0.353783	0.763113	0.7197	0.801397	0.879597	0.502532	0.855353	0.623345	0.420418	0.45122	0.955542</FloatingPoint>
			</Individual>
			<Individual size="2">
				<FitnessMax value="2.55845"/>
				<FloatingPoint size="50">	3.36019	1.15495	5.68627	4.36467	4.51607	3.62949	1.88203	4.469	1.85517	1.77804	3.63155	2.47376	4.31317	1.68163	1.24308	3.5327	1.30119	4.34665	5.35933	5.31372	3.56873	0.663146	4.95486	5.50981	5.24166	3.65396	1.61519	4.42558	5.32139	5.306	3.33327	1.56795	5.12006	4.45445	4.11743	3.71035	1.56294	4.31913	4.49221	3.43092	3.72603	1.5528	6.34913	3.40308	4.91055	3.53885	1.51442	4.4609	4.46283	4.52104</FloatingPoint>
				<FloatingPoint size="20">	0.970584	0.66049	0.53783	0.998752	0.215713	0.984225	0.605096	0.93164	0.738512	0.370244	0.763117	0.719691	0.797709	0.879595	0.228747	0.866247	0.69411	0.696892	0.455432	0.955545</FloatingPoint>
			</Individual>
		</Deme>
	</Population>
</ECF>
