<?xml version="1.0" encoding="ISO-8859-1"?>
<ECF milestone="Mon Jun 18 16:56:11 2018
">
	<Registry>
		<Entry key="1FloatingPoint.dimension">20</Entry>
		<Entry key="1FloatingPoint.lbound">0</Entry>
		<Entry key="1FloatingPoint.ubound">1</Entry>
		<Entry key="FloatingPoint.dimension">50</Entry>
		<Entry key="FloatingPoint.lbound">0</Entry>
		<Entry key="FloatingPoint.ubound">6.99</Entry>
		<Entry key="SteadyStateTournament.tsize">3</Entry>
		<Entry key="batch.logfile_">*</Entry>
		<Entry key="batch.remaining_">0</Entry>
		<Entry key="batch.repeats">1</Entry>
		<Entry key="batch.singlemilestone">1</Entry>
		<Entry key="batch.statsfile">stats/ohlc_bitfinex_zecusd_86400_10_100_0.9_0.7.csv</Entry>
		<Entry key="data.balance">2945.26</Entry>
		<Entry key="data.input">data/train/ohlc_bitfinex_zecusd_86400.csv</Entry>
		<Entry key="data.test">data/test/ohlc_bitfinex_zecusd_86400.csv</Entry>
		<Entry key="fuzzy.langvars">conf/ohlc_bitfinex_zecusd_86400.conf</Entry>
		<Entry key="fuzzy.numrules">10</Entry>
		<Entry key="fuzzy.threshold">0.7</Entry>
		<Entry key="log.frequency">10</Entry>
		<Entry key="log.level">3</Entry>
		<Entry key="milestone.elapsedtime_">190</Entry>
		<Entry key="milestone.filename">milestones/ohlc_bitfinex_zecusd_86400_10_100_0.9_0.7.txt</Entry>
		<Entry key="milestone.generation_">2999</Entry>
		<Entry key="mutation.indprob">0.9</Entry>
		<Entry key="operator.logfile">log/ohlc_bitfinex_zecusd_86400_10_100_0.9_0.7.csv</Entry>
		<Entry key="population.size">100</Entry>
		<Entry key="term.eval">300000</Entry>
		<Entry key="term.maxtime">1800</Entry>
	</Registry>
	<Population size="1">
		<HallOfFame size="1">
			<Individual size="2" gen="2981">
				<FitnessMax value="1.85286"/>
				<FloatingPoint size="50">	2.51639	1.51731	4.44465	3.69801	3.35079	2.74802	0.39473	4.1839	3.26005	3.81921	2.68966	0.486572	3.43773	2.81051	3.76286	3.44163	0.713042	0.542476	2.61097	3.47532	2.54903	0.718537	2.57484	2.69834	2.66136	4.01131	1.45641	4.75724	2.45281	3.40627	3.40042	1.61784	3.73217	2.76989	3.51988	2.4404	0.571855	3.51524	4.37989	3.4925	2.93006	0.55802	2.54882	4.25757	3.57923	4.49884	2.61097	6.47341	5.55023	5.51446</FloatingPoint>
				<FloatingPoint size="20">	0.922173	0.414391	0.753161	0.795419	0.875833	0.418528	0.934158	0.671562	0.834922	0.899797	0.830889	0.683613	0.903924	0.560387	0.430894	0.909283	0.803386	0.862569	0.878164	0.569388</FloatingPoint>
			</Individual>
		</HallOfFame>
		<Deme size="100">
			<HallOfFame size="1">
				<Individual size="2" gen="2981">
					<FitnessMax value="1.85286"/>
					<FloatingPoint size="50">	2.51639	1.51731	4.44465	3.69801	3.35079	2.74802	0.39473	4.1839	3.26005	3.81921	2.68966	0.486572	3.43773	2.81051	3.76286	3.44163	0.713042	0.542476	2.61097	3.47532	2.54903	0.718537	2.57484	2.69834	2.66136	4.01131	1.45641	4.75724	2.45281	3.40627	3.40042	1.61784	3.73217	2.76989	3.51988	2.4404	0.571855	3.51524	4.37989	3.4925	2.93006	0.55802	2.54882	4.25757	3.57923	4.49884	2.61097	6.47341	5.55023	5.51446</FloatingPoint>
					<FloatingPoint size="20">	0.922173	0.414391	0.753161	0.795419	0.875833	0.418528	0.934158	0.671562	0.834922	0.899797	0.830889	0.683613	0.903924	0.560387	0.430894	0.909283	0.803386	0.862569	0.878164	0.569388</FloatingPoint>
				</Individual>
			</HallOfFame>
			<Individual size="2">
				<FitnessMax value="1.85286"/>
				<FloatingPoint size="50">	2.51639	1.51731	4.44465	3.69801	3.35119	2.74805	0.394813	4.1839	3.26005	3.65303	2.68966	0.486572	3.43773	2.81051	3.76286	3.44163	0.713017	0.542476	2.61097	3.47532	2.54903	0.72147	2.57484	2.69834	2.66136	4.01131	1.60817	4.75724	2.45281	3.42049	3.40042	1.61737	3.73217	2.72019	3.51988	2.4404	0.586113	3.00737	4.37994	3.4925	2.93006	0.55802	2.55503	4.25757	3.57923	4.49884	2.61097	6.47341	5.20155	5.53407</FloatingPoint>
				<FloatingPoint size="20">	0.941795	0.0787	0.553232	0.795405	0.875689	0.414316	0.934277	0.656694	0.828088	0.906984	0.829126	0.687916	0.903926	0.507269	0.445741	0.908695	0.716516	0.89326	0.732312	0.544012</FloatingPoint>
			</Individual>
			<Individual size="2">
				<FitnessMax value="1.85286"/>
				<FloatingPoint size="50">	2.51639	1.51731	4.44465	3.69801	3.3508	2.74802	0.394813	4.1839	3.26005	3.82032	2.68966	0.486572	3.43773	2.81051	3.76286	3.44163	0.71302	0.372286	2.61097	3.47532	2.54903	0.719252	2.57484	2.69834	2.66136	4.01131	1.60817	4.75724	2.45281	3.42049	3.40042	1.61737	3.73217	2.7656	3.51988	2.4404	0.579884	3.04184	4.37991	3.4925	2.93006	0.55802	2.55056	4.25757	3.57923	4.49884	2.61097	6.47341	5.52985	5.51485</FloatingPoint>
				<FloatingPoint size="20">	0.921674	0.414391	0.753161	0.795419	0.875833	0.6481	0.934158	0.671562	0.834922	0.899797	0.830889	0.683613	0.903924	0.937321	0.430894	0.909283	0.590569	0.862569	0.878164	0.569388</FloatingPoint>
			</Individual>
			<Individual size="2">
				<FitnessMax value="1.85179"/>
				<FloatingPoint size="50">	2.51214	1.51727	4.43421	3.71056	3.35091	2.74694	0.394728	4.22419	3.23041	3.81973	2.6885	0.477432	3.44129	2.78987	3.7628	3.44212	0.713041	0.550053	2.55443	3.31864	2.55374	0.719978	2.54812	2.72874	2.66199	3.79402	1.53231	4.75866	2.46874	3.41297	3.40011	1.61793	3.73231	2.74516	3.51894	2.41481	0.593969	3.51526	4.37992	3.49234	2.93006	0.558012	2.55192	4.25322	3.57823	4.49884	2.61097	6.25983	5.37589	5.52427</FloatingPoint>
				<FloatingPoint size="20">	0.918789	0.448411	0.741421	0.795382	0.874156	0.401874	0.934964	0.556684	0.811732	0.966916	0.826627	0.697485	0.903954	0.410864	0.495968	0.908035	0.709709	0.867698	0.914712	0.412132</FloatingPoint>
			</Individual>
			<Individual size="2">
				<FitnessMax value="1.85179"/>
				<FloatingPoint size="50">	2.50789	1.51731	4.44449	3.69801	3.35111	2.74803	0.39476	4.1839	3.26005	3.81942	2.68918	0.486572	3.44005	2.81092	3.76286	3.44186	0.71304	0.542476	2.56214	3.47532	2.54903	0.71908	2.57483	2.69834	2.66136	3.57396	1.60838	4.75724	2.45436	3.40811	3.40042	1.61766	3.73206	2.73322	3.51988	2.44044	0.578304	3.4141	4.3799	3.49315	2.93006	0.558139	2.55232	4.25757	3.57923	4.49884	2.61097	6.47311	5.27016	5.51949</FloatingPoint>
				<FloatingPoint size="20">	0.918633	0.174361	0.753491	0.795337	0.878837	0.0037138	0.934764	0.301336	0.739278	0.925062	0.795218	0.676793	0.903289	0.584476	0.437218	0.90605	0.568789	0.865282	0.88405	0.436905</FloatingPoint>
			</Individual>
			<Individual size="2">
				<FitnessMax value="1.85286"/>
				<FloatingPoint size="50">	2.51639	1.51731	4.44465	3.69801	3.35079	2.74802	0.394813	4.1839	3.26005	3.82032	2.68966	0.486572	3.43773	2.81051	3.76286	3.44163	0.713042	0.542476	2.61097	3.47532	2.54903	0.718537	2.57484	2.69834	2.66136	4.01131	1.60817	4.75724	2.45281	3.42049	3.40042	1.61737	3.73217	2.76989	3.51988	2.4404	0.571855	3.51524	4.37989	3.4925	2.93006	0.55802	2.54882	4.25757	3.57923	4.49884	2.61097	6.47341	5.55023	5.51446</FloatingPoint>
				<FloatingPoint size="20">	0.922173	0.414391	0.753161	0.795419	0.875833	0.418528	0.934158	0.671562	0.834922	0.899797	0.830889	0.688054	0.903856	0.513689	0.433899	0.909613	0.606738	0.870307	0.87151	0.543411</FloatingPoint>
			</Individual>
			<Individual size="2">
				<FitnessMax value="1.85286"/>
				<FloatingPoint size="50">	2.42092	1.51731	4.44465	3.69801	3.35079	2.74802	0.394813	4.1839	3.26005	3.82032	2.68966	0.486572	3.43773	2.81051	3.76286	3.44163	0.713017	0.542476	2.61097	3.47532	2.54903	0.718537	2.57484	2.69834	2.66136	4.01131	1.60817	4.75724	2.45281	3.42049	3.40042	1.61737	3.73217	2.76989	3.51988	2.4404	0.571855	3.00737	4.37989	3.4925	2.93006	0.55802	2.54882	4.25757	3.57923	4.49884	2.61097	6.47341	5.55023	5.51446</FloatingPoint>
				<FloatingPoint size="20">	0.922239	0.414391	0.753161	0.795419	0.875833	0.388182	0.934158	0.333712	0.834922	0.899797	0.830889	0.359779	0.903924	0.560387	0.430894	0.909283	0.590569	0.862569	0.878164	0.569388</FloatingPoint>
			</Individual>
			<Individual size="2">
				<FitnessMax value="1.75016"/>
				<FloatingPoint size="50">	2.51214	1.51731	4.44436	3.69801	3.35085	2.74802	0.394734	4.1839	3.23047	3.81926	2.68944	0.352256	3.44088	2.81071	3.76286	3.44165	0.713041	0.542476	2.58611	0.704108	2.54903	0.718761	2.57484	2.69834	2.66136	3.79263	1.53239	4.75724	2.45765	3.40659	3.40042	1.61776	3.73211	2.76053	3.51988	2.44042	0.57186	3.46448	4.3799	3.49282	2.93006	0.558115	2.55087	4.25757	3.57923	4.49884	2.61091	6.47329	5.55023	5.51642</FloatingPoint>
				<FloatingPoint size="20">	0.922173	0.414391	0.753161	0.795419	0.875833	0.427704	0.921387	0.713426	0.503354	0.900188	0.831527	0.661826	0.903924	0.560387	0.430894	0.908968	0.682247	0.871755	0.87903	0.560679</FloatingPoint>
			</Individual>
			<Individual size="2">
				<FitnessMax value="1.85286"/>
				<FloatingPoint size="50">	2.51639	1.51731	4.44465	3.69801	3.35079	2.74802	0.39473	4.1839	3.26005	3.81921	2.68966	0.486572	3.43773	2.81051	3.76286	3.44163	0.713042	0.542476	2.61097	3.47532	2.54903	0.718537	2.57484	2.69834	2.66136	4.01131	1.45641	4.75724	2.45281	3.40627	3.40042	1.61784	3.73217	2.76989	3.51988	2.4404	0.571855	3.51524	4.37989	3.4925	2.93006	0.55802	2.54882	4.25757	3.57923	4.49884	2.61097	6.10805	5.55023	5.51446</FloatingPoint>
				<FloatingPoint size="20">	0.922173	0.414391	0.753161	0.795419	0.875833	0.418528	0.934158	0.671562	0.834922	0.899797	0.830889	0.683613	0.903924	0.560387	0.430894	0.909283	0.803386	0.862569	0.878164	0.569388</FloatingPoint>
			</Individual>
			<Individual size="2">
				<FitnessMax value="1.85286"/>
				<FloatingPoint size="50">	2.51639	1.51731	4.44465	3.69801	3.35079	2.74802	0.394813	4.1839	3.26005	3.82032	2.68966	0.486572	3.4377	2.81051	3.76286	3.44163	0.713017	0.542476	2.61097	3.47532	2.54903	0.718537	2.57484	2.69834	2.66136	4.01131	1.60817	4.75724	2.45281	3.42049	3.40042	1.61737	3.73217	2.7656	3.51988	2.4404	0.571855	3.00737	4.37991	3.4925	2.93006	0.55802	2.55056	4.25757	3.57923	4.49884	2.61097	6.47341	5.52985	5.51485</FloatingPoint>
				<FloatingPoint size="20">	0.918686	0.511108	0.753277	0.903356	0.877243	0.407426	0.935653	0.459498	0.759162	0.9008	0.84303	0.662238	0.904534	0.773718	0.432966	0.907469	0.688714	0.868379	0.876842	0.553936</FloatingPoint>
			</Individual>
			<Individual size="2">
				<FitnessMax value="1.78185"/>
				<FloatingPoint size="50">	2.51639	1.51731	4.44465	3.69801	3.35079	2.74802	0.394813	4.92802	3.26005	3.82032	2.68966	0.486572	3.4377	2.81051	3.76286	3.44163	0.713017	0.542476	2.61097	3.47532	2.54903	0.718537	2.57484	2.69834	2.66136	4.01131	1.60817	4.75724	2.45281	3.42049	3.40042	1.61737	3.73217	2.76989	3.51988	2.4404	6.62832	3.00737	4.37989	3.4925	2.93006	0.55802	2.54882	4.25757	3.57923	4.49884	2.61097	6.47341	5.55023	5.51446</FloatingPoint>
				<FloatingPoint size="20">	0.918789	0.448411	0.741421	0.795382	0.874156	0.401874	0.934964	0.671562	0.811732	0.899797	0.826627	0.697485	0.904383	0.757538	0.495968	0.908035	0.766012	0.867698	0.879604	0.462386</FloatingPoint>
			</Individual>
			<Individual size="2">
				<FitnessMax value="1.79279"/>
				<FloatingPoint size="50">	2.51639	1.51731	4.44465	3.69801	3.35079	2.74802	0.39473	4.1839	3.20089	3.81921	2.68966	0.486572	3.43773	2.81051	3.76286	3.44163	0.713042	0.542476	2.61097	3.47532	2.54903	0.718537	2.57484	2.69834	2.66136	4.01131	1.45641	4.75724	2.45281	5.73945	3.40042	1.61784	3.73217	2.76989	3.51988	2.4404	0.571855	3.51524	4.37989	3.4925	2.93006	0.55802	2.54882	4.25757	3.57923	4.49884	2.61097	6.47341	5.55023	5.51446</FloatingPoint>
				<FloatingPoint size="20">	0.922157	0.414391	0.753161	0.795419	0.875833	0.418528	0.934158	0.402294	0.834922	0.899797	0.830889	0.683613	0.903924	0.560387	0.430894	0.909283	0.590569	0.862569	0.878164	0.569388</FloatingPoint>
			</Individual>
			<Individual size="2">
				<FitnessMax value="1.85286"/>
				<FloatingPoint size="50">	2.51639	1.51731	4.44465	3.69801	3.35079	2.74802	0.394813	4.92802	3.26005	3.82032	2.68966	0.486572	3.4377	2.81051	3.76286	3.44163	0.713017	0.542476	2.61097	3.47532	2.54903	0.718537	2.57484	2.69834	2.66136	4.01131	1.60817	4.75724	2.45281	3.42049	3.40042	1.61737	3.73217	2.76989	3.51988	2.4404	0.571855	3.00737	4.37989	3.4925	2.93006	0.55802	2.54882	4.25757	3.57923	4.49884	2.61097	6.47341	5.55023	5.51446</FloatingPoint>
				<FloatingPoint size="20">	0.918686	0.511108	0.753277	0.79543	0.877243	0.407426	0.935653	0.459498	0.759162	0.9008	0.84303	0.662238	0.904534	0.773718	0.432966	0.907469	0.688714	0.868379	0.876842	0.553936</FloatingPoint>
			</Individual>
			<Individual size="2">
				<FitnessMax value="1.85286"/>
				<FloatingPoint size="50">	2.51639	1.51731	4.44465	3.69801	3.35079	2.74802	0.394788	4.1839	3.26005	3.81998	2.68966	0.486572	3.43773	2.81051	3.76286	3.44163	0.713025	0.542476	2.61097	3.47532	2.54903	0.718537	2.57484	2.69834	2.66136	4.01131	1.56191	4.75724	2.45281	3.41616	3.40042	1.61752	3.73217	2.76989	3.51988	2.4404	0.571855	3.16217	4.37989	3.4925	2.93006	0.55802	2.54882	4.25757	3.57923	4.49884	2.61097	6.47341	5.55023	5.51446</FloatingPoint>
				<FloatingPoint size="20">	0.922173	0.414391	0.753161	0.795419	0.875833	0.418528	0.934158	0.373157	0.834922	0.899797	0.830889	0.397588	0.903924	0.560387	0.430894	0.909283	0.590569	0.862569	0.878164	0.569388</FloatingPoint>
			</Individual>
			<Individual size="2">
				<FitnessMax value="1.85286"/>
				<FloatingPoint size="50">	2.51639	1.51731	4.44465	3.69801	3.35119	2.74805	0.394813	4.1839	3.26005	3.65303	2.68966	0.486572	3.43773	2.81051	3.76286	3.44163	0.713017	0.542476	2.61097	3.47532	2.54903	0.72147	2.57484	2.69834	2.66136	4.01131	1.60817	4.75724	2.45281	3.42049	3.40042	1.61737	3.73217	2.72019	3.51988	2.4404	0.586113	3.00737	4.37994	3.4925	2.93006	0.55802	2.55503	4.25757	3.57923	4.49884	2.61097	6.47341	5.20155	5.53407</FloatingPoint>
				<FloatingPoint size="20">	0.924648	0.188053	0.662302	0.804838	0.875584	0.408315	0.931907	0.528288	0.823535	0.919833	0.827021	0.697718	0.903709	0.472499	0.440438	0.910331	0.641924	0.887146	0.857028	0.486878</FloatingPoint>
			</Individual>
			<Individual size="2">
				<FitnessMax value="1.85286"/>
				<FloatingPoint size="50">	2.51639	1.51731	4.44465	3.69801	3.35079	2.74805	0.394813	4.1839	3.26005	3.82032	2.68966	0.486572	3.43773	2.81051	3.76286	3.44163	0.713017	0.542476	2.61097	3.47532	2.54903	0.72147	2.57484	2.69834	2.66136	4.01131	1.60817	4.75724	2.45281	3.42049	3.40042	1.61737	3.73217	2.76989	3.51988	2.4404	0.586113	3.00737	4.37989	3.4925	2.93006	0.55802	2.54882	4.25757	3.57923	4.49884	2.61097	6.47341	5.55023	5.51446</FloatingPoint>
				<FloatingPoint size="20">	0.921674	0.414391	0.753161	0.795419	0.875833	0.6481	0.934158	0.671562	0.834922	0.899797	0.830889	0.683613	0.903924	0.560387	0.430894	0.909283	0.590569	0.862569	0.878164	0.519544</FloatingPoint>
			</Individual>
			<Individual size="2">
				<FitnessMax value="1.59131"/>
				<FloatingPoint size="50">	2.5175	3.7424	4.44287	3.68684	3.35103	2.74813	0.357308	4.17139	3.26005	3.82033	2.69032	0.483565	3.43754	2.8846	3.76286	3.44153	6.83204	0.542544	2.59921	3.52609	2.54945	0.720895	2.54217	2.7525	2.66159	4.03424	1.60976	4.75681	2.45168	3.41541	3.40069	1.61785	3.73225	2.72221	3.51971	2.4404	0.586113	3.00737	4.37994	3.4925	2.93006	0.55802	2.55023	4.25757	3.57923	4.49884	2.61097	6.47341	5.20155	5.53407</FloatingPoint>
				<FloatingPoint size="20">	0.923564	0.498381	0.753275	0.795422	0.876291	0.413447	0.934792	0.56166	0.792929	0.899821	0.836024	0.67745	0.904033	0.658462	0.43199	0.90805	0.66074	0.865904	0.878091	0.56548</FloatingPoint>
			</Individual>
			<Individual size="2">
				<FitnessMax value="1.79469"/>
				<FloatingPoint size="50">	2.51639	1.51731	4.44465	3.69801	3.35079	2.74802	0.394788	4.1839	3.26005	3.81998	2.68966	0.486572	3.43773	2.81051	3.76286	3.44163	0.713025	0.542476	2.61097	3.47532	2.54903	0.718537	2.57484	2.69834	2.66136	4.01131	1.56191	4.75724	2.45281	3.41616	3.40042	1.61752	3.73217	2.76989	3.51988	2.4404	0.571855	3.16217	4.37989	3.4925	2.93006	0.55802	2.54882	4.25757	3.57923	4.49884	2.61097	6.47341	5.55023	5.51446</FloatingPoint>
				<FloatingPoint size="20">	0.922173	0.414391	0.753161	0.795419	0.875833	0.418528	0.934158	0.373157	0.448702	0.899797	0.830889	0.397588	0.903924	0.560387	0.430894	0.909283	0.590569	0.862569	0.878164	0.569388</FloatingPoint>
			</Individual>
			<Individual size="2">
				<FitnessMax value="1.85286"/>
				<FloatingPoint size="50">	2.51639	1.51731	4.44465	3.69801	3.35079	2.74802	0.39473	4.1839	3.26005	3.81921	2.68966	0.486572	3.43773	2.81051	3.76286	3.44163	0.713042	0.542476	2.61097	3.47532	2.54903	0.718537	2.57484	2.69834	2.66136	4.01131	1.45641	4.75724	2.45281	3.40627	3.40042	1.61784	3.73217	2.76989	3.51988	2.4404	0.571855	3.51524	4.37989	3.4925	2.93006	0.55802	2.54882	4.25757	3.57923	4.49884	2.61097	6.47341	5.55023	5.51446</FloatingPoint>
				<FloatingPoint size="20">	0.922173	0.414391	0.753161	0.795419	0.875833	0.418528	0.934158	0.671562	0.834922	0.899797	0.830889	0.683613	0.903924	0.560387	0.430894	0.909283	0.803386	0.862569	0.878164	0.569388</FloatingPoint>
			</Individual>
			<Individual size="2">
				<FitnessMax value="1.85286"/>
				<FloatingPoint size="50">	2.51639	1.51731	4.44465	3.69801	3.35079	2.74802	0.39473	4.1839	3.20089	3.81921	2.68966	0.486572	3.43773	2.81051	3.76286	3.44163	0.713042	0.542476	2.61097	3.47532	2.54903	0.718537	2.57484	2.69834	2.66136	4.01131	1.45641	4.75724	2.45281	3.40627	3.40042	1.61784	3.73217	2.76989	3.51988	2.4404	0.571855	3.51524	4.37989	3.4925	2.93006	0.55802	2.54882	4.25757	3.57923	4.49884	2.61097	6.47341	5.55023	5.51446</FloatingPoint>
				<FloatingPoint size="20">	0.922173	0.414391	0.753161	0.795419	0.875833	0.418528	0.934158	0.671562	0.834922	0.899797	0.830889	0.683613	0.903924	0.560387	0.430894	0.909283	0.590569	0.862569	0.878164	0.569388</FloatingPoint>
			</Individual>
			<Individual size="2">
				<FitnessMax value="1.85286"/>
				<FloatingPoint size="50">	2.51639	1.51731	4.44465	3.69801	3.35111	2.74804	0.394813	4.1839	3.26005	3.82032	2.68966	0.486572	3.43773	2.81051	3.76286	3.44163	0.713017	0.542476	2.61097	3.47532	2.54903	0.72085	2.57484	2.69834	2.66136	4.01131	1.60817	4.75724	2.45281	3.42049	3.40042	1.61737	3.73217	2.73069	3.51988	2.4404	0.583101	3.43583	4.37993	3.4925	2.93006	0.55802	2.55372	4.25757	3.57923	4.49884	2.61097	6.47341	5.2752	5.52993</FloatingPoint>
				<FloatingPoint size="20">	0.921674	0.414391	0.753161	0.795419	0.875833	0.6481	0.934158	0.671562	0.834922	0.899797	0.830889	0.683613	0.903924	0.560387	0.430894	0.909283	0.590569	0.862569	0.878164	0.646453</FloatingPoint>
			</Individual>
			<Individual size="2">
				<FitnessMax value="1.85179"/>
				<FloatingPoint size="50">	2.53029	1.51713	4.41344	3.72989	3.35096	2.73489	0.394813	4.16138	3.26161	3.66921	2.70019	0.466968	3.44731	2.80456	3.7627	3.43678	0.71302	0.542505	2.47794	3.53868	2.54891	0.721226	2.57478	2.73261	2.66287	3.57945	1.60849	4.75289	2.45571	3.42374	3.40031	1.61776	3.51829	2.79091	3.51861	2.44047	0.585844	3.05514	4.37994	3.50164	2.61466	0.558021	2.55093	4.25472	3.56577	4.49894	2.61048	6.45989	5.55015	5.51749</FloatingPoint>
				<FloatingPoint size="20">	0.925635	0.153635	0.733441	0.808742	0.878182	0.413775	0.936209	0.21182	0.778864	0.911856	0.57721	0.673347	0.904105	0.57655	0.426793	0.907112	0.743891	0.871323	0.877313	0.445432</FloatingPoint>
			</Individual>
			<Individual size="2">
				<FitnessMax value="1.78078"/>
				<FloatingPoint size="50">	2.51425	1.51727	4.44304	3.69875	3.35082	2.74718	0.394728	4.18643	3.26004	3.74001	2.68852	0.482534	3.43908	2.7945	3.76279	3.44165	0.713036	0.54655	2.61022	3.39062	2.55435	0.721131	2.5746	2.72471	2.66142	3.74741	1.4802	4.75811	2.46013	3.41896	3.40032	1.61785	3.73225	2.73799	3.51897	2.43492	0.578028	2.95845	4.37989	3.49235	2.93006	0.55802	2.55107	4.25474	3.579	4.49884	2.61097	6.38232	5.32711	5.53384</FloatingPoint>
				<FloatingPoint size="20">	0.922244	0.106575	0.722891	0.795361	0.868511	0.37499	0.936315	0.461598	0.749263	0.977998	0.82169	0.806056	0.904093	0.563381	0.497966	0.907783	0.61125	0.869851	0.92522	0.402649</FloatingPoint>
			</Individual>
			<Individual size="2">
				<FitnessMax value="1.85286"/>
				<FloatingPoint size="50">	2.51639	1.51731	4.44465	3.69801	3.35079	2.74802	0.394813	4.1839	3.26005	3.82032	2.68966	0.486572	3.43773	2.81051	3.76286	3.44163	0.713042	0.542476	2.61097	3.47532	2.54903	0.718537	2.57484	2.69834	2.66136	4.01131	1.60817	4.75724	2.45281	3.42049	3.40042	1.61737	3.73217	2.76989	3.51988	2.4404	0.571855	3.51524	4.37989	3.4925	2.93006	0.55802	2.54882	4.25757	3.57923	4.49884	2.61097	6.47341	5.55023	5.51446</FloatingPoint>
				<FloatingPoint size="20">	0.922173	0.414391	0.753161	0.795419	0.875833	0.418528	0.934158	0.671562	0.834922	0.899797	0.830889	0.683613	0.903924	0.532616	0.430894	0.909283	0.590569	0.862569	0.878164	0.569388</FloatingPoint>
			</Individual>
			<Individual size="2">
				<FitnessMax value="1.80833"/>
				<FloatingPoint size="50">	2.51214	1.51727	4.43421	3.71056	3.35091	2.74694	0.394728	4.22419	3.23041	3.81973	2.6885	0.477432	3.44129	2.78987	3.7628	3.44212	0.713041	0.550053	2.55443	2.77696	2.55374	0.719978	2.54812	2.72874	2.66199	3.79402	1.53231	4.75866	2.46874	3.41297	3.40011	1.61793	3.73231	2.74516	3.51894	2.41481	0.593969	3.51526	4.37992	3.49234	2.93006	0.558012	2.55192	4.25322	3.57823	4.49884	2.61097	6.25983	5.37589	5.52427</FloatingPoint>
				<FloatingPoint size="20">	0.922478	0.45009	0.742822	0.79541	0.875497	0.434174	0.934531	0.625349	0.820131	0.933013	0.828267	0.926951	0.903937	0.510777	0.450085	0.9088	0.652362	0.911206	0.834114	0.556417</FloatingPoint>
			</Individual>
			<Individual size="2">
				<FitnessMax value="1.85286"/>
				<FloatingPoint size="50">	2.51639	1.51731	4.44465	3.69801	3.35079	2.74802	0.394771	4.1839	3.26005	3.81976	2.68966	0.486572	3.43773	2.81051	3.76286	3.44163	0.71303	0.542476	2.61097	3.47532	2.54903	0.718537	2.57484	2.69834	2.66136	4.01131	1.53229	4.75724	2.45281	3.41338	3.40042	1.61761	3.73217	2.76989	3.51988	2.4404	0.571855	3.26131	4.37989	3.4925	2.93006	0.55802	2.54882	4.25757	3.57923	4.49884	2.61097	6.29073	5.55023	5.51446</FloatingPoint>
				<FloatingPoint size="20">	0.921369	0.391856	0.753161	0.795419	0.875833	0.6548	0.906087	0.716818	0.83508	0.899797	0.830889	0.683613	0.903924	0.705345	0.472678	0.909604	0.762718	0.882526	0.879492	0.462468</FloatingPoint>
			</Individual>
			<Individual size="2">
				<FitnessMax value="1.73026"/>
				<FloatingPoint size="50">	2.51206	1.51727	4.42599	3.69721	3.35103	2.74613	0.394726	4.66136	3.26031	3.81982	2.68852	0.480054	3.43981	2.76586	3.76273	3.44202	0.71304	0.546745	2.55706	3.30068	2.558	0.720085	2.52849	2.74807	2.66207	3.87003	1.70314	4.76006	2.43805	3.4248	3.40009	1.61796	3.73252	2.7132	3.51789	2.41556	0.591715	3.43543	4.37992	3.54474	2.95951	0.558324	2.55202	4.26113	3.57262	4.49884	2.61087	6.9332	5.52644	5.52264</FloatingPoint>
				<FloatingPoint size="20">	0.918245	0.323985	0.653221	0.795365	0.868511	0.37837	0.932136	0.818163	0.910646	0.900991	0.793941	0.771807	0.903795	0.597632	0.861679	0.906878	0.733518	0.880549	0.882136	0.488305</FloatingPoint>
			</Individual>
			<Individual size="2">
				<FitnessMax value="1.85286"/>
				<FloatingPoint size="50">	2.50789	1.51731	4.44465	3.69801	3.35083	2.74804	0.394799	4.1839	3.26005	3.82029	2.68966	0.486572	3.43773	2.81051	3.76286	3.44163	0.713019	0.542476	2.61097	3.47532	2.54903	0.720734	2.57484	2.69834	2.66136	4.01131	1.58622	4.75724	2.45281	3.41631	3.40042	1.61749	3.73217	2.76244	3.51988	2.4404	0.579638	3.04833	4.37993	3.4925	2.93006	0.55802	2.55378	4.25757	3.57923	4.49884	2.61097	6.47043	5.52514	5.53077</FloatingPoint>
				<FloatingPoint size="20">	0.922173	0.494277	0.753161	0.795419	0.875833	0.592592	0.934158	0.671562	0.834922	0.899797	0.830889	0.683613	0.903924	0.560387	0.430894	0.909283	0.803386	0.972941	0.878164	0.340321</FloatingPoint>
			</Individual>
			<Individual size="2">
				<FitnessMax value="1.85286"/>
				<FloatingPoint size="50">	2.51639	1.51731	4.44465	3.69801	3.35079	2.74802	0.39473	4.1839	3.26005	3.81921	2.68966	0.486572	3.43773	2.81051	3.76286	3.44163	0.713042	0.542476	2.61097	3.47532	2.54903	0.718537	2.57484	2.69834	2.66136	4.01131	1.45641	4.75724	2.45281	3.40627	3.40042	1.61784	3.73217	2.76989	3.51988	2.4404	0.571855	3.51524	4.37989	3.4925	2.93006	0.55802	2.54882	4.25757	3.57923	4.49884	2.61097	6.10805	5.55023	5.51446</FloatingPoint>
				<FloatingPoint size="20">	0.918867	0.247289	0.74047	0.88949	0.875884	0.259627	0.934676	0.683904	0.824132	0.9008	0.831946	0.699344	0.903923	0.557174	0.439666	0.90918	0.604354	0.874819	0.878467	0.546883</FloatingPoint>
			</Individual>
			<Individual size="2">
				<FitnessMax value="1.80833"/>
				<FloatingPoint size="50">	2.51214	1.51727	4.43421	3.71056	3.35091	2.74694	0.394728	4.22419	3.23041	3.81973	2.6885	0.477432	3.44129	2.78987	3.7628	3.44212	0.713041	0.550053	2.55443	2.77696	2.55374	0.719978	2.54812	2.72874	2.66199	3.79402	1.53231	4.75866	2.46874	3.41297	3.40011	1.61793	3.73231	2.74516	3.51894	2.41481	0.593969	3.51526	4.37992	3.49234	2.93006	0.558012	2.55192	4.25322	3.57823	4.49884	2.61097	6.25983	5.37589	5.52427</FloatingPoint>
				<FloatingPoint size="20">	0.921667	0.448357	0.746424	0.79541	0.875202	0.416706	0.934722	0.599424	0.812375	0.966591	0.827361	0.702242	0.903947	0.428104	0.470344	0.908837	0.452768	0.870848	0.893669	0.559295</FloatingPoint>
			</Individual>
			<Individual size="2">
				<FitnessMax value="1.79279"/>
				<FloatingPoint size="50">	2.50789	1.52846	4.44473	3.70298	3.35097	2.74745	0.378823	4.19162	3.26005	3.82028	2.6894	0.488465	3.44305	2.79884	3.76286	3.43868	0.713034	0.543598	2.59467	3.47472	2.53819	0.72041	2.56791	2.7011	2.66137	3.97955	1.57031	4.75776	2.45056	5.693	3.40054	1.61739	3.73226	2.75614	3.51916	2.41476	0.579123	3.09462	4.37989	3.46077	2.81528	0.55803	2.55041	4.26053	3.57896	4.49885	2.611	6.50161	5.47847	5.55804</FloatingPoint>
				<FloatingPoint size="20">	0.918245	0.217432	0.648458	0.808382	0.876573	0.417093	0.934867	0.614207	0.774976	0.911197	0.778406	0.784481	0.903729	0.583969	0.339789	0.908587	0.734287	0.864143	0.878911	0.155702</FloatingPoint>
			</Individual>
			<Individual size="2">
				<FitnessMax value="1.74276"/>
				<FloatingPoint size="50">	2.51337	1.51724	4.435	3.71183	3.35109	2.74656	0.394728	4.1917	3.26003	3.70502	2.68743	0.480649	3.44185	2.78669	3.76278	3.44174	0.71302	0.553199	2.609	3.20071	2.55538	0.721448	2.54616	2.72631	2.66165	3.68258	1.60819	4.75885	2.46069	3.41996	3.40019	1.61786	3.73231	2.71349	3.51858	2.43236	0.600901	3.17882	4.37994	3.49228	2.93006	0.55802	2.55505	4.25082	3.57803	4.49884	2.61097	6.26131	5.20095	5.5341</FloatingPoint>
				<FloatingPoint size="20">	0.921631	0.40407	0.143712	0.795419	0.875833	0.652196	0.913977	0.688151	0.835039	0.899797	0.830889	0.683613	0.903924	0.752572	0.472647	0.909141	0.763863	0.894245	0.879503	0.462404</FloatingPoint>
			</Individual>
			<Individual size="2">
				<FitnessMax value="1.85286"/>
				<FloatingPoint size="50">	2.51639	1.51731	4.44465	3.69801	3.35086	2.74805	0.394813	4.1839	3.26005	3.73834	2.68966	0.486572	3.43773	2.81051	3.76286	3.44163	0.713017	0.542476	2.61097	3.47532	2.54903	0.72147	2.57484	2.69834	2.66136	4.01131	1.60817	4.75724	2.45281	3.42049	3.40042	1.61737	3.73217	2.72213	3.51988	2.4404	0.586113	3.00737	4.37994	3.4925	2.93006	0.55802	2.55023	4.25757	3.57923	4.49884	2.61097	6.47341	5.20155	5.53407</FloatingPoint>
				<FloatingPoint size="20">	0.941795	0.0787	0.553232	0.795405	0.875689	0.414316	0.934277	0.656694	0.828088	0.906984	0.829126	0.687916	0.903926	0.507269	0.445741	0.908695	0.716516	0.89326	0.732312	0.161307</FloatingPoint>
			</Individual>
			<Individual size="2">
				<FitnessMax value="1.58847"/>
				<FloatingPoint size="50">	2.53029	1.51964	4.44505	3.69882	3.35082	2.74794	0.38017	4.1885	3.26005	3.82028	2.68919	0.491098	3.43867	2.80181	3.76286	3.44001	0.713025	0.542681	2.60505	3.47459	2.49037	0.718686	2.57177	2.69885	2.66139	3.88476	1.60782	4.75763	2.45276	3.4185	3.4005	1.61756	3.73222	2.75962	3.51985	2.43716	0.575366	3.15573	4.3799	3.48962	2.89352	0.558028	2.5498	4.25866	3.57904	4.49885	2.61098	6.48251	5.49051	5.5403</FloatingPoint>
				<FloatingPoint size="20">	0.0768338	0.376899	0.753161	0.557782	0.875833	0.418528	0.934158	0.671562	0.834922	0.899797	0.830889	0.683613	0.903924	0.553863	0.430894	0.909283	0.710486	0.862569	0.878164	0.569388</FloatingPoint>
			</Individual>
			<Individual size="2">
				<FitnessMax value="1.85179"/>
				<FloatingPoint size="50">	2.51338	1.51724	4.43501	3.71181	3.35109	2.74656	0.394728	4.19169	3.26003	3.70483	2.68743	0.480659	3.44185	2.78673	3.76278	3.44174	0.71302	0.55318	2.609	3.20118	2.55537	0.721443	2.54621	2.72626	2.66165	3.68202	1.60819	4.75885	2.46067	3.41996	3.4002	1.61786	3.73231	2.72023	3.51858	2.43237	0.600852	3.17853	4.37994	3.49228	2.93006	0.55802	2.55503	4.25084	3.57803	4.49884	2.61097	6.26167	5.20155	5.53407</FloatingPoint>
				<FloatingPoint size="20">	0.922244	0.106575	0.722891	0.795361	0.868511	0.37499	0.936315	0.461598	0.749263	0.977998	0.82169	0.806056	0.904093	0.563381	0.497966	0.907783	0.61125	0.869851	0.92522	0.402649</FloatingPoint>
			</Individual>
			<Individual size="2">
				<FitnessMax value="1.68525"/>
				<FloatingPoint size="50">	2.51338	1.51724	4.43501	3.71181	3.35109	2.74656	0.394728	4.19169	3.26003	3.70483	2.68743	0.480659	3.44185	2.78673	3.76278	3.44174	0.71302	0.55318	2.609	3.20118	2.55537	0.721443	2.54621	2.72626	2.66165	3.68202	1.60819	4.75885	2.46067	3.41996	3.4002	1.61786	3.73231	2.72023	3.51858	2.43237	0.600852	3.17853	4.37994	3.49228	2.93006	0.55802	2.55503	4.25084	3.57803	4.49884	2.61097	6.26167	5.20155	5.53407</FloatingPoint>
				<FloatingPoint size="20">	0.941795	0.161138	0.683394	0.795391	0.718417	0.313058	0.935699	0.609363	0.767433	0.937323	0.689016	0.726928	0.903935	0.108167	0.546789	0.908606	0.662362	0.86199	0.908807	0.31144</FloatingPoint>
			</Individual>
			<Individual size="2">
				<FitnessMax value="1.79279"/>
				<FloatingPoint size="50">	2.51639	1.51731	4.44465	3.69801	3.35079	2.74802	0.394778	4.1839	3.26005	3.81986	2.68966	0.486572	3.43773	2.81051	3.76286	3.44163	0.713027	0.542476	2.61097	3.47532	2.54903	0.718537	2.57484	2.69834	2.66136	4.01131	1.54507	4.75724	2.45281	3.41458	3.40042	1.61757	3.73217	2.76989	3.51988	2.4404	0.571855	3.21854	4.37989	3.4925	2.93006	0.55802	2.54882	4.25757	3.57923	4.49884	2.61097	6.32149	5.55023	5.51446</FloatingPoint>
				<FloatingPoint size="20">	0.922173	0.414391	0.753161	0.795419	0.875833	0.418528	0.934158	0.671562	0.834922	0.899797	0.0979827	0.683613	0.903924	0.560387	0.430894	0.909283	0.803386	0.862569	0.878164	0.569388</FloatingPoint>
			</Individual>
			<Individual size="2">
				<FitnessMax value="1.85286"/>
				<FloatingPoint size="50">	2.51639	1.51731	4.44465	3.69801	3.35079	2.74802	0.394813	4.1839	3.26005	3.82032	2.68966	0.486572	3.43773	2.81051	3.76286	3.44163	0.713017	0.542476	2.61097	3.47532	2.54903	0.718537	2.57484	2.69834	2.66136	4.01131	1.60817	4.75724	2.45281	3.42049	3.40042	1.61737	3.73217	2.76989	3.51988	2.4404	0.571855	3.00737	4.37989	3.4925	2.93006	0.55802	2.54882	4.25757	3.57923	4.49884	2.61097	6.47341	5.55023	5.51446</FloatingPoint>
				<FloatingPoint size="20">	0.921369	0.391856	0.753161	0.795419	0.875833	0.6548	0.906087	0.716818	0.83508	0.899797	0.830889	0.683613	0.903924	0.705345	0.472678	0.909604	0.762718	0.882526	0.879492	0.462468</FloatingPoint>
			</Individual>
			<Individual size="2">
				<FitnessMax value="1.61903"/>
				<FloatingPoint size="50">	2.51214	1.53253	4.44578	3.71283	3.35113	2.74685	0.305681	4.20853	3.26005	3.82002	2.68852	0.49984	3.44336	2.78078	3.76283	3.4357	0.71304	0.543601	2.57972	3.47332	2.41564	0.720349	2.56421	2.70289	2.66147	3.6417	1.56747	4.75852	2.45042	3.41473	3.40063	1.61782	3.73232	2.72975	3.51875	2.41128	0.577834	3.48343	4.37989	3.44654	2.80996	0.558069	2.55235	4.26056	3.57778	4.49888	2.61103	6.52525	5.4492	5.55943</FloatingPoint>
				<FloatingPoint size="20">	0.924301	0.162766	0.667973	0.79639	0.578127	0.573271	0.935029	0.79447	0.861134	0.900878	0.686646	0.696623	0.903925	0.00626724	0.574351	0.910259	0.667813	0.861263	0.877087	0.112436</FloatingPoint>
			</Individual>
			<Individual size="2">
				<FitnessMax value="1.85286"/>
				<FloatingPoint size="50">	2.5175	1.51764	4.44287	3.68684	3.35103	2.74813	0.357308	4.17139	3.26005	3.82033	2.69032	0.483565	3.43754	2.8846	3.76286	3.44153	0.63851	0.542544	2.59921	3.52609	2.54945	0.720895	2.54217	2.7525	2.66159	4.03424	1.60976	4.75681	2.45168	3.41541	3.40069	1.61785	3.73225	2.72221	3.51971	2.4621	0.57885	3.63273	4.3799	3.39171	2.8145	0.558056	2.5578	4.25955	3.57697	4.49885	2.61097	6.47202	5.17166	5.57548</FloatingPoint>
				<FloatingPoint size="20">	0.920363	0.418738	0.755712	0.965445	0.876154	0.401174	0.93334	0.398429	0.780986	0.922923	0.83061	0.696562	0.903883	0.466185	0.425302	0.909555	0.649427	0.878661	0.879531	0.618407</FloatingPoint>
			</Individual>
			<Individual size="2">
				<FitnessMax value="1.74765"/>
				<FloatingPoint size="50">	2.51639	1.51731	4.44465	3.69801	3.35079	2.74802	0.394813	4.92802	3.26005	3.82032	2.68966	0.486572	3.4377	2.81051	3.76286	3.44163	0.713017	0.542476	2.61097	3.47532	2.54903	0.718537	2.57484	2.69834	2.66136	4.01131	1.60817	4.75724	2.45281	3.42049	3.40042	1.61737	3.73217	2.76989	3.51988	2.4404	0.571855	3.00737	4.37989	3.4925	2.93006	0.55802	2.54882	4.25757	3.57923	4.49884	2.61097	6.47341	5.55023	5.51446</FloatingPoint>
				<FloatingPoint size="20">	0.922173	0.494277	0.753277	0.795419	0.875833	0.592592	0.935653	0.671562	0.834922	0.899797	0.84303	0.662238	0.903924	0.773718	0.432966	0.909283	0.954667	0.868379	0.876842	0.553936</FloatingPoint>
			</Individual>
			<Individual size="2">
				<FitnessMax value="1.85286"/>
				<FloatingPoint size="50">	2.42092	1.51731	4.44465	3.69801	3.35079	2.74802	0.394813	4.1839	3.26005	3.82032	2.68966	0.486572	3.43773	2.81051	3.76286	3.44163	0.713017	0.542476	2.61097	3.47532	2.54903	0.718537	2.57484	2.69834	2.66136	4.01131	1.60817	4.75724	2.45281	3.42049	3.40042	1.61737	3.73217	2.76989	3.51988	2.4404	0.571855	3.00737	4.37989	3.4925	2.93006	0.55802	2.54882	4.25757	3.57923	4.49884	2.61097	6.47341	5.55023	5.51446</FloatingPoint>
				<FloatingPoint size="20">	0.922157	0.414391	0.753161	0.795419	0.875833	0.377677	0.934158	0.671562	0.834922	0.899797	0.830889	0.683613	0.903924	0.567998	0.427357	0.908891	0.653557	0.863422	0.877514	0.631466</FloatingPoint>
			</Individual>
			<Individual size="2">
				<FitnessMax value="1.74082"/>
				<FloatingPoint size="50">	2.51639	1.51749	4.44401	3.69321	3.3508	2.74809	0.391796	4.17558	3.26005	3.82007	2.69005	0.485518	3.43764	2.81933	3.76286	3.44158	0.665584	0.542499	2.60301	3.50673	2.54921	0.720126	2.54789	2.70676	2.66153	4.01682	1.53805	4.75688	2.45239	3.41275	3.40053	1.61784	3.73219	2.72494	3.51984	2.44637	0.576654	3.59981	4.3799	3.41758	2.8711	0.558028	2.55696	4.25764	3.5777	4.49885	2.61097	6.47297	5.23119	5.56471</FloatingPoint>
				<FloatingPoint size="20">	0.922173	0.414391	0.753161	0.795419	0.875833	0.418528	0.934158	0.671562	0.834922	0.745687	0.830889	0.683613	0.903924	0.560387	0.430894	0.909283	0.803386	0.862569	0.878164	0.569388</FloatingPoint>
			</Individual>
			<Individual size="2">
				<FitnessMax value="1.85286"/>
				<FloatingPoint size="50">	2.51639	1.51731	4.44465	3.69801	3.35079	2.74802	0.394737	4.1839	3.26005	3.81931	2.68966	0.486572	3.43773	2.81051	3.76286	3.44163	0.713039	0.542476	2.61097	3.47532	2.54903	0.718537	2.57484	2.69834	2.66136	4.01131	1.46978	4.75724	2.45281	3.40753	3.40042	1.6178	3.73217	2.76989	3.51988	2.4404	0.571855	3.4705	4.37989	3.4925	2.93006	0.55802	2.54882	4.25757	3.57923	4.49884	2.61097	6.14023	5.55023	5.51446</FloatingPoint>
				<FloatingPoint size="20">	0.922173	0.414391	0.701938	0.795419	0.875833	0.418528	0.934158	0.373157	0.834922	0.899797	0.830889	0.683613	0.903924	0.560387	0.430894	0.909283	0.590569	0.862569	0.878164	0.569388</FloatingPoint>
			</Individual>
			<Individual size="2">
				<FitnessMax value="1.79279"/>
				<FloatingPoint size="50">	2.51639	1.51731	4.44465	3.69801	3.35079	2.74802	0.394788	4.1839	3.26005	3.81998	2.68966	0.486572	3.43773	2.81051	3.76286	3.44163	0.713025	0.542476	2.61097	3.47532	2.54903	0.718537	2.57484	2.69834	2.66136	4.01131	1.56191	4.75724	2.45281	3.41616	3.40042	1.61752	3.73217	2.76989	3.51988	2.4404	0.571855	3.16217	4.37989	3.4925	2.93006	0.55802	2.54882	4.25757	3.57923	4.49884	2.61097	6.47341	5.55023	5.51446</FloatingPoint>
				<FloatingPoint size="20">	0.922036	0.22157	0.756469	0.795374	0.878312	0.418481	0.932604	0.328342	0.782453	0.927143	0.814469	0.598014	0.903579	0.95409	0.423102	0.938358	0.32285	0.862806	0.879742	0.628871</FloatingPoint>
			</Individual>
			<Individual size="2">
				<FitnessMax value="1.85286"/>
				<FloatingPoint size="50">	2.5175	1.51764	4.44287	3.68684	3.35103	2.74813	0.357308	4.17139	3.26005	3.82033	2.69032	0.483565	3.43754	2.8846	3.76286	3.44153	0.63851	0.542544	2.59921	3.52609	2.54945	0.720895	2.54217	2.7525	2.66159	4.03424	1.60976	4.75681	2.45168	3.41541	3.40069	1.61785	3.73225	2.72221	3.51971	2.4621	0.57885	3.63273	4.3799	3.39171	2.8145	0.558056	2.5578	4.25955	3.57697	4.49885	2.61097	6.47202	5.17166	5.57548</FloatingPoint>
				<FloatingPoint size="20">	0.918686	0.511108	0.753277	0.79543	0.877243	0.407426	0.935653	0.459498	0.759162	0.9008	0.84303	0.662238	0.904534	0.773718	0.432966	0.907469	0.688714	0.868379	0.876842	0.553936</FloatingPoint>
			</Individual>
			<Individual size="2">
				<FitnessMax value="1.85286"/>
				<FloatingPoint size="50">	2.51639	1.51731	4.44465	3.69801	3.35079	2.74802	0.39473	4.1839	3.26005	3.81921	2.31803	0.486572	3.43773	2.81051	3.76286	3.44163	0.713042	0.542476	2.61097	3.47532	2.54903	0.718537	2.57484	2.69834	2.66136	4.01131	1.45641	4.75724	2.45281	3.40627	3.40042	1.61784	3.73217	2.76989	3.51988	2.4404	0.571855	3.51524	4.37989	3.4925	2.93006	0.55802	2.54882	4.25757	3.57923	4.49884	2.61097	6.10805	5.55023	5.51446</FloatingPoint>
				<FloatingPoint size="20">	0.91823	0.162373	0.752209	0.798231	0.875884	0.803032	0.934402	0.688505	0.833706	0.900487	0.831633	0.687991	0.903922	0.544589	0.440753	0.909126	0.595133	0.869142	0.878459	0.554966</FloatingPoint>
			</Individual>
			<Individual size="2">
				<FitnessMax value="1.01591"/>
				<FloatingPoint size="50">	2.42092	1.51731	4.44465	3.69801	3.35079	2.74802	0.394813	4.1839	3.26005	3.82032	2.68966	0.486572	3.43773	2.81051	3.76286	3.44163	0.713017	0.542476	2.61097	3.47532	2.54903	0.718537	2.57484	2.69834	2.66136	4.01131	1.60817	4.75724	2.45281	3.42049	3.40042	1.61737	3.73217	2.76989	3.51988	2.4404	0.571855	3.00737	4.37989	3.4925	2.93006	0.55802	2.54882	4.25757	3.57923	4.49884	2.61097	6.47341	5.55023	5.51446</FloatingPoint>
				<FloatingPoint size="20">	0.922173	0.414815	0.753616	0.931358	0.87611	0.386841	0.934107	0.464202	0.833267	0.920465	0.830799	0.503064	0.903889	0.48518	0.427349	0.909381	0.653369	0.868899	0.877552	0.629946</FloatingPoint>
			</Individual>
			<Individual size="2">
				<FitnessMax value="1.85179"/>
				<FloatingPoint size="50">	2.50789	1.51731	4.44449	3.69801	3.35111	2.74803	0.39476	4.1839	3.26005	3.81942	2.68918	0.486572	3.44005	2.81092	3.76286	3.44186	0.71304	0.542476	2.56214	3.47532	2.54903	0.71908	2.57483	2.69834	2.66136	3.57396	1.60838	4.75724	2.45436	3.40811	3.40042	1.61766	3.73206	2.73322	3.51988	2.44044	0.578304	3.4141	4.3799	3.49315	2.93006	0.558139	2.55232	4.25757	3.57923	4.49884	2.61097	6.47311	5.27016	5.51949</FloatingPoint>
				<FloatingPoint size="20">	0.921888	0.354408	0.753329	0.79536	0.878662	0.355136	0.934321	0.444154	0.796144	0.913184	0.819403	0.679762	0.903844	0.560942	0.437002	0.907663	0.576174	0.864704	0.882575	0.539983</FloatingPoint>
			</Individual>
			<Individual size="2">
				<FitnessMax value="1.85179"/>
				<FloatingPoint size="50">	2.51072	1.51752	4.42727	3.70689	3.35104	2.74672	0.39473	4.14929	3.26	3.81965	2.68699	0.476102	3.44509	2.80295	3.76286	3.44115	0.71301	0.545295	2.48603	3.51334	2.55165	0.720003	2.5707	2.73666	2.66165	3.5767	1.60834	4.75898	2.48162	3.4119	3.39981	1.61818	3.73232	2.72232	3.51929	2.41232	0.597469	3.541	4.37989	3.37442	2.80489	0.557984	2.54878	4.25664	3.57913	4.49885	2.61095	6.48311	5.55035	5.5085</FloatingPoint>
				<FloatingPoint size="20">	0.923574	0.334982	0.679042	0.795359	0.875275	0.433015	0.933822	0.414975	0.793943	0.917347	0.802966	0.718068	0.848146	0.534335	0.609039	0.90617	0.601829	0.881772	0.881165	0.432936</FloatingPoint>
			</Individual>
			<Individual size="2">
				<FitnessMax value="1.85286"/>
				<FloatingPoint size="50">	2.51639	1.51731	4.44465	3.69801	3.35079	2.74802	0.394813	4.1839	3.26005	3.82032	2.68966	0.486572	3.43773	2.81051	3.76286	3.44163	0.713017	0.542476	2.61097	3.47532	2.54903	0.718537	2.57484	2.69834	2.66136	4.01131	1.60817	4.75724	2.45281	3.42049	3.40042	1.61737	3.73217	2.76989	3.51988	2.4404	0.571855	3.00737	4.37989	3.4925	2.93006	0.55802	2.54882	4.25757	3.57923	4.49884	2.61097	6.47341	5.55023	5.51446</FloatingPoint>
				<FloatingPoint size="20">	0.922173	0.414391	0.753161	0.795419	0.875833	0.418528	0.934158	0.373157	0.834922	0.899797	0.830889	0.683613	0.903924	0.560387	0.430894	0.909283	0.590569	0.862569	0.878164	0.569388</FloatingPoint>
			</Individual>
			<Individual size="2">
				<FitnessMax value="1.85286"/>
				<FloatingPoint size="50">	2.51072	1.51731	4.44465	3.69801	3.35119	2.74805	0.394813	4.1839	3.26005	3.82032	2.68966	0.486572	3.43773	2.81051	3.76286	3.44163	0.713017	0.542476	2.61097	3.47532	2.54903	0.72147	2.57484	2.69834	2.66136	4.01131	1.60817	4.75724	2.45281	3.42049	3.40042	1.61737	3.73217	2.72019	3.51988	2.4404	0.586113	3.00737	4.37994	3.4925	2.93006	0.55802	2.55493	4.25757	3.57923	4.49884	2.61097	6.4674	5.20728	5.53374</FloatingPoint>
				<FloatingPoint size="20">	0.922173	0.494277	0.753161	0.795419	0.875833	0.418528	0.934158	0.671562	0.834922	0.899797	0.830889	0.683613	0.903924	0.560387	0.430894	0.909283	0.803386	0.972941	0.878164	0.340321</FloatingPoint>
			</Individual>
			<Individual size="2">
				<FitnessMax value="1.85286"/>
				<FloatingPoint size="50">	2.51639	1.51731	4.44465	3.69801	3.35079	2.74805	0.394813	4.1839	3.26005	3.82032	2.68966	0.486572	3.43773	2.81051	3.76286	3.44163	0.713017	0.542476	2.61097	3.47532	2.54903	0.72147	2.57484	2.69834	2.66136	4.01131	1.60817	4.75724	2.45281	3.42049	3.40042	1.61737	3.73217	2.76989	3.51988	2.4404	0.586113	3.00737	4.37994	3.4925	2.93006	0.55802	2.54882	4.25757	3.57923	4.49884	2.61097	6.47341	5.20155	5.53407</FloatingPoint>
				<FloatingPoint size="20">	0.921674	0.414391	0.753161	0.795419	0.875833	0.6481	0.934158	0.671562	0.834922	0.899797	0.830889	0.683613	0.903924	0.560387	0.430894	0.909283	0.590569	0.862569	0.878164	0.569388</FloatingPoint>
			</Individual>
			<Individual size="2">
				<FitnessMax value="1.85179"/>
				<FloatingPoint size="50">	2.51031	1.51631	4.44847	3.71933	3.35078	2.74527	0.394715	4.13558	3.25995	3.81992	2.68933	0.567364	3.44715	2.80137	3.7628	3.41689	0.713052	0.565014	2.57082	3.44238	2.44091	0.719385	2.57352	2.69744	2.66094	3.57614	1.60842	4.60784	2.46576	3.41001	3.40004	1.61934	3.69604	2.52761	3.51969	2.44044	0.634066	3.51593	4.37988	3.35925	2.65522	0.557147	2.54887	4.25939	3.57919	4.49887	2.61089	6.50459	5.55065	5.44261</FloatingPoint>
				<FloatingPoint size="20">	0.921574	0.113411	0.709335	0.795434	0.864357	0.421393	0.937096	0.330715	0.844704	0.923535	0.790752	0.764467	0.903482	0.415499	0.42031	0.909125	0.608889	0.872566	0.880471	0.122017</FloatingPoint>
			</Individual>
			<Individual size="2">
				<FitnessMax value="1.79279"/>
				<FloatingPoint size="50">	2.51639	1.51731	4.44465	3.69801	3.35119	2.74805	0.394813	4.1839	3.26005	3.82032	2.68966	0.486572	3.43773	2.81051	3.76286	3.44163	0.713017	0.542476	2.61097	3.47532	2.54903	0.72147	2.57484	2.69834	2.66136	4.01131	1.60817	4.75724	2.45281	3.42049	3.40042	1.61737	3.73217	2.72019	3.51988	2.4404	0.586113	3.55057	4.37994	3.4925	2.93006	0.55802	2.55503	4.25757	3.57923	4.49884	2.61097	6.47341	5.20155	5.53407</FloatingPoint>
				<FloatingPoint size="20">	0.921674	0.414391	0.753161	0.795419	0.875833	0.54732	0.925383	0.671562	0.834922	0.9025	0.252771	0.693631	0.903924	0.671857	0.454292	0.908976	0.598184	0.912212	0.879433	0.509359</FloatingPoint>
			</Individual>
			<Individual size="2">
				<FitnessMax value="1.85286"/>
				<FloatingPoint size="50">	2.42092	1.51731	4.44465	3.69801	3.35079	2.74802	0.394813	4.1839	3.26005	3.82032	2.68966	0.486572	3.43773	2.81051	3.76286	3.44163	0.713017	0.542476	2.61097	3.47532	2.54903	0.718537	2.57484	2.69834	2.66136	4.01131	1.60817	4.75724	2.45281	3.42049	3.40042	1.61737	3.73217	2.76989	3.51988	2.4404	0.571855	3.00737	4.37989	3.4925	2.93006	0.55802	2.54882	4.25757	3.57923	4.49884	2.61097	6.47341	5.55023	5.51446</FloatingPoint>
				<FloatingPoint size="20">	0.921422	0.570923	0.740784	0.796241	0.875914	0.412671	0.935058	0.508404	0.817244	0.899969	0.831526	0.542974	0.903923	0.561312	0.440756	0.909157	0.59818	0.869698	0.878705	0.540994</FloatingPoint>
			</Individual>
			<Individual size="2">
				<FitnessMax value="1.80833"/>
				<FloatingPoint size="50">	2.51214	1.51731	4.44436	3.69801	3.35085	2.74802	0.394734	4.1839	3.23047	3.81926	2.68944	0.486572	3.44088	2.81071	3.76286	3.44165	0.713041	0.542476	2.58611	0.704108	2.54903	0.718761	2.57484	2.69834	2.66136	3.79263	1.53239	4.75724	2.45765	3.40659	3.40042	1.61776	3.73211	2.76053	3.51988	2.44042	0.57186	3.46448	4.3799	3.49282	2.93006	0.558115	2.55087	4.25757	3.57923	4.49884	2.61091	6.47329	5.55023	5.51642</FloatingPoint>
				<FloatingPoint size="20">	0.922173	0.414391	0.753161	0.795419	0.875833	0.418528	0.934158	0.671562	0.834922	0.899797	0.830889	0.683613	0.903924	0.560387	0.430894	0.909283	0.590569	0.862569	0.878164	0.569388</FloatingPoint>
			</Individual>
			<Individual size="2">
				<FitnessMax value="1.85179"/>
				<FloatingPoint size="50">	2.5164	1.51731	4.44407	3.69801	3.3509	2.74803	0.394738	4.1839	3.26005	3.81931	2.68921	0.486572	3.44403	2.8109	3.76286	3.44166	0.713041	0.542476	2.56125	3.47532	2.54903	0.718985	2.57483	2.69834	2.66136	3.57396	1.60837	4.75724	2.4625	3.4069	3.40042	1.61767	3.73205	2.75118	3.51988	2.44045	0.571865	3.41373	4.3799	3.49315	2.93006	0.55821	2.55293	4.25757	3.57923	4.49884	2.61085	6.47317	5.55023	5.51837</FloatingPoint>
				<FloatingPoint size="20">	0.922173	0.285435	0.660791	0.795419	0.876633	0.4166	0.934711	0.671562	0.834922	0.905814	0.75236	0.683613	0.903766	0.0540463	0.492548	0.909283	0.696978	0.862563	0.878164	0.146604</FloatingPoint>
			</Individual>
			<Individual size="2">
				<FitnessMax value="1.58258"/>
				<FloatingPoint size="50">	2.53029	1.51731	4.44446	3.69801	3.35084	2.74802	0.394809	4.1839	3.24144	3.81981	2.6896	0.486572	3.43932	2.8107	3.76286	3.44164	0.713026	0.250609	2.5922	1.86385	2.54903	0.719476	2.57484	2.69834	2.66136	3.82307	1.55327	4.75724	2.45727	3.41815	3.40042	1.61758	3.73212	2.75491	3.51988	2.44041	0.575461	3.01596	4.3799	3.4927	2.93006	0.558094	2.5517	4.25757	3.57923	4.49884	2.61094	6.4733	5.3864	4.426</FloatingPoint>
				<FloatingPoint size="20">	0.922173	0.414391	0.123526	0.795419	0.875833	0.418528	0.934158	0.671562	0.834922	0.899797	0.830889	0.683613	0.903924	0.560387	0.430894	0.909283	0.590569	0.862569	0.878164	0.569388</FloatingPoint>
			</Individual>
			<Individual size="2">
				<FitnessMax value="1.85286"/>
				<FloatingPoint size="50">	2.51639	1.51731	4.44465	3.69801	3.35079	2.74802	0.39473	4.1839	3.26005	3.81921	2.31803	0.486572	3.43773	2.81051	3.76286	3.44163	0.713042	0.542476	2.61097	3.47532	2.54903	0.718537	2.57484	2.69834	2.66136	4.01131	1.45641	4.75724	2.45281	3.40627	3.40042	1.61784	3.73217	2.76989	3.51988	2.4404	0.571855	3.51524	4.37989	3.4925	2.93006	0.55802	2.54882	4.25757	3.57923	4.49884	2.61097	6.10805	5.55023	5.51446</FloatingPoint>
				<FloatingPoint size="20">	0.91556	0.0801861	0.727779	0.799199	0.875936	0.414889	0.935193	0.696246	0.813343	0.901802	0.833003	0.715074	0.903921	0.561859	0.448438	0.909077	0.771934	0.887069	0.87877	0.524379</FloatingPoint>
			</Individual>
			<Individual size="2">
				<FitnessMax value="1.61254"/>
				<FloatingPoint size="50">	2.51639	1.51731	4.44465	3.69801	3.35119	2.74805	0.394813	4.1839	3.26005	3.82032	2.68981	0.486572	3.43773	2.81051	3.76286	3.44163	0.713017	0.542476	2.61097	3.47532	2.54903	0.72147	2.57484	2.69834	2.66136	4.01131	1.60817	4.75724	2.45281	3.42049	3.40042	1.61737	3.73217	2.72019	3.51988	2.4404	0.586113	4.86321	4.37994	3.4925	2.93006	0.55802	2.55503	4.25757	3.57923	4.49884	2.61097	6.47341	5.20155	5.53407</FloatingPoint>
				<FloatingPoint size="20">	0.921674	0.398171	0.742985	0.795417	0.875543	0.406678	0.932965	0.696723	0.779778	0.900208	0.802872	0.740576	0.903913	0.593772	0.716291	0.907381	0.75742	0.865012	0.881437	0.52124</FloatingPoint>
			</Individual>
			<Individual size="2">
				<FitnessMax value="1.69857"/>
				<FloatingPoint size="50">	2.51639	0.546802	4.44465	3.69801	3.35079	2.74802	0.39473	4.1839	3.26005	3.81921	2.68966	0.486572	3.43773	2.81051	3.76286	3.44163	0.713042	0.542476	2.61097	3.47532	2.54903	0.718537	2.57484	2.69834	2.66136	4.01131	1.45641	4.75724	2.45281	3.40627	3.40042	1.61784	3.73217	2.76989	3.51988	2.4404	0.571855	3.51524	4.37989	3.4925	2.93006	0.55802	2.55378	4.25757	3.57923	4.49884	2.61097	6.47043	5.52514	5.53077</FloatingPoint>
				<FloatingPoint size="20">	0.922173	0.494277	0.753161	0.795419	0.875833	0.592592	0.934158	0.671562	0.834922	0.899797	0.830889	0.683613	0.903924	0.560387	0.430894	0.909283	0.803386	0.972941	0.878164	0.340321</FloatingPoint>
			</Individual>
			<Individual size="2">
				<FitnessMax value="1.73879"/>
				<FloatingPoint size="50">	2.51639	1.51731	4.44465	3.69801	3.35119	2.74805	0.394813	4.1839	3.26005	3.82032	2.68981	0.486572	3.43773	2.81051	3.76286	3.44163	0.713017	0.542476	2.61097	3.47532	2.54903	0.72147	2.57484	3.50406	2.66136	4.01131	1.60817	4.75724	2.45281	3.42049	3.40042	1.61737	3.73217	2.72019	3.51988	2.4404	0.586113	3.00737	4.37994	3.4925	2.93006	0.55802	2.55503	4.25757	3.57923	4.49884	2.61097	6.47341	5.20155	5.53407</FloatingPoint>
				<FloatingPoint size="20">	0.918022	0.432452	0.752491	0.796333	0.875799	0.408428	0.934129	0.701116	0.833122	0.900545	0.83086	0.683588	0.903924	0.544479	0.430489	0.909118	0.603707	0.863536	0.878431	0.551132</FloatingPoint>
			</Individual>
			<Individual size="2">
				<FitnessMax value="1.80939"/>
				<FloatingPoint size="50">	2.5175	1.51764	4.44287	3.68684	3.35103	2.74813	0.357308	4.17139	3.26005	3.82033	2.69032	0.483565	3.43754	2.8846	3.76286	3.44153	6.83204	0.542544	2.59921	3.52609	2.54945	0.720895	2.54217	2.7525	2.66159	4.03424	1.60976	4.75681	2.45168	3.41541	3.40069	1.61785	3.73225	2.72221	3.51971	2.4404	0.586113	3.00737	4.37994	3.4925	2.93006	0.55802	2.55023	4.25757	3.57923	4.49884	2.61097	6.47341	5.20155	5.53407</FloatingPoint>
				<FloatingPoint size="20">	0.918686	0.511108	0.753277	0.79543	0.877243	0.407426	0.935653	0.459498	0.759162	0.9008	0.84303	0.662238	0.904534	0.773718	0.432966	0.907469	0.688714	0.868379	0.876842	0.553936</FloatingPoint>
			</Individual>
			<Individual size="2">
				<FitnessMax value="1.85179"/>
				<FloatingPoint size="50">	2.50789	1.51723	4.42377	3.72311	3.35103	2.74586	0.394725	4.81307	3.25992	3.82025	2.68735	0.48126	3.44484	2.76923	3.76275	3.44261	0.71304	0.55763	2.49788	3.53009	2.55846	0.721419	2.5214	2.75914	2.66261	3.57674	1.60822	4.76008	2.48466	3.41967	3.3998	1.61801	3.73245	2.72042	3.518	2.38921	0.582137	3.43335	4.37993	3.43437	2.75267	0.558331	2.55103	4.26117	3.57089	4.49891	2.61083	6.59321	5.5503	5.47358</FloatingPoint>
				<FloatingPoint size="20">	0.921899	0.0287486	0.759778	0.795328	0.88079	0.418434	0.93105	0.283527	0.729985	0.954488	0.798049	0.79844	0.903234	0.442955	0.41531	0.967433	0.0551302	0.863044	0.88132	0.688354</FloatingPoint>
			</Individual>
			<Individual size="2">
				<FitnessMax value="1.85286"/>
				<FloatingPoint size="50">	2.51639	1.51731	4.44465	3.69801	3.35079	2.74802	0.394813	4.1839	3.26005	3.82032	2.68966	0.486572	3.43773	2.81051	3.76286	3.44163	0.713017	0.542476	2.61097	3.47532	2.54903	0.718537	2.57484	2.69834	2.66136	4.01131	1.60817	4.75724	2.45281	3.42049	3.40042	1.61737	3.73217	2.76989	3.51988	2.4404	0.571855	3.00737	4.37989	3.4925	2.93006	0.55802	2.54882	4.25757	3.57923	4.49884	2.61097	6.47341	5.55023	5.51446</FloatingPoint>
				<FloatingPoint size="20">	0.922173	0.414391	0.753161	0.795419	0.875833	0.418528	0.934158	0.671562	0.834922	0.899797	0.830889	0.683613	0.903924	0.560387	0.430894	0.909283	0.590569	0.862569	0.878164	0.569388</FloatingPoint>
			</Individual>
			<Individual size="2">
				<FitnessMax value="1.85286"/>
				<FloatingPoint size="50">	2.51639	1.51731	4.44465	3.69801	3.35079	2.74802	0.394813	4.1839	3.26005	3.82032	2.68966	0.486572	3.43773	2.81051	3.76286	3.44163	0.713017	0.542476	2.61097	3.47532	2.54903	0.718537	2.57484	2.69834	2.66136	4.01131	1.60817	4.75724	2.45281	3.42049	3.40042	1.61737	3.73217	2.76989	3.51988	2.4404	0.571855	3.00737	4.37989	3.4925	2.93006	0.55802	2.54882	4.25757	3.57923	4.49884	2.61097	6.47341	5.55023	5.51446</FloatingPoint>
				<FloatingPoint size="20">	0.921674	0.414391	0.753161	0.795419	0.875833	0.6481	0.934158	0.671562	0.834922	0.899797	0.830889	0.683613	0.903924	0.560387	0.430894	0.909283	0.590569	0.862569	0.878164	0.569388</FloatingPoint>
			</Individual>
			<Individual size="2">
				<FitnessMax value="1.85286"/>
				<FloatingPoint size="50">	2.51639	1.51731	4.44465	3.69801	3.35079	2.74802	0.39473	4.1839	3.26005	3.81921	2.31801	0.486572	3.43773	2.81051	3.76286	3.44163	0.713042	0.542476	2.61097	3.47532	2.54903	0.718537	2.57484	2.69834	2.66136	4.01131	1.4564	4.75724	2.45281	3.40627	3.40042	1.61784	3.73207	2.76989	3.51988	2.4404	0.571854	3.51526	4.37989	3.4925	2.93006	0.55802	2.54881	4.25757	3.57923	4.49884	2.61097	6.10803	5.55025	5.51446</FloatingPoint>
				<FloatingPoint size="20">	0.91823	0.162373	0.752209	0.798231	0.875884	0.803032	0.934402	0.688505	0.833706	0.900487	0.831633	0.687991	0.903922	0.544589	0.440753	0.909126	0.784091	0.869142	0.878459	0.554966</FloatingPoint>
			</Individual>
			<Individual size="2">
				<FitnessMax value="1.85286"/>
				<FloatingPoint size="50">	2.50942	1.51731	4.44465	3.69801	3.35081	2.74803	0.394813	4.1839	3.26005	3.82032	2.68966	0.486572	3.43773	2.81051	3.76286	3.44163	0.713022	0.220046	2.61097	3.47532	2.54903	0.720528	2.57484	2.69834	2.66136	4.01131	1.60817	4.75724	2.45281	3.42049	3.40042	1.61737	3.73217	2.7564	3.51988	2.4404	0.583484	3.0984	4.37991	3.4925	2.93006	0.55802	2.55139	4.25757	3.57923	4.49884	2.61097	6.47341	5.27446	5.51673</FloatingPoint>
				<FloatingPoint size="20">	0.927023	0.331412	0.703741	0.795416	0.875797	0.417487	0.934188	0.667887	0.833232	0.901574	0.830453	0.684677	0.903924	0.71397	0.434564	0.909138	0.621702	0.870155	0.842111	0.563115</FloatingPoint>
			</Individual>
			<Individual size="2">
				<FitnessMax value="1.79279"/>
				<FloatingPoint size="50">	2.51639	1.51731	4.44465	3.69801	3.35079	2.74802	0.394813	4.1839	3.26005	3.82032	2.68966	0.486572	3.43773	2.81051	3.76286	3.44163	0.713017	0.542476	2.61097	3.47532	2.54903	0.718537	2.57484	2.69834	2.66136	4.01131	1.60817	4.75724	2.45281	3.42049	3.40042	1.61737	3.73217	2.76989	3.51988	2.4404	0.571855	3.00737	4.37989	3.4925	2.93006	0.55802	2.54956	4.2582	3.57893	4.49885	2.61098	6.48431	5.52898	5.52392</FloatingPoint>
				<FloatingPoint size="20">	0.918789	0.448411	0.741421	0.795382	0.874156	0.401874	0.934964	0.671562	0.811732	0.899797	0.664734	0.697485	0.903924	0.757538	0.427357	0.908891	0.0750149	0.863422	0.877514	0.631466</FloatingPoint>
			</Individual>
			<Individual size="2">
				<FitnessMax value="1.79465"/>
				<FloatingPoint size="50">	2.51639	1.51731	4.44465	3.69801	3.35119	2.74805	0.394813	4.1839	3.26005	3.82032	2.68966	0.486572	3.43773	2.81051	3.76286	3.44163	0.713017	0.542476	2.61097	3.47532	2.54903	0.72147	2.57484	2.69834	2.66136	4.01131	1.60817	4.75724	2.45281	3.42049	3.40042	1.61737	5.9104	2.72019	3.51988	2.4404	0.586113	3.00737	4.37994	3.4925	2.93006	0.55802	2.55503	4.25757	3.57923	4.49884	2.61097	6.47341	5.20155	5.53407</FloatingPoint>
				<FloatingPoint size="20">	0.92329	0.451822	0.73922	0.795409	0.875792	0.451642	0.934341	0.651274	0.827887	0.899436	0.829174	0.674906	0.903926	0.59345	0.429825	0.908762	0.851956	0.951564	0.774559	0.55354</FloatingPoint>
			</Individual>
			<Individual size="2">
				<FitnessMax value="1.85286"/>
				<FloatingPoint size="50">	2.50789	1.51731	4.44465	3.69801	3.35082	2.74803	0.394813	4.1839	3.26005	3.82032	2.68966	0.486572	3.43773	2.81051	3.76286	3.44163	0.713017	0.149639	2.61097	3.47532	2.54903	0.720963	2.57484	2.69834	2.66136	4.01131	1.60817	4.75724	2.45281	3.42049	3.40042	1.61737	3.73217	2.75345	3.51988	2.4404	0.586024	3.00737	4.37992	3.4925	2.93006	0.55802	2.55195	4.25757	3.57923	4.49884	2.61097	6.47341	5.21424	5.51723</FloatingPoint>
				<FloatingPoint size="20">	0.922173	0.414391	0.753161	0.795419	0.875833	0.418528	0.934158	0.671562	0.834922	0.899797	0.830889	0.683613	0.903924	0.560387	0.430894	0.909283	0.590569	0.862569	0.878164	0.569388</FloatingPoint>
			</Individual>
			<Individual size="2">
				<FitnessMax value="1.79279"/>
				<FloatingPoint size="50">	2.51639	1.51731	4.44465	3.69801	3.35079	2.74802	0.39473	4.1839	3.26005	3.81921	2.68966	0.486572	3.43773	2.81051	3.76286	3.44163	0.713042	0.542476	2.61097	3.47532	2.54903	0.718537	2.57484	2.69834	2.66136	4.01131	1.45641	4.75724	2.45281	3.40627	3.40042	1.61784	3.73217	2.76989	3.51988	2.4404	0.571855	3.51524	4.37989	3.4925	2.93006	0.55802	2.55198	4.25757	3.57923	4.49884	2.61097	6.10805	5.55023	5.51446</FloatingPoint>
				<FloatingPoint size="20">	0.918867	0.247289	0.74047	0.88949	0.875884	0.259627	0.934676	0.683904	0.824132	0.9008	0.589007	0.699344	0.903923	0.557174	0.439666	0.90918	0.604354	0.874819	0.878467	0.546883</FloatingPoint>
			</Individual>
			<Individual size="2">
				<FitnessMax value="1.85179"/>
				<FloatingPoint size="50">	2.51214	1.53253	4.44578	3.71283	3.35113	2.74685	0.305681	4.20853	3.26005	3.82002	2.68852	0.49984	3.44336	2.78078	3.76283	3.4357	0.71304	0.543601	2.57972	3.47332	2.41564	0.720349	2.56421	2.70289	2.66147	3.6417	1.56747	4.75852	2.45042	3.41473	3.40063	1.61782	3.73232	2.72975	3.51875	2.41128	0.577834	3.48343	4.37989	3.44654	2.80996	0.558069	2.55235	4.26056	3.57778	4.49888	2.61103	6.52525	5.4492	5.55943</FloatingPoint>
				<FloatingPoint size="20">	0.918587	0.492114	0.648691	0.793784	0.876577	0.152633	0.934177	0.464479	0.790758	0.914131	0.863078	0.661695	0.903498	0.729045	0.354721	0.907638	0.746115	0.864754	0.879978	0.204172</FloatingPoint>
			</Individual>
			<Individual size="2">
				<FitnessMax value="1.85286"/>
				<FloatingPoint size="50">	2.51639	1.51731	4.44465	3.69801	3.35119	2.74805	0.394813	4.1839	3.26005	3.82032	2.68966	0.486572	3.43773	2.81051	3.76286	3.44163	0.713017	0.542476	2.61097	3.47532	2.54903	0.72147	2.57484	2.69834	2.66136	4.01131	1.60817	4.75724	2.45281	3.42049	3.40042	1.61737	3.73217	2.72019	3.51988	2.4404	0.586113	3.55057	4.37994	3.4925	2.93006	0.55802	2.55503	4.25757	3.57923	4.49884	2.61097	6.47341	5.20155	5.53407</FloatingPoint>
				<FloatingPoint size="20">	0.921574	0.494277	0.753161	0.795419	0.875833	0.418528	0.935247	0.671562	0.834922	0.906496	0.830889	0.764467	0.903924	0.563381	0.430894	0.909125	0.346746	0.972941	0.880471	0.569388</FloatingPoint>
			</Individual>
			<Individual size="2">
				<FitnessMax value="1.79279"/>
				<FloatingPoint size="50">	2.51639	1.51731	4.44465	3.69801	3.35079	2.74802	0.39473	4.1839	3.26005	3.81921	2.68966	0.486572	3.43773	2.81051	3.76286	3.44163	0.713042	0.542476	2.61097	3.47532	2.54903	0.718537	2.57484	2.69834	2.66136	4.01131	1.45641	4.75724	2.45281	3.40627	3.40042	1.61784	3.73217	2.76989	3.51988	2.4404	0.571855	3.51524	4.37989	3.4925	2.93006	0.55802	2.54882	4.25757	3.57923	4.49884	2.61097	6.10805	5.55023	5.51446</FloatingPoint>
				<FloatingPoint size="20">	0.922173	0.415503	0.753161	0.795419	0.875833	0.418528	0.934158	0.671562	0.834922	0.899797	0.11028	0.683613	0.903924	0.560387	0.430894	0.909283	0.803386	0.862569	0.878164	0.569388</FloatingPoint>
			</Individual>
			<Individual size="2">
				<FitnessMax value="1.85286"/>
				<FloatingPoint size="50">	2.5175	1.51764	4.44287	3.68684	3.35103	2.74813	0.357308	4.17139	3.26005	3.82033	2.69032	0.483565	3.43754	2.8846	3.76286	3.44153	0.63851	0.542544	2.59921	3.52609	2.54945	0.720895	2.54217	2.7525	2.66159	4.03424	1.60976	4.75681	2.45168	3.41541	3.40069	1.61785	3.73225	2.72221	3.51971	2.4621	0.57885	3.63273	4.3799	3.39171	2.8145	0.558056	2.5578	4.72018	3.57697	4.49885	2.61097	6.47202	5.17166	5.57548</FloatingPoint>
				<FloatingPoint size="20">	0.920022	0.414391	0.753161	0.795419	0.876361	0.418528	0.935132	0.671562	0.778586	0.939049	0.859678	0.802333	0.903924	0.560387	0.430894	0.906707	0.77547	0.864452	0.882506	0.722549</FloatingPoint>
			</Individual>
			<Individual size="2">
				<FitnessMax value="1.85286"/>
				<FloatingPoint size="50">	2.51639	1.51731	4.44465	3.69801	3.35089	2.74803	0.394813	4.1839	3.26005	3.82032	2.68966	0.486572	3.43773	2.81051	3.76286	3.44163	0.713017	0.542476	2.61097	3.47532	2.54903	0.718998	2.57484	2.69834	2.66146	4.01131	1.60817	4.75724	2.45281	3.42049	3.40042	1.61737	3.73217	2.74067	3.51988	2.4404	0.583889	3.00737	4.37992	3.4925	2.93006	0.55802	2.55043	4.25757	3.57923	4.49884	2.61097	6.47341	5.3919	5.52042</FloatingPoint>
				<FloatingPoint size="20">	0.922173	0.414391	0.753161	0.795419	0.875833	0.418528	0.934158	0.671562	0.834922	0.899797	0.830889	0.0418562	0.903924	0.560387	0.430894	0.909283	0.835406	0.862569	0.878164	0.569388</FloatingPoint>
			</Individual>
			<Individual size="2">
				<FitnessMax value="1.79279"/>
				<FloatingPoint size="50">	2.51639	1.51731	4.44465	3.69801	3.35079	2.74802	0.394813	4.1839	3.26005	3.82032	2.68966	0.486572	3.43773	2.81051	3.76286	3.44163	0.713017	0.542476	2.61097	3.47532	2.54903	0.718537	2.57484	2.69834	2.66136	4.01131	1.60817	4.75724	2.45281	3.42049	3.40042	1.61737	3.73217	2.76989	3.51988	2.4404	0.571855	3.00737	4.37989	3.4925	2.93006	0.55802	2.54882	4.25757	3.57923	4.49884	2.61097	6.47341	5.55023	5.51446</FloatingPoint>
				<FloatingPoint size="20">	0.918789	0.448411	0.741421	0.795382	0.874156	0.401874	0.934964	0.671562	0.811732	0.899797	0.664734	0.697485	0.903924	0.757538	0.427357	0.908891	0.653557	0.863422	0.877514	0.631466</FloatingPoint>
			</Individual>
			<Individual size="2">
				<FitnessMax value="1.71737"/>
				<FloatingPoint size="50">	2.51639	1.51731	4.44465	3.69801	3.35079	6.89701	0.394813	4.1839	3.26005	3.82032	2.68966	0.486572	3.43773	2.81051	3.76286	3.44163	0.713017	0.542476	2.61097	3.47532	2.54903	0.718537	2.57484	2.69834	2.66136	4.01131	1.60817	4.75724	2.45281	3.42049	3.40042	1.61737	3.73217	2.76989	3.51988	2.4404	0.571855	3.00737	4.37989	3.4925	2.93006	0.55802	2.54882	4.25757	3.57923	4.49884	2.61097	6.47341	5.55023	5.51446</FloatingPoint>
				<FloatingPoint size="20">	0.921674	0.414391	0.753161	0.795419	0.875833	0.6481	0.934158	0.671562	0.834922	0.899797	0.830889	0.683613	0.903924	0.560387	0.430894	0.909283	0.590569	0.862569	0.878164	0.569388</FloatingPoint>
			</Individual>
			<Individual size="2">
				<FitnessMax value="1.79959"/>
				<FloatingPoint size="50">	2.51639	1.51731	4.44465	3.69801	3.35079	2.74802	0.39473	4.1839	3.26005	3.81921	2.68966	0.486572	3.43773	2.81051	3.76286	3.44163	0.713042	0.542476	2.61097	3.47532	2.54903	0.718537	2.57484	2.69834	2.66136	4.01131	1.45641	4.75724	2.45281	3.40627	3.40042	1.61784	3.73217	2.76989	3.51988	2.4404	0.571855	3.95551	4.37989	3.4925	2.93006	0.55802	2.54882	4.25757	3.57923	4.49884	2.61097	6.47341	5.55023	5.51446</FloatingPoint>
				<FloatingPoint size="20">	0.922173	0.414391	0.753161	0.557782	0.875833	0.418528	0.934158	0.671562	0.834922	0.899797	0.830889	0.683613	0.903924	0.553863	0.430894	0.909283	0.710486	0.862569	0.878164	0.569388</FloatingPoint>
			</Individual>
			<Individual size="2">
				<FitnessMax value="1.74852"/>
				<FloatingPoint size="50">	2.51214	1.533	4.44375	3.7114	3.35096	2.74719	0.366193	4.19692	3.26005	3.81967	2.68901	0.499852	3.44345	2.81923	3.76283	1.93472	0.712046	0.543457	2.57583	3.47939	2.50598	0.72006	2.56657	2.70435	2.66142	3.58997	1.59166	4.7577	2.45368	3.41029	3.40056	1.61774	3.73221	2.72732	3.51902	2.4355	0.572387	3.48093	4.37989	3.48978	2.84899	3.72663	2.55239	4.25917	3.57833	4.49885	2.61102	6.48831	5.35793	5.54844</FloatingPoint>
				<FloatingPoint size="20">	0.918245	0.217432	0.648458	0.808382	0.876573	0.417093	0.934867	0.614207	0.774976	0.911197	0.778406	0.784481	0.903729	0.583969	0.339789	0.908587	0.734287	0.864143	0.878911	0.155702</FloatingPoint>
			</Individual>
			<Individual size="2">
				<FitnessMax value="1.85179"/>
				<FloatingPoint size="50">	2.51214	1.53253	4.44578	3.71283	3.35113	2.74685	0.305681	4.20853	3.26005	3.82002	2.68852	0.49984	3.44336	2.78078	3.76283	3.4357	0.71304	0.543601	2.57972	3.47332	2.41564	0.720349	2.56421	2.70289	2.66147	3.6417	1.56747	4.75852	2.45042	3.41473	3.40063	1.61782	3.73232	2.72975	3.51875	2.41128	0.577834	3.48343	4.37989	3.44654	2.80996	0.558069	2.55235	4.26056	3.57778	4.49888	2.61103	6.52525	5.4492	5.55943</FloatingPoint>
				<FloatingPoint size="20">	0.918245	0.217432	0.648458	0.808382	0.876573	0.417093	0.934867	0.614207	0.774976	0.911197	0.778406	0.784481	0.903729	0.583969	0.339789	0.908587	0.734287	0.864143	0.878911	0.155702</FloatingPoint>
			</Individual>
			<Individual size="2">
				<FitnessMax value="1.79279"/>
				<FloatingPoint size="50">	2.51639	1.51731	4.44465	3.69801	3.35119	2.74805	0.39473	4.1839	3.26005	3.81921	2.68966	0.486572	3.43773	2.81051	3.76286	3.44163	0.713017	0.542476	2.61097	3.47532	2.54903	0.72147	2.57484	2.69834	2.66136	4.01131	1.45641	4.75724	2.45281	6.6723	3.40042	1.61737	3.73217	2.76989	3.51988	2.4404	0.586113	3.55057	4.37989	3.4925	2.93006	0.55802	2.55503	4.25757	3.57923	4.49884	2.61097	6.47341	5.20155	5.53407</FloatingPoint>
				<FloatingPoint size="20">	0.922016	0.421491	0.753161	0.795419	0.875833	0.418528	0.934637	0.671562	0.834922	0.905954	0.830889	0.706434	0.903924	0.562362	0.430894	0.90921	0.383708	0.901219	0.879215	0.569388</FloatingPoint>
			</Individual>
			<Individual size="2">
				<FitnessMax value="1.79279"/>
				<FloatingPoint size="50">	2.51639	1.51731	4.44465	3.69801	3.35079	2.74802	0.394813	4.1839	3.26005	3.82032	2.68966	0.486572	3.43773	2.81051	3.76286	3.44163	0.713042	0.542476	2.61097	3.47532	2.54903	0.718537	2.57484	2.69834	2.66136	4.01131	1.60817	4.75724	2.45281	3.42049	3.40042	1.61737	3.73217	2.76989	3.51988	2.4404	0.571855	3.51524	4.37989	3.4925	2.93006	0.55802	2.54882	4.25757	3.57923	4.49884	2.61097	6.47341	5.55023	5.51446</FloatingPoint>
				<FloatingPoint size="20">	0.923998	0.409605	0.742827	0.795271	0.875253	0.438624	0.934086	0.645858	0.794448	0.965444	0.799581	0.681169	0.845728	0.532422	0.428419	0.908289	0.593572	0.86194	0.880901	0.630435</FloatingPoint>
			</Individual>
			<Individual size="2">
				<FitnessMax value="1.85286"/>
				<FloatingPoint size="50">	2.51639	1.51731	4.44465	3.69801	3.35079	2.74802	0.394813	4.1839	3.26005	3.82032	2.68966	0.486572	3.43773	2.81051	3.76286	3.44163	0.713017	0.542476	2.61097	3.47532	2.54903	0.718537	2.57484	2.69834	2.66136	4.01131	1.60817	4.75724	2.45281	3.42049	3.40042	1.61737	3.73217	2.76989	3.51988	2.4404	0.571855	3.00737	4.37989	3.4925	2.93006	0.55802	2.54882	4.25757	3.57923	4.49884	2.61097	6.47341	5.55023	5.51446</FloatingPoint>
				<FloatingPoint size="20">	0.918789	0.448411	0.741421	0.795382	0.874156	0.401874	0.934964	0.671562	0.811732	0.899797	0.826627	0.697485	0.903924	0.757538	0.495968	0.908035	0.766012	0.867698	0.879604	0.462386</FloatingPoint>
			</Individual>
			<Individual size="2">
				<FitnessMax value="1.85286"/>
				<FloatingPoint size="50">	2.51639	1.51731	4.44465	3.69801	3.35119	2.74805	0.394813	4.1839	3.26005	3.82032	2.68966	0.486572	3.43773	2.81051	3.76286	3.44163	0.713017	0.542476	2.61097	3.47532	2.54903	0.72147	2.57484	2.69834	2.66136	4.01131	1.60817	4.75724	2.45281	3.42049	3.40042	1.61737	3.73217	2.72019	3.51988	2.4404	0.586113	3.00737	4.37994	3.4925	2.93006	0.55802	2.55503	4.25757	3.57923	4.49884	2.61097	6.47341	5.20155	5.53407</FloatingPoint>
				<FloatingPoint size="20">	0.917765	0.455005	0.747703	0.795405	0.875689	0.414316	0.934277	0.656694	0.828088	0.906984	0.829126	0.687916	0.903926	0.507269	0.445741	0.908695	0.716516	0.89326	0.732312	0.544012</FloatingPoint>
			</Individual>
			<Individual size="2">
				<FitnessMax value="1.85286"/>
				<FloatingPoint size="50">	2.51639	1.51731	4.44465	3.69801	3.35119	2.74805	0.394813	4.1839	3.26005	3.65303	2.68966	0.486572	3.43773	2.81051	3.76286	3.44163	0.713017	0.542476	2.61097	3.47532	2.54903	0.72147	2.57484	2.69834	2.66136	4.01131	1.60817	4.75724	2.45281	3.42049	3.40042	1.61737	3.73217	2.72019	3.51988	2.4404	0.57885	3.63273	4.3799	3.39171	2.8145	0.558056	2.5578	4.72018	3.57697	4.49885	2.61097	6.47202	5.17166	5.57548</FloatingPoint>
				<FloatingPoint size="20">	0.920022	0.414391	0.753161	0.795419	0.876361	0.418528	0.935132	0.671562	0.778586	0.939049	0.859678	0.802333	0.903924	0.560387	0.430894	0.906707	0.252764	0.864452	0.882506	0.722549</FloatingPoint>
			</Individual>
			<Individual size="2">
				<FitnessMax value="1.79469"/>
				<FloatingPoint size="50">	2.50789	1.51731	4.44465	3.69801	3.35082	2.74803	0.394813	4.1839	3.26005	3.82032	2.68921	0.486572	3.43773	2.81051	3.76286	3.44163	0.713017	0.542476	2.56125	3.47532	2.54903	0.718594	2.57483	2.69834	2.66145	4.01131	1.60817	4.75724	2.45281	3.42049	3.40042	1.61737	3.73205	2.75495	3.51988	2.4404	0.576934	3.00737	4.3799	3.4925	2.93006	0.55802	2.96468	4.25757	3.57923	4.49884	2.61097	6.47317	5.20155	5.53407</FloatingPoint>
				<FloatingPoint size="20">	0.922173	0.414391	0.753161	0.795419	0.875833	0.436879	0.908615	0.755291	0.171786	0.900578	0.832165	0.640039	0.903924	0.560387	0.430894	0.908653	0.773925	0.880941	0.879895	0.55197</FloatingPoint>
			</Individual>
			<Individual size="2">
				<FitnessMax value="1.73773"/>
				<FloatingPoint size="50">	2.5175	1.51764	4.44287	3.68684	3.35103	2.74813	0.357308	4.17139	3.26005	3.82033	2.69032	0.483565	3.43754	2.8846	3.76286	3.44153	0.63851	0.542544	2.59921	3.52609	2.54945	0.720895	2.54217	2.69834	0.467526	3.79263	1.53239	4.75724	2.45765	3.40659	3.40042	1.61776	3.73211	2.76053	3.51988	2.44042	0.57186	3.46448	4.3799	3.49282	2.93006	0.558115	2.55087	4.25757	3.57923	4.49884	2.61091	6.47329	5.55023	5.51642</FloatingPoint>
				<FloatingPoint size="20">	0.922173	0.414391	0.753161	0.795419	0.875833	0.418528	0.934158	0.671562	0.834922	0.899797	0.830889	0.683613	0.903924	0.560387	0.430894	0.909283	0.590569	0.862569	0.878164	0.569388</FloatingPoint>
			</Individual>
			<Individual size="2">
				<FitnessMax value="1.85179"/>
				<FloatingPoint size="50">	2.50789	1.51723	4.42377	3.72311	3.35103	2.74586	0.394725	4.26448	3.25992	3.82025	2.68735	0.468293	3.44484	2.76923	3.76275	3.44261	0.71304	0.55763	2.49788	3.16196	2.55846	0.721419	2.5214	2.75914	2.66261	3.57674	1.60822	4.76008	2.48466	3.41967	3.3998	1.61801	3.73245	2.72042	3.518	2.38921	0.616083	3.51529	4.37994	3.49218	2.93006	0.558003	2.55503	4.24887	3.57723	4.49884	2.61097	6.04625	5.20155	5.53407</FloatingPoint>
				<FloatingPoint size="20">	0.922244	0.448808	0.722891	0.795361	0.868511	0.37499	0.936315	0.461598	0.749263	0.977998	0.82169	0.806056	0.904093	0.563381	0.497966	0.907783	0.61125	0.869851	0.92522	0.402649</FloatingPoint>
			</Individual>
			<Individual size="2">
				<FitnessMax value="1.85179"/>
				<FloatingPoint size="50">	2.50789	1.51731	4.44465	3.69801	3.35119	2.74803	0.394813	4.1839	3.26005	3.81931	2.68921	0.486572	3.43773	2.8109	3.76286	3.44163	0.713041	0.542476	2.56125	3.47532	2.54903	0.718985	2.57483	2.69834	2.66136	3.57396	1.60837	4.75724	2.45281	3.4069	3.40042	1.61767	3.73205	2.72019	3.51988	2.44045	0.571865	3.41373	4.3799	3.49315	2.93006	0.55821	2.55293	4.25757	3.57923	4.49884	2.61097	6.47317	5.20155	5.53407</FloatingPoint>
				<FloatingPoint size="20">	0.91655	0.137649	0.704193	0.800887	0.876157	0.414857	0.935204	0.697825	0.807093	0.91308	0.827577	0.716403	0.903944	0.263101	0.461001	0.908643	0.743106	0.915228	0.880091	0.453545</FloatingPoint>
			</Individual>
			<Individual size="2">
				<FitnessMax value="1.79465"/>
				<FloatingPoint size="50">	2.51639	1.51731	4.44465	3.69801	3.35079	2.74802	0.394813	4.1839	3.26005	3.82032	2.68966	0.486572	3.43773	2.81051	3.76286	3.44163	0.713017	0.542476	2.61097	3.47532	2.54903	0.718537	2.57484	2.69834	2.66136	4.01131	1.60817	4.75724	2.45281	3.42049	3.40042	1.61737	3.73217	6.66473	3.51988	2.4404	0.571855	3.00737	4.37989	3.4925	2.93006	0.55802	2.54882	4.25757	3.57923	4.49884	2.61097	6.47341	5.55023	5.51446</FloatingPoint>
				<FloatingPoint size="20">	0.921631	0.40407	0.753161	0.795419	0.875833	0.652196	0.913977	0.688151	0.835039	0.899797	0.830889	0.683613	0.903924	0.752572	0.472647	0.909141	0.763863	0.894245	0.879503	0.462404</FloatingPoint>
			</Individual>
			<Individual size="2">
				<FitnessMax value="1.85286"/>
				<FloatingPoint size="50">	2.51639	1.51731	4.44465	3.69801	3.35079	2.74802	0.39473	4.1839	3.26005	3.81921	2.68966	0.486572	3.43773	2.81051	3.76286	3.44163	0.713042	0.542476	2.61097	3.47532	2.54903	0.718537	2.57484	2.69834	2.66136	4.01131	1.45641	4.75724	2.45281	3.40627	3.40042	1.61784	3.73217	2.76989	3.51988	2.4404	0.571855	3.51524	4.37989	3.4925	2.93006	0.55802	2.54882	4.25757	3.57923	4.49884	2.61097	6.10805	5.55023	5.51446</FloatingPoint>
				<FloatingPoint size="20">	0.922173	0.414391	0.753161	0.795419	0.875833	0.104365	0.934158	0.671562	0.834922	0.899797	0.830889	0.683613	0.903924	0.552489	0.430894	0.909283	0.436773	0.862569	0.878164	0.569388</FloatingPoint>
			</Individual>
			<Individual size="2">
				<FitnessMax value="1.79199"/>
				<FloatingPoint size="50">	2.5175	1.51731	4.44458	3.69801	3.3509	2.74802	0.394788	4.1839	3.26005	3.81984	2.6894	0.486572	3.43901	2.8109	3.76286	3.44165	0.713028	0.542476	2.57553	3.47532	2.54903	0.718556	2.57484	2.69834	2.66136	3.90156	1.60829	4.75724	2.45318	3.42027	3.40042	1.61744	3.73215	2.73859	3.51988	2.78129	0.576167	3.04673	4.3799	3.4926	2.93006	0.558049	2.54928	4.25757	5.3189	4.49884	2.61097	6.47331	5.48207	5.51668</FloatingPoint>
				<FloatingPoint size="20">	0.922173	0.414391	0.753161	0.795419	0.875833	0.418528	0.934158	0.373157	0.834922	0.899797	0.830889	0.683613	0.903924	0.560387	0.430894	0.909283	0.590569	0.862569	0.878164	0.569388</FloatingPoint>
			</Individual>
			<Individual size="2">
				<FitnessMax value="1.85286"/>
				<FloatingPoint size="50">	2.51639	1.51731	4.44465	3.69801	3.35079	2.74802	0.39473	4.1839	3.26005	3.81921	2.68966	0.486572	3.43773	2.81051	3.76286	3.44163	0.713042	0.542476	2.61097	3.47532	2.54903	0.718537	2.57484	2.69834	2.66136	4.01131	1.45641	4.75724	2.45281	3.40627	3.40042	1.61784	3.73217	2.76989	3.51988	2.4404	0.571855	3.51524	4.37989	3.4925	2.93006	0.55802	2.54882	4.25757	3.57923	4.49884	2.61097	6.10805	5.55023	5.51446</FloatingPoint>
				<FloatingPoint size="20">	0.921674	0.414391	0.753161	0.795419	0.875833	0.6481	0.934158	0.671562	0.834922	0.899797	0.830889	0.534234	0.903924	0.560387	0.430894	0.909283	0.706725	0.862569	0.878164	0.519544</FloatingPoint>
			</Individual>
			<Individual size="2">
				<FitnessMax value="1.85286"/>
				<FloatingPoint size="50">	2.51639	1.51731	4.44465	3.69801	3.35079	2.74802	0.394813	4.1839	3.26005	3.82032	2.68966	0.486572	3.43773	2.81051	3.76286	3.44163	0.713017	0.542476	2.61097	3.47532	2.54903	0.718537	2.57484	2.69834	2.66136	4.01131	1.60817	4.75724	2.45281	3.42049	3.40042	1.61737	3.73217	2.76989	3.51988	2.4404	0.571855	3.00737	4.37989	3.4925	2.93006	0.55802	2.54882	4.25757	3.57923	4.49884	2.61097	6.47341	5.55023	5.51446</FloatingPoint>
				<FloatingPoint size="20">	0.921674	0.414391	0.753161	0.795419	0.875833	0.6481	0.934158	0.671562	0.834922	0.899797	0.830889	0.683613	0.903924	0.757538	0.472602	0.908793	0.766012	0.920815	0.879604	0.462386</FloatingPoint>
			</Individual>
			<Individual size="2">
				<FitnessMax value="1.78078"/>
				<FloatingPoint size="50">	2.50789	1.51723	4.42377	3.72311	3.35103	2.74586	0.394725	4.81307	3.25992	3.82025	2.68735	0.48126	3.44484	2.76923	3.76275	3.44261	0.71304	0.55763	2.49788	3.53009	2.55846	0.721419	2.5214	2.75914	2.66261	3.57674	1.60822	4.76008	2.48466	3.41967	3.3998	1.61801	3.73245	2.72042	3.518	2.38921	0.582137	3.43335	4.37993	3.43437	2.75267	0.558331	2.55103	4.26117	3.57089	4.49891	2.61083	6.59321	5.5503	5.47358</FloatingPoint>
				<FloatingPoint size="20">	0.939932	0.0980994	0.56114	0.795401	0.875121	0.411473	0.934107	0.669465	0.823177	0.90651	0.826344	0.694551	0.903915	0.514415	0.478637	0.427544	0.717861	0.892254	0.744162	0.539606</FloatingPoint>
			</Individual>
			<Individual size="2">
				<FitnessMax value="1.85286"/>
				<FloatingPoint size="50">	2.51639	1.51731	4.44465	3.69801	3.35119	2.74805	0.394813	4.1839	3.26005	3.82032	2.68981	0.486572	3.43773	2.81051	3.76286	3.44163	0.713017	0.542476	2.61097	3.47532	2.54903	0.72147	2.57484	2.69834	2.66136	4.01131	1.60817	4.75724	2.45281	3.42049	3.40042	1.61737	3.73217	2.72019	3.51988	2.4404	0.586113	3.00737	4.37994	3.4925	2.93006	0.55802	2.55503	4.25757	3.57923	4.49884	2.61097	6.47341	5.20155	5.53407</FloatingPoint>
				<FloatingPoint size="20">	0.922173	0.414391	0.753161	0.795419	0.875833	0.418528	0.934158	0.671562	0.834922	0.899797	0.830889	0.683613	0.903924	0.560387	0.430894	0.909283	0.803386	0.862569	0.878164	0.569388</FloatingPoint>
			</Individual>
			<Individual size="2">
				<FitnessMax value="1.85179"/>
				<FloatingPoint size="50">	2.50789	1.51723	4.42377	3.72311	3.35103	2.74586	0.394725	4.26448	3.25992	3.82025	2.68735	0.468293	3.44484	2.76923	3.76275	3.44261	0.71304	0.55763	2.49788	3.16196	2.55846	0.721419	2.5214	2.75914	2.66261	3.57674	1.60822	4.76008	2.48466	3.41967	3.3998	1.61801	3.73245	2.72042	3.518	2.38921	0.616083	3.51529	4.37994	3.49218	2.93006	0.558003	2.55503	4.24887	3.57723	4.49884	2.61097	6.04625	5.20155	5.53407</FloatingPoint>
				<FloatingPoint size="20">	0.918789	0.448411	0.741421	0.795382	0.874156	0.401874	0.934964	0.556684	0.811732	0.966916	0.826627	0.697485	0.903954	0.410864	0.495968	0.908035	0.709709	0.867698	0.914712	0.412132</FloatingPoint>
			</Individual>
			<Individual size="2">
				<FitnessMax value="1.85286"/>
				<FloatingPoint size="50">	2.51639	1.51731	4.44465	3.69801	3.35119	2.74805	0.394813	4.1839	3.26005	3.82032	2.68981	0.486572	3.43773	2.81051	3.76286	3.44163	0.713017	0.542476	2.61097	3.47532	2.54903	0.72147	2.57484	2.69834	2.66136	4.01131	1.60817	4.75724	2.45281	3.42049	3.40042	1.61737	3.73217	2.72019	3.51988	2.4404	0.586113	3.00737	4.37994	3.4925	2.93006	0.55802	2.55503	4.25757	3.57923	4.49884	2.61097	6.47341	5.20155	5.53407</FloatingPoint>
				<FloatingPoint size="20">	0.922173	0.414391	0.753161	0.795419	0.875833	0.418528	0.934158	0.671562	0.834922	0.899797	0.830889	0.683613	0.903924	0.5411	0.430894	0.909283	0.70603	0.90467	0.878164	0.569388</FloatingPoint>
			</Individual>
		</Deme>
	</Population>
</ECF>
