<?xml version="1.0" encoding="ISO-8859-1"?>
<ECF milestone="Mon Jun 18 18:06:10 2018
">
	<Registry>
		<Entry key="1FloatingPoint.dimension">20</Entry>
		<Entry key="1FloatingPoint.lbound">0</Entry>
		<Entry key="1FloatingPoint.ubound">1</Entry>
		<Entry key="FloatingPoint.dimension">50</Entry>
		<Entry key="FloatingPoint.lbound">0</Entry>
		<Entry key="FloatingPoint.ubound">6.99</Entry>
		<Entry key="SteadyStateTournament.tsize">3</Entry>
		<Entry key="batch.logfile_">*</Entry>
		<Entry key="batch.remaining_">0</Entry>
		<Entry key="batch.repeats">1</Entry>
		<Entry key="batch.singlemilestone">1</Entry>
		<Entry key="batch.statsfile">stats/ohlc_bitfinex_xrpusd_21600_10_100_0.9_0.7.csv</Entry>
		<Entry key="data.balance">7.70604</Entry>
		<Entry key="data.input">data/train/ohlc_bitfinex_xrpusd_21600.csv</Entry>
		<Entry key="data.test">data/test/ohlc_bitfinex_xrpusd_21600.csv</Entry>
		<Entry key="fuzzy.langvars">conf/ohlc_bitfinex_xrpusd_21600.conf</Entry>
		<Entry key="fuzzy.numrules">10</Entry>
		<Entry key="fuzzy.threshold">0.7</Entry>
		<Entry key="log.frequency">10</Entry>
		<Entry key="log.level">3</Entry>
		<Entry key="milestone.elapsedtime_">302</Entry>
		<Entry key="milestone.filename">milestones/ohlc_bitfinex_xrpusd_21600_10_100_0.9_0.7.txt</Entry>
		<Entry key="milestone.generation_">2999</Entry>
		<Entry key="mutation.indprob">0.9</Entry>
		<Entry key="operator.logfile">log/ohlc_bitfinex_xrpusd_21600_10_100_0.9_0.7.csv</Entry>
		<Entry key="population.size">100</Entry>
		<Entry key="term.eval">300000</Entry>
		<Entry key="term.maxtime">1800</Entry>
	</Registry>
	<Population size="1">
		<HallOfFame size="1">
			<Individual size="2" gen="2793">
				<FitnessMax value="5.92162"/>
				<FloatingPoint size="50">	2.64653	1.61221	2.49327	3.53264	3.28383	2.46672	0.621343	3.78544	4.54841	4.75611	2.48998	0.623908	4.44737	1.60566	2.37006	2.51386	0.367001	4.1917	3.40559	3.35603	2.74343	0.431576	3.73702	3.15252	3.3093	2.7486	1.36978	4.8814	3.49673	3.74896	2.35673	0.589725	3.38529	5.15882	5.58656	2.50311	1.6639	4.47226	3.64632	3.58691	1.4886	0.707217	4.19913	1.55195	2.37646	2.65774	0.562829	3.66787	5.45283	4.26737</FloatingPoint>
				<FloatingPoint size="20">	0.956413	0.518582	0.631778	0.966288	0.985836	0.848661	0.989624	0.69317	0.804744	0.90566	0.886155	0.284092	0.641804	0.952599	0.859086	0.358513	0.959478	0.424297	0.768141	0.412775</FloatingPoint>
			</Individual>
		</HallOfFame>
		<Deme size="100">
			<HallOfFame size="1">
				<Individual size="2" gen="2793">
					<FitnessMax value="5.92162"/>
					<FloatingPoint size="50">	2.64653	1.61221	2.49327	3.53264	3.28383	2.46672	0.621343	3.78544	4.54841	4.75611	2.48998	0.623908	4.44737	1.60566	2.37006	2.51386	0.367001	4.1917	3.40559	3.35603	2.74343	0.431576	3.73702	3.15252	3.3093	2.7486	1.36978	4.8814	3.49673	3.74896	2.35673	0.589725	3.38529	5.15882	5.58656	2.50311	1.6639	4.47226	3.64632	3.58691	1.4886	0.707217	4.19913	1.55195	2.37646	2.65774	0.562829	3.66787	5.45283	4.26737</FloatingPoint>
					<FloatingPoint size="20">	0.956413	0.518582	0.631778	0.966288	0.985836	0.848661	0.989624	0.69317	0.804744	0.90566	0.886155	0.284092	0.641804	0.952599	0.859086	0.358513	0.959478	0.424297	0.768141	0.412775</FloatingPoint>
				</Individual>
			</HallOfFame>
			<Individual size="2">
				<FitnessMax value="1.97247"/>
				<FloatingPoint size="50">	2.64941	1.71866	2.48703	3.53252	3.36845	2.45963	0.622201	3.71679	4.54965	4.75517	2.40096	0.62383	4.43974	1.60708	2.51197	2.54832	0.36702	4.19899	3.41399	3.38652	2.78949	0.431372	3.73372	3.15243	3.30934	2.54424	1.41547	4.87748	3.4988	3.74997	2.49742	0.589435	3.2169	5.26909	5.58666	2.50756	1.67954	4.48289	3.61001	3.58645	1.48295	0.705195	4.19913	1.6576	2.44876	2.60806	0.572766	3.6591	5.43074	4.3741</FloatingPoint>
				<FloatingPoint size="20">	0.955342	0.336816	0.632536	0.894631	0.97476	0.237511	0.989624	0.699291	0.896985	0.91754	0.906983	0.205039	0.590791	0.951456	0.836596	0.0824687	0.952471	0.156795	0.768484	0.415116</FloatingPoint>
			</Individual>
			<Individual size="2">
				<FitnessMax value="5.89293"/>
				<FloatingPoint size="50">	2.65423	1.5957	2.48827	3.53187	3.37495	2.45967	0.618348	3.60079	4.55219	4.7517	2.38452	0.623892	4.38204	1.60704	2.27483	2.49305	0.367019	4.20113	3.41009	3.40879	2.74508	0.430102	3.73285	3.15218	3.19927	2.59966	1.38624	4.86555	3.50291	3.74913	2.32209	0.588723	3.26978	5.13575	5.58644	2.50809	1.67864	4.48396	3.62353	3.58643	1.49734	0.702812	4.26798	1.60787	2.45674	2.72005	0.570023	3.66253	5.40761	4.34811</FloatingPoint>
				<FloatingPoint size="20">	0.955335	0.317302	0.632198	0.901761	0.973587	0.160757	0.989624	0.691021	0.773159	0.917493	0.906983	0.129958	0.590791	0.951475	0.841896	0.319834	0.952447	0.519641	0.768487	0.414874</FloatingPoint>
			</Individual>
			<Individual size="2">
				<FitnessMax value="5.89293"/>
				<FloatingPoint size="50">	2.65047	1.60454	2.48698	3.53184	3.36879	2.45476	0.618767	3.60958	4.5475	4.75466	2.42338	0.623878	4.39865	1.60649	2.42505	2.49759	0.367019	4.19975	3.39249	3.39428	2.82101	0.384746	3.73306	3.31716	3.23948	2.6161	1.38311	4.80531	3.50494	3.52099	2.35026	0.588849	3.26449	5.1476	5.58646	2.5073	1.67963	4.48027	3.61356	3.58655	1.4931	0.704415	4.26536	1.57312	2.45141	2.71421	0.569535	3.66269	5.40649	4.34185</FloatingPoint>
				<FloatingPoint size="20">	0.955342	0.0544683	0.631778	0.902215	0.985836	0.274191	0.989624	0.699291	0.773158	0.91764	0.906983	0.1301	0.590793	0.951403	0.764217	0.39432	0.952211	0.491946	0.768357	0.416969</FloatingPoint>
			</Individual>
			<Individual size="2">
				<FitnessMax value="5.89293"/>
				<FloatingPoint size="50">	2.64653	1.61221	2.49327	3.53264	3.28383	2.46672	0.621343	3.78544	4.54841	4.75611	2.48998	0.623908	4.44737	1.60566	2.37006	2.51386	0.367001	4.1917	3.40559	3.35603	2.74343	0.431576	3.73702	3.15252	3.3093	2.7486	1.36978	4.8814	3.49673	3.74896	2.35673	0.589725	3.38529	5.15882	5.58656	2.50311	1.6639	4.47226	3.64632	3.58691	1.4886	0.707217	4.19913	1.55195	2.37646	2.65774	0.562829	3.66787	5.45283	4.26737</FloatingPoint>
				<FloatingPoint size="20">	0.955342	0.456022	0.631778	0.902215	0.973521	0.836063	0.989624	0.699291	0.773158	0.917464	0.906983	0.130548	0.590793	0.951528	0.841704	0.256839	0.952246	0.492909	0.76857	0.414493</FloatingPoint>
			</Individual>
			<Individual size="2">
				<FitnessMax value="5.89293"/>
				<FloatingPoint size="50">	2.64586	1.4044	2.49847	3.53262	3.3543	2.46598	0.621087	3.78213	4.50022	4.75327	2.48937	0.63074	4.4463	1.60568	2.35535	2.51566	0.367021	4.19179	3.41432	3.38115	2.74319	0.431562	3.73562	3.1532	3.30933	2.65718	1.37968	4.87634	3.5239	3.75421	2.35673	0.428425	3.30082	5.18084	5.5867	2.50915	1.67947	4.47291	3.60523	3.58889	1.48858	0.707073	4.19913	1.58558	2.45294	2.66263	0.551756	3.65864	5.44394	4.33802</FloatingPoint>
				<FloatingPoint size="20">	0.955342	0.289564	0.631778	0.902215	0.967592	0.484527	0.989624	0.699291	0.773158	0.91764	0.906983	0.131331	0.590793	0.951446	0.955485	0.415682	0.95242	0.452637	0.76851	0.413842</FloatingPoint>
			</Individual>
			<Individual size="2">
				<FitnessMax value="5.89293"/>
				<FloatingPoint size="50">	2.65028	1.61419	2.48964	3.52838	3.3602	2.45681	0.620574	3.77198	4.5444	4.73423	2.48541	0.625643	4.42784	1.6058	2.51265	2.51454	0.36702	4.18968	3.38277	3.37736	2.67418	0.431128	3.69335	3.15226	3.30942	2.51754	1.38127	4.85638	3.51379	3.75041	2.33868	0.541243	3.29305	5.34976	5.58658	2.50582	1.67506	4.47481	3.61712	3.58772	1.49508	0.703839	4.20464	1.61682	2.43986	2.65544	0.473637	3.6581	5.42266	4.33984</FloatingPoint>
				<FloatingPoint size="20">	0.957212	0.339521	0.634308	0.902215	0.973699	0.237491	0.989624	0.699291	0.773158	0.917422	0.906983	0.339191	0.59079	0.95148	0.844516	0.0658135	0.952446	0.555872	0.768488	0.415128</FloatingPoint>
			</Individual>
			<Individual size="2">
				<FitnessMax value="5.81636"/>
				<FloatingPoint size="50">	2.64941	1.71866	2.48703	3.53252	3.36845	2.45963	0.622201	3.71679	4.54965	4.75517	2.40096	0.62383	4.43974	1.60708	2.51197	2.54832	0.36702	4.19899	3.41399	3.38652	2.78949	0.431372	3.73372	3.15243	3.30934	2.54424	1.41547	4.87748	3.4988	3.74997	2.49742	0.589435	3.2169	5.26909	5.58666	2.50756	1.67954	4.48289	3.61001	3.58645	1.48295	0.705195	4.19913	1.6576	2.44876	2.60806	0.572766	3.6591	5.43074	4.3741</FloatingPoint>
				<FloatingPoint size="20">	0.906751	0.290907	0.631778	0.872714	0.98263	0.243497	0.989624	0.699291	0.773158	0.917582	0.906983	0.131163	0.590792	0.951452	0.814915	0.336037	0.952909	0.0361659	0.768469	0.414447</FloatingPoint>
			</Individual>
			<Individual size="2">
				<FitnessMax value="5.49639"/>
				<FloatingPoint size="50">	2.65423	1.5957	2.48827	3.53187	3.37495	2.45967	0.618348	3.60079	4.55219	4.7517	2.38452	0.623892	4.38204	1.60704	2.27483	2.49305	0.367019	4.20113	3.41009	3.40879	2.74508	0.430102	3.73285	3.15218	3.19927	2.59966	1.38624	4.86555	3.50291	3.74913	2.32209	0.588723	3.26978	5.13575	5.58656	2.50809	1.67864	4.48396	3.62353	3.58643	1.49734	0.702812	4.26798	1.60787	2.45674	2.72005	0.570023	3.66253	5.40761	4.34811</FloatingPoint>
				<FloatingPoint size="20">	0.946721	0.283	0.631778	0.966288	0.985836	0.848661	0.989624	0.69317	0.804744	0.90566	0.886155	0.284092	0.641804	0.952599	0.859086	0.358513	0.959478	0.137782	0.768141	0.412775</FloatingPoint>
			</Individual>
			<Individual size="2">
				<FitnessMax value="5.89293"/>
				<FloatingPoint size="50">	2.653	1.73858	2.48777	3.52957	3.36675	2.46013	0.619687	3.68958	4.55097	4.73849	2.39115	0.623885	4.41051	1.60674	2.57337	2.50666	0.367019	4.19846	3.41044	3.39821	2.70024	0.43086	3.73358	3.15224	3.26761	2.43856	1.38224	4.87392	3.50368	3.74951	2.33219	0.589043	3.28351	5.15408	5.58657	2.50681	1.67647	4.47797	3.62028	3.58667	1.49218	0.703511	4.23444	1.64543	2.43591	2.67055	0.517459	3.66044	5.40986	4.35624</FloatingPoint>
				<FloatingPoint size="20">	0.955342	0.878653	0.632778	0.902215	0.978771	0.821623	0.989624	0.699291	0.773158	0.917448	0.906983	0.130044	0.59079	0.951439	0.812096	0.252423	0.952486	0.575506	0.76843	0.415377</FloatingPoint>
			</Individual>
			<Individual size="2">
				<FitnessMax value="5.90972"/>
				<FloatingPoint size="50">	2.65589	1.61221	2.48624	3.53276	3.37007	2.45942	0.621472	3.76453	4.54841	4.75597	2.49001	0.623749	4.44782	1.60572	2.3702	2.51527	0.367023	4.19167	3.40849	3.38608	2.74339	0.431586	3.73543	3.15243	3.30934	2.53949	1.38028	4.87798	3.4953	3.75031	2.35673	0.589724	3.38093	5.15425	5.58685	2.50753	1.67987	4.4731	3.60196	3.58553	1.48861	0.707295	4.19913	1.57958	2.44115	2.66352	0.566425	3.65227	5.45121	4.35031</FloatingPoint>
				<FloatingPoint size="20">	0.956413	0.354889	0.631778	0.889176	0.985836	0.59686	0.989624	0.696366	0.805046	0.906551	0.799267	0.283882	0.641802	0.952599	0.861398	0.299394	0.959204	0.437601	0.768135	0.412775</FloatingPoint>
			</Individual>
			<Individual size="2">
				<FitnessMax value="5.40207"/>
				<FloatingPoint size="50">	2.64973	1.60495	2.48631	3.53269	3.36845	2.45965	0.619972	3.76143	4.54306	4.75538	2.48433	0.624846	4.44729	1.60579	2.36689	2.51525	0.367021	4.18721	3.41316	3.3738	2.74288	0.43119	3.73239	3.15219	3.30934	2.63998	2.1305	4.83774	3.5245	3.75089	2.35673	0.58892	3.28356	5.47591	5.58652	2.50731	1.67957	4.48488	3.60842	3.58737	1.49826	0.705979	4.19913	1.62735	2.47097	2.65636	0.563945	3.6554	5.42029	4.34258</FloatingPoint>
				<FloatingPoint size="20">	0.955342	0.119499	0.631778	0.902215	0.973521	0.836063	0.989624	0.699291	0.773158	0.917464	0.906983	0.130548	0.590793	0.951528	0.841704	0.256839	0.952246	0.492909	0.76857	0.414493</FloatingPoint>
			</Individual>
			<Individual size="2">
				<FitnessMax value="5.89293"/>
				<FloatingPoint size="50">	2.653	1.73858	2.48777	3.52957	3.36675	2.46013	0.619687	3.68958	4.55097	4.73849	2.39115	0.623885	4.46103	1.60674	2.57337	2.50666	0.367019	4.19846	3.41044	3.39821	2.70024	0.43086	3.73358	3.15224	3.26761	2.43856	1.38224	4.87392	3.50368	3.74951	2.33219	0.589043	3.28351	5.15408	5.58657	2.50681	1.67647	4.47797	3.62028	3.58667	1.49218	0.703511	4.23444	1.64543	2.43591	2.67055	0.517459	3.66044	5.40986	4.35624</FloatingPoint>
				<FloatingPoint size="20">	0.952004	0.318548	0.631778	0.902215	0.972783	0.304033	0.989624	0.699291	0.77314	0.917457	0.906983	0.1305	0.590793	0.951538	0.837056	0.286272	0.95222	0.535552	0.768527	0.414214</FloatingPoint>
			</Individual>
			<Individual size="2">
				<FitnessMax value="5.89293"/>
				<FloatingPoint size="50">	2.65423	1.5957	2.48888	3.52247	3.35323	2.46146	0.621101	3.60079	4.55219	4.70356	2.38452	0.623946	4.38204	1.60704	2.07783	2.49305	0.367017	4.20113	3.41214	3.40879	2.58417	0.430998	3.73285	3.15209	3.19927	2.03812	1.37849	4.86555	3.49883	3.7496	2.31498	0.588723	3.31016	5.17762	5.58644	2.50809	1.67864	4.45887	3.62353	3.58644	1.49734	0.701375	4.26798	1.61507	2.39129	2.65321	0.355022	3.66253	5.40761	4.33788</FloatingPoint>
				<FloatingPoint size="20">	0.955342	0.904187	0.631778	0.902215	0.974469	0.239069	0.989624	0.699291	0.773158	0.917436	0.906983	0.130671	0.59079	0.951477	0.840075	0.398869	0.952448	0.478456	0.768483	0.415029</FloatingPoint>
			</Individual>
			<Individual size="2">
				<FitnessMax value="5.89293"/>
				<FloatingPoint size="50">	2.64973	1.60495	2.48631	3.53269	3.36845	2.45965	0.619972	3.76143	4.54306	4.75538	2.48433	0.624846	4.44729	1.60579	2.36689	2.51525	0.367021	4.18721	3.41316	3.3738	2.74288	0.43119	3.73239	3.15219	3.30934	2.63998	1.38374	4.83774	3.5245	3.75089	2.35673	0.58892	3.28356	5.47591	5.58652	2.50731	1.67957	4.48488	3.60842	3.58737	1.49826	0.705979	4.19913	1.62735	2.47097	2.65636	0.563945	3.6554	5.42029	4.34258</FloatingPoint>
				<FloatingPoint size="20">	0.955342	0.0825937	0.631778	0.902215	0.985836	0.269482	0.989624	0.699291	0.773158	0.917485	0.906983	0.1301	0.590793	0.951441	0.798237	0.282077	0.952479	0.491823	0.768393	0.416495</FloatingPoint>
			</Individual>
			<Individual size="2">
				<FitnessMax value="5.89293"/>
				<FloatingPoint size="50">	2.64652	1.61272	2.49329	3.87839	3.28318	2.46684	0.621346	3.78549	4.54874	4.75609	2.49011	0.623859	4.44747	1.60566	2.36819	2.51388	0.367001	4.19169	3.4059	3.35568	2.74239	0.432218	3.73703	3.15252	3.3093	2.7496	1.36965	4.88253	3.49663	3.74929	2.35674	0.589996	3.38633	5.1582	5.58656	2.50306	1.66372	4.47224	3.64667	3.58691	1.48856	0.707232	4.19913	1.55169	2.37563	2.65767	0.562857	3.66793	5.45321	4.26659</FloatingPoint>
				<FloatingPoint size="20">	0.955342	0.456022	0.631778	0.902215	0.973521	0.836063	0.989624	0.699291	0.773158	0.917464	0.906983	0.130548	0.590793	0.951528	0.841704	0.256839	0.952246	0.492909	0.76857	0.414493</FloatingPoint>
			</Individual>
			<Individual size="2">
				<FitnessMax value="5.89293"/>
				<FloatingPoint size="50">	2.65281	1.61208	2.48664	3.53069	3.35323	2.46049	0.620334	3.60079	4.48479	4.75487	2.47732	0.623911	4.44508	1.60648	2.07783	2.49305	0.367019	4.20113	3.42574	3.40879	2.58417	0.430998	3.73285	3.15236	3.30933	2.03812	1.37849	4.86555	3.50194	3.7496	2.31498	0.588723	3.2904	5.17762	5.58644	2.50716	1.69215	4.45887	3.62353	3.58643	1.51103	0.702812	4.26798	1.63369	2.45674	2.72005	0.570023	3.66253	5.40761	4.33788</FloatingPoint>
				<FloatingPoint size="20">	0.955342	0.298326	0.631778	0.902215	0.974469	0.239069	0.989624	0.699291	0.773158	0.917436	0.906983	0.130671	0.59079	0.951477	0.840075	0.398869	0.952448	0.478456	0.768483	0.415029</FloatingPoint>
			</Individual>
			<Individual size="2">
				<FitnessMax value="5.64443"/>
				<FloatingPoint size="50">	2.65589	1.61221	2.48624	3.53276	3.37007	2.45942	0.621472	3.76453	4.54841	4.75597	2.49001	0.623749	4.44782	1.60572	2.3702	2.51527	0.367023	4.19167	3.40849	3.38608	2.74339	0.431586	3.73543	3.15243	3.30934	2.53949	1.38028	4.87798	3.4953	3.75031	2.35673	0.589724	3.38093	5.15425	5.58685	2.50753	1.67987	4.4731	3.60196	3.58553	1.48861	0.707295	4.19913	1.57958	2.44115	2.66352	0.566425	3.65227	5.45121	4.35031</FloatingPoint>
				<FloatingPoint size="20">	0.955342	0.235909	0.0482722	0.902215	0.973519	0.591452	0.989624	0.699291	0.773158	0.91742	0.906983	0.188808	0.590791	0.95144	0.844927	0.26777	0.952446	0.437601	0.768135	0.412775</FloatingPoint>
			</Individual>
			<Individual size="2">
				<FitnessMax value="5.89293"/>
				<FloatingPoint size="50">	2.64601	1.46529	2.49578	3.5326	3.35107	2.46098	0.621085	3.77058	4.51007	4.75371	2.48668	0.629203	4.43862	1.6058	2.39343	2.51607	0.367021	4.19221	3.41499	3.38363	2.75297	0.432298	3.73516	3.15303	3.30933	2.65134	1.38053	4.85959	3.51915	3.75328	2.35673	0.464272	3.28921	5.24088	5.58666	2.50866	1.68011	4.47369	3.60693	3.58835	1.49404	0.706522	4.19913	1.59201	2.45321	2.65776	0.555317	3.6587	5.43664	4.33688</FloatingPoint>
				<FloatingPoint size="20">	0.879712	0.402431	0.631778	0.902215	0.985836	0.241836	0.989624	0.699291	0.773158	0.91764	0.906983	0.131503	0.590793	0.951446	0.798411	0.395806	0.952372	0.476412	0.768503	0.414387</FloatingPoint>
			</Individual>
			<Individual size="2">
				<FitnessMax value="5.04138"/>
				<FloatingPoint size="50">	2.65589	1.61221	2.48624	3.53276	3.37007	2.45942	0.621472	3.76453	4.54841	4.75597	2.49001	0.623749	4.44782	1.60572	2.3702	2.51527	0.367023	4.19167	3.40849	3.38608	2.74339	0.431586	3.73543	3.15243	3.30934	2.53949	1.38028	4.87798	3.4953	3.75031	2.35673	0.589724	3.17123	5.15425	5.58685	2.50753	1.67987	4.4731	3.60196	3.58553	1.48861	0.707295	4.19913	1.57958	2.44115	2.66352	0.566425	3.65227	5.45121	4.35031</FloatingPoint>
				<FloatingPoint size="20">	0.955327	0.518582	0.631778	0.966288	0.985836	0.848661	0.499301	0.69317	0.804744	0.90566	0.886155	0.284092	0.641804	0.952599	0.859086	0.358513	0.959478	0.202072	0.768141	0.412775</FloatingPoint>
			</Individual>
			<Individual size="2">
				<FitnessMax value="5.89293"/>
				<FloatingPoint size="50">	2.64653	1.62619	2.48669	3.53161	3.35915	2.44739	0.621162	3.76507	4.5385	4.75506	2.47801	0.623853	4.42785	1.60599	2.4333	2.51205	0.367018	4.18977	3.36155	3.38084	2.85798	0.322266	3.73523	3.37017	3.30964	2.63166	1.38294	4.76716	3.50554	3.44563	2.35427	0.589161	3.25832	5.34592	5.58659	2.50716	1.68016	4.47856	3.61104	3.58681	1.49206	0.705408	4.1961	1.52901	2.45089	2.65408	0.56761	3.66288	5.40226	4.33702</FloatingPoint>
				<FloatingPoint size="20">	0.955342	0.0544683	0.631778	0.902215	0.985836	0.274191	0.989624	0.699291	0.773158	0.91764	0.906983	0.1301	0.590793	0.951403	0.764217	0.39432	0.952211	0.491946	0.768357	0.416969</FloatingPoint>
			</Individual>
			<Individual size="2">
				<FitnessMax value="4.86309"/>
				<FloatingPoint size="50">	2.65219	1.69146	2.48854	3.52921	3.35242	2.45812	0.620827	3.76511	4.54231	4.73581	2.43972	0.624944	4.42903	1.60636	2.67285	2.75704	0.367018	4.19381	3.39108	3.38794	2.7348	0.328074	3.73459	3.1523	3.30955	2.43336	1.39021	4.8528	3.50035	3.73974	2.34213	0.589398	3.30887	5.17716	5.58661	2.50623	1.67655	4.47158	3.61666	3.58704	1.49129	0.704556	0.790107	1.65469	2.41081	2.65081	0.502605	3.66095	5.42306	4.3495</FloatingPoint>
				<FloatingPoint size="20">	0.955342	0.249306	0.631778	0.902215	0.976177	0.360873	0.989624	0.699291	0.773158	0.91745	0.906983	0.159558	0.590791	0.951781	0.833938	0.549146	0.952392	0.504365	0.768529	0.414108</FloatingPoint>
			</Individual>
			<Individual size="2">
				<FitnessMax value="5.89293"/>
				<FloatingPoint size="50">	2.56067	1.57428	2.49194	3.53269	3.34557	2.45418	0.621081	3.78471	4.52656	4.75339	2.47365	0.626629	4.43578	1.60612	2.58241	2.51122	0.367019	4.1919	3.36199	3.38795	2.86695	0.305249	3.73546	3.15241	3.30984	2.66724	1.38231	4.75479	3.49791	3.71618	2.35556	0.589352	3.29614	5.19222	5.58657	2.50718	1.68032	4.47323	3.61227	3.58735	1.49208	0.706389	4.19907	1.57966	2.4347	2.66104	0.560223	3.66241	5.43673	4.34046</FloatingPoint>
				<FloatingPoint size="20">	0.887157	0.294568	0.631778	0.902215	0.97649	0.518508	0.989624	0.699291	0.773158	0.917422	0.906983	0.130446	0.590791	0.95141	0.825769	0.276738	0.952392	0.517516	0.768451	0.414607</FloatingPoint>
			</Individual>
			<Individual size="2">
				<FitnessMax value="5.89293"/>
				<FloatingPoint size="50">	2.65084	1.99753	2.48637	3.53265	3.36845	2.45957	0.620037	3.71894	4.55222	4.75156	2.32687	0.62383	4.44603	1.60716	2.82909	2.51509	0.367019	4.20204	3.40948	3.40036	2.74259	0.431579	3.73399	3.15243	3.30933	2.57775	1.41979	4.87736	3.50834	3.74985	2.35673	0.589055	3.27753	5.15557	5.58665	2.50748	1.67945	4.48646	3.61066	3.58711	1.48851	0.705954	4.19913	1.71028	2.44829	2.63018	0.587862	3.65813	5.40362	4.37955</FloatingPoint>
				<FloatingPoint size="20">	0.955342	0.172438	0.631778	0.902215	0.982335	0.0837232	0.989624	0.699291	0.773158	0.91756	0.906983	0.131127	0.590793	0.952023	0.793573	0.272783	0.952275	0.489713	0.768517	0.414064</FloatingPoint>
			</Individual>
			<Individual size="2">
				<FitnessMax value="5.31853"/>
				<FloatingPoint size="50">	2.65298	1.7198	2.48653	3.53262	3.36594	2.45956	0.62232	3.70503	4.73562	4.75444	2.44524	0.623805	4.43286	1.60711	2.80444	2.46045	0.36702	4.20029	3.41375	3.38988	2.80465	0.433059	3.73373	3.1524	3.29829	2.52093	1.38251	5.12566	3.50124	3.74985	2.4283	0.589115	3.2158	5.261	5.58666	2.50783	1.23855	4.47563	3.61025	3.58635	1.47087	0.705505	4.19991	1.6793	2.4492	2.61182	0.583821	3.65957	5.4054	4.37687</FloatingPoint>
				<FloatingPoint size="20">	0.918753	0.263144	0.631778	0.895617	0.985588	0.568759	0.989623	0.711781	0.802662	0.907052	0.798669	0.278487	0.638146	0.952517	0.603022	0.313346	0.955607	0.371416	0.768163	0.412904</FloatingPoint>
			</Individual>
			<Individual size="2">
				<FitnessMax value="5.60286"/>
				<FloatingPoint size="50">	2.65084	1.62344	2.49296	3.52407	3.35196	2.45397	0.621177	3.78253	4.54573	4.71308	2.4865	0.62644	4.40839	1.6058	2.65842	2.51382	0.367018	4.19216	3.35239	3.38092	2.60548	0.431066	3.65432	3.15233	3.30949	2.3951	1.37879	4.87502	3.50308	3.74993	2.32063	0.493566	3.30253	5.22361	5.58665	2.50433	1.67055	4.46474	3.62583	3.58807	1.49191	0.7017	4.21016	1.60629	2.40875	2.65452	0.383329	3.6608	5.42502	4.3371</FloatingPoint>
				<FloatingPoint size="20">	0.928393	0.31486	0.634164	0.903387	0.981572	0.483854	0.989623	0.706492	0.789652	0.908653	0.776683	0.271256	0.623338	0.952311	0.882125	0.324751	0.951174	0.539901	0.768206	0.414626</FloatingPoint>
			</Individual>
			<Individual size="2">
				<FitnessMax value="5.89293"/>
				<FloatingPoint size="50">	2.65423	1.5957	2.48827	3.53187	3.37495	2.45967	0.618348	3.60079	4.55219	4.7517	2.38452	0.623892	4.38204	1.60704	2.27483	2.49305	0.367019	4.20113	3.41009	3.40879	2.74508	0.430102	3.73285	3.15218	3.19927	2.59966	1.38624	4.86555	3.50291	3.74913	2.32209	0.588723	3.26978	5.13575	5.58644	2.50809	1.67864	4.48396	3.62353	3.58643	1.49734	0.702812	4.26798	1.60787	2.45674	2.72005	0.570023	3.66253	5.40761	4.34811</FloatingPoint>
				<FloatingPoint size="20">	0.955342	0.334162	0.631778	0.902215	0.974469	0.239069	0.989624	0.699291	0.773158	0.917436	0.906983	0.130671	0.59079	0.951477	0.840075	0.398869	0.952448	0.478456	0.768483	0.415029</FloatingPoint>
			</Individual>
			<Individual size="2">
				<FitnessMax value="5.80116"/>
				<FloatingPoint size="50">	2.65281	1.61208	2.48664	3.53069	3.33875	2.46049	0.620334	3.69839	4.48479	4.75487	2.47732	0.623911	4.44508	1.60648	2.50275	2.51506	0.367019	4.19217	3.42574	3.38758	2.52056	0.450836	3.73502	3.15236	3.30933	2.65274	1.38102	4.83373	3.50194	3.74971	2.35673	0.58923	3.2904	5.35327	5.58653	2.50716	1.69215	4.47849	3.62353	3.58643	1.51103	0.702812	4.26798	1.63369	2.45674	2.72005	0.570023	3.66253	5.40761	4.36222</FloatingPoint>
				<FloatingPoint size="20">	0.955342	0.337988	0.631778	0.902215	0.98575	0.237611	0.989624	0.699291	0.773158	0.917427	0.906983	0.118547	0.59079	0.951706	0.8953	0.341935	0.985505	0.899854	0.76842	0.414495</FloatingPoint>
			</Individual>
			<Individual size="2">
				<FitnessMax value="4.85473"/>
				<FloatingPoint size="50">	2.65158	1.80278	2.48803	3.52837	3.3621	2.46069	0.620547	3.74556	4.55015	4.73158	2.39937	0.623884	4.42876	1.60652	2.71403	0.164368	0.367019	4.1966	3.41048	3.39088	2.67596	0.431335	3.73409	3.15233	3.30933	2.35317	1.37957	4.88008	3.50943	3.74973	2.33916	0.58919	3.29678	5.1658	5.58666	2.50628	1.67512	4.47425	3.61768	3.5876	1.48901	0.704107	4.2133	1.6645	2.42382	2.64135	0.488895	3.65914	5.413	4.35787</FloatingPoint>
				<FloatingPoint size="20">	0.917527	0.311397	0.631778	0.906044	0.985836	0.579174	0.989623	0.742152	0.803985	0.905948	0.776841	0.296883	0.640577	0.952577	0.884773	0.330862	0.949691	0.499598	0.768151	0.412807</FloatingPoint>
			</Individual>
			<Individual size="2">
				<FitnessMax value="5.68521"/>
				<FloatingPoint size="50">	2.65084	1.62344	2.49296	3.52407	3.35196	2.45397	0.621177	3.78253	4.54573	4.71308	2.4865	0.62644	4.40839	1.6058	2.65842	2.51382	0.367018	4.19216	3.35239	3.38092	2.60548	0.431066	3.65432	3.15233	3.30949	2.3951	1.37879	4.87502	3.50308	3.74993	2.32063	0.493566	3.30253	5.22361	5.58665	2.50433	1.67055	4.46474	3.62583	3.58807	1.49191	0.7017	4.21016	1.60629	2.40875	2.65452	0.383329	3.6608	5.42502	4.3371</FloatingPoint>
				<FloatingPoint size="20">	0.955342	0.093965	0.633833	0.9029	0.985102	0.932143	0.989624	0.705929	0.780959	0.914124	0.804383	0.201181	0.598645	0.951948	0.935626	0.338256	0.951912	0.501316	0.768234	0.414591</FloatingPoint>
			</Individual>
			<Individual size="2">
				<FitnessMax value="5.89293"/>
				<FloatingPoint size="50">	2.64941	1.61583	2.48775	3.5327	3.31398	2.4594	0.621071	3.78548	4.54033	4.75567	2.48452	0.623907	4.42808	1.60593	2.51772	2.51279	0.367008	4.19361	3.35375	3.37847	2.74901	0.433132	3.73541	3.15227	3.30982	2.66214	1.37088	4.79902	3.50609	3.53268	2.35376	0.589704	3.32814	5.22663	5.58655	2.50337	1.66895	4.47562	3.61995	3.58672	1.49188	0.706007	4.19462	1.60064	2.39217	2.64686	0.567794	3.66657	5.41445	4.31364</FloatingPoint>
				<FloatingPoint size="20">	0.955342	0.0821736	0.631778	0.902215	0.985836	0.037152	0.989624	0.699291	0.773158	0.91764	0.906983	0.131946	0.590796	0.951924	0.764198	0.341953	0.952212	0.492102	0.768445	0.414456</FloatingPoint>
			</Individual>
			<Individual size="2">
				<FitnessMax value="5.77738"/>
				<FloatingPoint size="50">	2.56067	1.57428	2.49194	3.53269	3.34557	2.45418	0.621081	3.78471	4.52656	4.75339	2.47365	0.626629	4.43578	1.60612	2.58241	2.51122	0.367019	4.1919	3.36199	3.38795	2.86695	0.305249	3.73546	3.15241	3.30984	2.66724	1.38231	4.75479	3.49791	3.71618	2.35556	0.589352	3.29614	5.19222	5.58657	2.50718	1.68032	4.47323	3.61227	3.58735	1.49208	0.706389	4.19907	1.57966	2.4347	2.66104	0.560223	3.66241	5.43673	4.34046</FloatingPoint>
				<FloatingPoint size="20">	0.92125	0.340419	0.631778	0.902215	0.98112	0.301739	0.989624	0.699291	0.773158	0.917529	0.906983	0.751163	0.590793	0.951558	0.860534	0.309337	0.952512	0.576424	0.768453	0.414528</FloatingPoint>
			</Individual>
			<Individual size="2">
				<FitnessMax value="5.89293"/>
				<FloatingPoint size="50">	2.64973	1.63835	2.4868	3.53272	3.33856	2.44704	0.62107	3.78595	4.53806	4.75494	2.47263	0.623843	4.42055	1.60639	2.59712	2.50762	0.367018	4.19374	3.34143	3.39319	2.75339	0.444724	3.73526	3.15212	3.30988	2.63481	1.38247	4.71334	3.50617	3.40187	2.35047	0.589138	3.26735	5.25961	5.58653	2.50704	1.68069	4.47706	3.61561	3.58652	1.49879	0.700233	4.19008	1.63277	2.45304	2.64492	0.574346	3.66458	5.41066	4.34162</FloatingPoint>
				<FloatingPoint size="20">	0.955342	0.0822575	0.631778	0.902215	0.985836	0.219422	0.989624	0.699291	0.773158	0.917609	0.906983	0.131578	0.590795	0.951827	0.770994	0.329998	0.952265	0.492046	0.768435	0.414863</FloatingPoint>
			</Individual>
			<Individual size="2">
				<FitnessMax value="5.89293"/>
				<FloatingPoint size="50">	2.65281	1.61208	2.48664	3.53069	3.33875	2.46049	0.620334	3.69839	4.48479	4.75487	2.47732	0.623911	4.44508	1.60648	2.50275	2.51506	0.367019	4.19217	3.42574	3.38758	2.52056	0.450836	3.73502	3.15236	3.30933	2.65274	1.38102	4.83373	3.50194	3.74971	2.35673	0.58923	3.2904	5.35327	5.58653	2.50716	1.69215	4.47849	3.62353	3.58643	1.51103	0.702812	4.26798	1.63369	2.45674	2.72005	0.570023	3.66253	5.40761	4.36222</FloatingPoint>
				<FloatingPoint size="20">	0.955342	0.337988	0.634222	0.902215	0.973997	0.237611	0.989624	0.699291	0.773158	0.917427	0.906983	0.118547	0.59079	0.951479	0.843369	0.739936	0.952331	0.899854	0.76842	0.414495</FloatingPoint>
			</Individual>
			<Individual size="2">
				<FitnessMax value="5.89293"/>
				<FloatingPoint size="50">	2.655	1.6079	2.48733	3.53238	3.36989	2.45965	0.622398	3.69412	4.54937	4.75456	2.4626	0.623798	4.40538	1.60694	2.37564	2.46367	0.36702	4.19904	3.41577	3.38816	2.79969	0.431119	3.73344	3.15238	3.28897	2.51783	1.38553	4.87557	3.49902	3.74982	2.58502	0.589328	3.21254	5.39674	5.58667	2.50789	1.19055	4.47508	3.61157	3.58585	1.47379	0.704667	4.21188	1.59688	2.45033	2.56428	0.567449	3.66118	5.42879	4.34131</FloatingPoint>
				<FloatingPoint size="20">	0.955342	0.242019	0.631778	0.902215	0.985836	0.274191	0.989624	0.699291	0.773158	0.91764	0.906983	0.1301	0.590788	0.951403	0.937807	0.335868	0.952448	0.529109	0.768357	0.416969</FloatingPoint>
			</Individual>
			<Individual size="2">
				<FitnessMax value="5.89293"/>
				<FloatingPoint size="50">	2.65226	1.7908	2.48695	3.52916	3.35318	2.46047	0.620345	3.7164	4.49404	4.74838	2.42501	0.623909	4.43843	1.60651	2.63153	2.51499	0.367019	4.19395	3.41792	3.38773	2.64027	0.434796	3.7348	3.1523	3.30933	2.5806	1.38048	4.87898	3.5022	3.74973	2.33863	0.58923	3.29116	5.28605	5.58661	2.50701	1.68219	4.47535	3.62075	3.58671	1.51065	0.703001	4.22516	1.64771	2.43755	2.69598	0.551162	3.66009	5.41009	4.36147</FloatingPoint>
				<FloatingPoint size="20">	0.955342	0.286578	0.633551	0.902215	0.981037	0.277785	0.989624	0.699291	0.773158	0.917617	0.906983	0.122302	0.590789	0.951437	0.805117	0.3709	0.952489	0.645757	0.768439	0.415896</FloatingPoint>
			</Individual>
			<Individual size="2">
				<FitnessMax value="5.0659"/>
				<FloatingPoint size="50">	2.56067	1.63835	2.48904	3.53281	3.33856	2.47183	0.62107	3.78595	4.54841	4.75494	2.47263	0.624218	4.44768	3.27449	2.59712	2.50762	0.367018	4.19168	3.34143	3.37844	2.74342	0.171688	3.73522	3.15228	3.30988	2.76069	1.37248	4.88194	3.49544	3.74902	2.35673	0.589723	3.37702	5.15567	5.58653	2.50704	1.68069	4.47286	3.58911	3.59048	1.49879	0.707293	4.19913	1.70033	2.40382	2.66683	0.591593	3.66458	5.45173	4.34162</FloatingPoint>
				<FloatingPoint size="20">	0.952004	0.318548	0.631778	0.902215	0.972783	0.304033	0.989624	0.699291	0.77314	0.917457	0.906983	0.1305	0.590793	0.951538	0.837056	0.286272	0.95222	0.535552	0.768527	0.414214</FloatingPoint>
			</Individual>
			<Individual size="2">
				<FitnessMax value="2.81921"/>
				<FloatingPoint size="50">	2.65084	1.99753	2.48637	3.53265	3.36845	2.45957	0.620037	3.71894	4.55222	4.75156	2.32687	0.62383	4.44603	1.60716	2.82909	2.51509	0.367019	4.20204	3.40948	3.40036	2.74259	0.431579	3.73399	3.15243	3.30933	2.57775	1.41979	4.87736	3.50834	3.74985	2.35673	0.589055	3.27753	5.15557	2.30338	2.50748	1.67945	4.48646	3.61066	3.58711	1.48851	0.705954	4.19913	1.71028	2.44829	2.63018	0.587862	3.65813	5.40362	4.37955</FloatingPoint>
				<FloatingPoint size="20">	0.955342	0.175279	0.631778	0.902215	0.981661	0.12047	0.989624	0.699291	0.773158	0.917513	0.906983	0.394489	0.590793	0.951975	0.821725	0.276469	0.952337	0.508048	0.768494	0.414457</FloatingPoint>
			</Individual>
			<Individual size="2">
				<FitnessMax value="5.89293"/>
				<FloatingPoint size="50">	2.65084	1.99753	2.48637	3.53265	3.36845	2.45957	0.620037	3.71894	4.55222	4.75156	2.32687	0.62383	4.44603	1.60716	2.82909	2.51509	0.367019	4.20204	3.40948	3.40036	2.74259	0.431579	3.73399	3.15243	3.30933	2.57775	1.38082	4.87736	3.50834	3.74985	2.35673	0.589055	3.27753	5.15557	5.58665	2.50748	1.67945	4.48646	3.61066	3.58711	1.48851	0.705954	4.19913	1.71028	2.44829	2.63018	0.587862	3.65813	5.40362	4.37955</FloatingPoint>
				<FloatingPoint size="20">	0.955342	0.242019	0.631778	0.902215	0.985836	0.0883774	0.989624	0.699291	0.773158	0.91764	0.906983	0.1301	0.590793	0.952152	0.764217	0.00316446	0.952211	0.491946	0.768633	0.413095</FloatingPoint>
			</Individual>
			<Individual size="2">
				<FitnessMax value="5.63775"/>
				<FloatingPoint size="50">	2.655	1.6079	2.48733	3.53238	3.36989	2.45965	0.622398	3.69412	4.54937	4.75456	2.4626	0.623798	4.40538	1.60694	2.37564	2.46367	0.36702	4.19904	3.41577	3.38816	2.79969	0.431119	3.73344	3.15238	3.28897	2.51783	1.38553	4.87557	3.49902	3.74982	2.58502	0.589328	3.21254	5.39674	5.58667	2.50789	1.19055	4.47508	3.61157	3.58585	1.47379	0.704667	4.21188	1.59688	2.45033	2.56428	0.567449	3.66118	5.42879	4.34131</FloatingPoint>
				<FloatingPoint size="20">	0.955342	0.127535	0.537957	0.902215	0.985836	0.269167	0.989624	0.699291	0.773158	0.91764	0.906983	0.130705	0.59079	0.951491	0.887621	0.340162	0.952262	0.52034	0.76842	0.415997</FloatingPoint>
			</Individual>
			<Individual size="2">
				<FitnessMax value="5.83006"/>
				<FloatingPoint size="50">	2.64652	1.61272	2.49329	3.87839	3.28318	2.46684	0.621346	3.78549	4.54874	4.75609	2.49011	0.623859	4.44747	1.60566	2.36819	2.51388	0.367001	4.19169	3.4059	3.35568	2.74239	0.432218	3.73703	3.15252	3.3093	2.7496	1.36965	4.88253	3.49663	3.74929	2.35674	0.589996	3.38633	5.1582	5.58656	2.50306	1.66372	4.47224	3.64667	3.58691	1.48856	0.707232	4.19913	1.55169	2.37563	2.65767	0.562857	3.66793	5.45321	4.26659</FloatingPoint>
				<FloatingPoint size="20">	0.956413	0.518582	0.631778	0.966288	0.985836	0.836063	0.989624	0.699291	0.773158	0.917464	0.906983	0.284092	0.641804	0.951528	0.859086	0.256839	0.959478	0.492909	0.76857	0.414493</FloatingPoint>
			</Individual>
			<Individual size="2">
				<FitnessMax value="5.89293"/>
				<FloatingPoint size="50">	2.64652	1.61272	2.49329	3.87839	3.28318	2.46684	0.621346	3.78549	4.54874	4.75609	2.49011	0.623859	4.44747	1.60566	2.36819	2.51388	0.367001	4.19169	3.4059	3.35568	2.74239	0.432218	3.73703	3.15252	3.3093	2.7496	1.36965	4.88253	3.49663	3.74929	2.35674	0.589996	3.38633	5.1582	5.58656	2.50306	1.66372	4.47224	3.64667	3.58691	1.48856	0.707232	4.19913	1.55169	2.39839	2.67517	0.564867	3.66642	5.44042	4.29342</FloatingPoint>
				<FloatingPoint size="20">	0.955342	0.456022	0.631778	0.902215	0.973521	0.836063	0.989624	0.699291	0.773158	0.917464	0.906983	0.130548	0.590793	0.951528	0.841704	0.256839	0.952246	0.492909	0.76857	0.414493</FloatingPoint>
			</Individual>
			<Individual size="2">
				<FitnessMax value="5.89293"/>
				<FloatingPoint size="50">	2.65084	1.99753	2.48637	3.53265	3.36845	2.45957	0.620037	3.71894	4.55222	4.75156	2.32687	0.62383	4.44603	1.60716	2.82909	2.51509	0.367019	4.20204	3.40948	3.40036	2.74259	0.431579	3.73399	3.15243	3.30933	2.57775	1.41979	4.87736	3.50834	3.74985	2.35673	0.589055	3.27753	5.15557	5.58665	2.50748	1.67945	4.48646	3.61066	3.58711	1.48851	0.705954	4.19913	1.71028	2.44829	2.63018	0.587862	3.65813	5.40362	4.37955</FloatingPoint>
				<FloatingPoint size="20">	0.955342	0.172438	0.631778	0.902215	0.982335	0.0837232	0.989624	0.699291	0.773158	0.91756	0.906983	0.547447	0.590793	0.952023	0.793573	0.272783	0.952275	0.489713	0.768517	0.414064</FloatingPoint>
			</Individual>
			<Individual size="2">
				<FitnessMax value="5.90972"/>
				<FloatingPoint size="50">	2.63718	1.30301	2.50012	3.53281	3.36972	2.46686	0.621436	3.78397	4.54841	4.75666	2.48999	0.623946	4.44778	1.60567	2.3702	2.51417	0.367021	4.19167	3.40677	3.37205	2.74342	0.431587	3.7355	3.15332	3.30932	2.63454	1.37465	4.90287	3.62397	3.74949	2.35673	0.588147	3.40282	5.17719	5.58692	2.51172	1.67461	4.47291	3.60408	3.6046	1.48862	0.707754	4.19913	1.58047	2.43727	2.66371	0.565464	3.65868	5.45155	4.28545</FloatingPoint>
				<FloatingPoint size="20">	0.922279	0.236979	0.631778	0.906139	0.985836	0.58889	0.989623	0.743208	0.804744	0.90566	0.773633	0.300975	0.641804	0.952599	0.886184	0.333621	0.949626	0.50244	0.768141	0.412775</FloatingPoint>
			</Individual>
			<Individual size="2">
				<FitnessMax value="5.89293"/>
				<FloatingPoint size="50">	2.64601	1.5718	2.49244	3.53265	3.34627	2.45417	0.621087	3.78469	4.52385	4.75338	2.47493	0.629121	4.43576	1.60573	2.57439	2.51126	0.36702	4.19196	3.36394	3.38935	2.86854	0.355155	3.73555	3.15247	3.30978	2.65638	1.38236	4.75429	3.50634	3.70946	2.3551	0.589065	3.28705	5.19843	5.58658	2.5072	1.6802	4.47397	3.61302	3.58705	1.49186	0.706305	4.19903	1.5719	2.45304	2.66078	0.560001	3.66234	5.41363	4.34045</FloatingPoint>
				<FloatingPoint size="20">	0.955342	0.235909	0.631778	0.902215	0.973519	0.591452	0.989624	0.699291	0.773158	0.91742	0.906983	0.130661	0.590791	0.95144	0.844927	0.26777	0.952446	0.521407	0.768468	0.414544</FloatingPoint>
			</Individual>
			<Individual size="2">
				<FitnessMax value="5.47572"/>
				<FloatingPoint size="50">	2.65423	1.61583	2.48888	3.5327	3.31398	2.4594	0.621101	3.78548	4.55219	4.75567	2.38452	0.623907	4.38204	1.60704	2.51772	2.49305	0.367017	4.19361	3.35375	3.37847	2.58417	0.433132	3.73541	3.15227	3.30982	2.03812	1.37088	4.86555	3.50565	3.54873	2.35304	0.588723	3.31016	5.18618	5.58663	2.50809	1.67864	4.45887	5.30625	3.58658	1.49511	0.703259	4.19263	1.6071	2.42818	2.65321	0.572008	3.66253	5.41258	4.33343</FloatingPoint>
				<FloatingPoint size="20">	0.955342	0.0821736	0.631778	0.902215	0.985836	0.037152	0.989624	0.699291	0.773158	0.91764	0.906983	0.131946	0.590796	0.951924	0.969829	0.341953	0.952212	0.492102	0.768445	0.414456</FloatingPoint>
			</Individual>
			<Individual size="2">
				<FitnessMax value="5.89293"/>
				<FloatingPoint size="50">	2.64973	1.60495	2.48631	3.53269	3.36845	2.45965	0.619972	3.76143	4.54306	4.75538	2.48433	0.624846	4.44729	1.60579	2.36689	2.51525	0.367021	4.18721	3.41316	3.3738	2.74288	0.43119	3.73239	3.15219	3.30934	2.63998	1.38374	4.83774	3.5245	3.75089	2.35673	0.58892	3.28356	5.47591	5.58652	2.50731	1.67957	4.48488	3.60842	3.58737	1.49826	0.705979	4.19913	1.62735	2.47097	2.65636	0.563945	3.6554	5.42029	4.34258</FloatingPoint>
				<FloatingPoint size="20">	0.955342	0.0544683	0.631778	0.902215	0.985836	0.274191	0.989624	0.699291	0.773158	0.91764	0.906983	0.1301	0.590793	0.951403	0.764217	0.335868	0.952211	0.491946	0.768357	0.416969</FloatingPoint>
			</Individual>
			<Individual size="2">
				<FitnessMax value="5.56556"/>
				<FloatingPoint size="50">	2.64653	1.61221	2.49327	3.53264	3.28383	2.46672	0.621343	3.78544	4.54841	4.75611	2.48998	0.623908	4.44737	1.60642	2.37006	2.51386	0.367001	4.1917	3.40559	3.35603	2.74343	0.431576	3.73702	3.15252	3.3093	2.7486	1.36978	4.8814	3.49673	3.74896	2.35673	0.589725	3.38529	5.15882	5.58656	2.50311	1.6639	4.47226	3.64632	3.58691	1.4886	0.707217	4.19913	1.55195	2.37646	2.65774	0.562829	3.66787	5.45283	4.26737</FloatingPoint>
				<FloatingPoint size="20">	0.955342	0.456022	0.631778	0.902215	0.973521	0.836063	0.989624	0.699291	0.773158	0.917464	0.906983	0.130548	0.0566857	0.951528	0.841704	0.256839	0.952246	0.492909	0.76857	0.414493</FloatingPoint>
			</Individual>
			<Individual size="2">
				<FitnessMax value="3.97098"/>
				<FloatingPoint size="50">	2.64941	1.61583	2.48624	3.53276	3.31398	2.4594	0.621472	3.76453	4.54841	4.75567	2.48452	0.623907	4.42808	1.60572	2.51772	2.51279	0.367008	4.19361	3.35375	3.37847	2.74901	0.433132	3.73543	3.15227	3.30982	2.53949	1.38028	4.79902	3.50565	3.54873	2.35304	0.589724	3.38093	5.15425	5.58663	2.50753	1.68016	4.47856	3.60196	3.58553	1.49206	0.707295	4.1961	1.57958	2.45089	2.65408	0.56761	3.65227	5.45121	4.35031</FloatingPoint>
				<FloatingPoint size="20">	0.955342	0.386271	0.631778	0.902215	0.98575	0.0849694	0.989624	0.699291	0.773158	0.917637	0.906983	0.131514	0.590794	0.951706	0.8953	0.341935	0.952632	0.635332	0.768454	0.878604</FloatingPoint>
			</Individual>
			<Individual size="2">
				<FitnessMax value="4.97574"/>
				<FloatingPoint size="50">	2.64601	1.46529	2.49578	3.5326	3.35107	2.46098	0.621085	3.77058	4.51007	4.75371	2.48668	0.629203	4.43862	1.6058	2.39343	2.51607	0.367021	4.19221	4.48466	3.38363	2.75297	0.432298	3.73516	3.15303	3.30933	2.65134	1.38053	4.85959	3.51915	3.75328	2.35673	0.464272	3.28921	5.24088	5.58666	2.50866	1.68011	4.47369	3.60693	3.58835	1.49404	0.706522	4.19913	1.59201	2.45321	2.65776	0.555317	3.6587	5.43664	4.33688</FloatingPoint>
				<FloatingPoint size="20">	0.955342	0.268767	0.631778	0.902215	0.979567	0.275536	0.989624	0.699291	0.773158	0.917512	0.906983	0.130663	0.590793	0.95144	0.821546	0.369674	0.952438	0.51748	0.768487	0.414512</FloatingPoint>
			</Individual>
			<Individual size="2">
				<FitnessMax value="2.69197"/>
				<FloatingPoint size="50">	2.64973	1.63835	2.4868	3.53272	3.33856	2.44704	0.62107	3.78595	4.53806	4.75494	2.47263	0.623843	4.42055	1.60639	2.59712	2.50762	0.367018	4.19374	3.34143	3.39319	2.75339	0.444724	3.73526	3.15212	3.30988	2.63481	1.38247	4.71334	3.50617	3.40187	0.237801	0.589138	3.26735	5.25961	5.58653	2.50704	1.68069	4.47706	3.61561	3.58652	1.49879	0.700233	4.19008	1.63277	2.45304	2.64492	0.574346	3.66458	5.41066	4.34162</FloatingPoint>
				<FloatingPoint size="20">	0.955342	0.493222	0.631778	0.902215	0.980152	0.229246	0.989624	0.699291	0.773158	0.917522	0.906983	0.131124	0.590793	0.951652	0.805535	0.364433	0.952356	0.485251	0.768459	0.414946</FloatingPoint>
			</Individual>
			<Individual size="2">
				<FitnessMax value="5.89293"/>
				<FloatingPoint size="50">	2.65423	1.5957	2.48827	3.53187	3.37495	2.45967	0.618348	3.60079	4.55219	4.7517	2.38452	0.623892	4.38204	1.60704	2.27483	2.49305	0.367019	4.20113	3.41009	3.40879	2.74508	0.430102	3.73285	3.15218	3.19927	2.59966	1.38624	4.86555	3.50291	3.74913	2.32209	0.588723	3.26978	5.13575	5.58644	2.50809	1.67864	4.48396	3.62353	3.58643	1.49734	0.702812	4.26798	1.60787	2.45674	2.72005	0.570023	3.66253	5.40761	4.34811</FloatingPoint>
				<FloatingPoint size="20">	0.957285	0.33973	0.634407	0.902215	0.973669	0.237429	0.989624	0.699291	0.773158	0.917421	0.906983	0.347325	0.59079	0.95148	0.844689	0.0528222	0.952446	0.552852	0.768488	0.415124</FloatingPoint>
			</Individual>
			<Individual size="2">
				<FitnessMax value="5.89293"/>
				<FloatingPoint size="50">	2.64788	1.56412	2.49179	3.53261	3.3452	2.45554	0.621022	3.78118	4.51776	4.75363	2.47709	0.628518	4.43754	1.60583	2.54477	2.5121	0.36702	4.192	3.37603	3.38871	2.84051	0.371359	3.73546	3.15253	3.30969	2.65522	1.38203	4.7751	3.50598	3.71839	2.35545	0.564326	3.2876	5.2168	5.58659	2.50739	1.68071	4.47445	3.61317	3.58715	1.49303	0.705811	4.19914	1.57686	2.45368	2.66447	0.560235	3.66187	5.41649	4.34074</FloatingPoint>
				<FloatingPoint size="20">	0.955342	0.235909	0.631778	0.902215	0.973519	0.591452	0.989624	0.699291	0.773158	0.91742	0.906983	0.130661	0.590791	0.95144	0.844927	0.26777	0.952446	0.521407	0.768468	0.414544</FloatingPoint>
			</Individual>
			<Individual size="2">
				<FitnessMax value="5.57716"/>
				<FloatingPoint size="50">	2.65224	1.82582	2.48747	3.52817	3.36175	2.4604	0.620506	3.74379	4.55023	4.73043	2.3952	0.623881	4.42789	1.60656	2.75565	2.51497	0.367018	4.19683	3.41065	3.39175	2.67285	0.431323	3.73403	3.15228	3.30933	2.3402	1.37979	4.87903	3.50415	3.74974	2.33835	0.589238	3.2919	5.16528	5.58665	2.50603	1.67514	4.47432	3.61831	3.58681	1.48903	0.703939	4.21395	1.66837	2.4232	2.64032	0.485365	3.65916	5.41123	4.36121</FloatingPoint>
				<FloatingPoint size="20">	0.955342	0.844514	0.248047	0.737525	0.978374	0.260097	0.989624	0.699291	0.773158	0.917449	0.906983	0.129918	0.59079	0.951445	0.814397	0.260037	0.952469	0.574732	0.768438	0.415309</FloatingPoint>
			</Individual>
			<Individual size="2">
				<FitnessMax value="5.63932"/>
				<FloatingPoint size="50">	2.65084	1.99753	2.48637	3.53265	3.36845	2.45957	0.620037	3.71894	4.55222	4.75156	2.32687	0.62383	4.44603	1.60716	2.82909	2.51509	0.367019	4.20204	3.40948	3.40036	2.74259	0.431579	3.73399	3.15243	3.30933	2.57775	1.38082	4.87736	3.50834	3.74985	2.35673	0.589055	3.27753	5.15557	5.58665	2.50748	1.67945	4.48646	3.61066	3.58711	1.48851	0.705954	4.19913	1.71028	2.44829	2.63018	0.587862	3.65813	5.40362	4.37955</FloatingPoint>
				<FloatingPoint size="20">	0.955342	0.710631	0.577466	0.902215	0.974714	0.543694	0.989624	0.699291	0.773159	0.917442	0.906983	0.130671	0.590791	0.9515	0.83993	0.243781	0.952432	0.516843	0.768476	0.414498</FloatingPoint>
			</Individual>
			<Individual size="2">
				<FitnessMax value="5.89293"/>
				<FloatingPoint size="50">	2.64601	1.46529	2.49578	3.5326	3.35107	2.46098	0.621085	3.77058	4.51007	4.75371	2.48668	0.629203	4.43862	1.6058	2.39343	2.51607	0.367021	4.19221	3.41499	3.38363	2.75297	0.432298	3.73516	3.15303	3.30933	2.65134	1.38053	4.85959	3.51915	3.75328	2.35673	0.464272	3.28921	5.24088	5.58666	2.50866	1.68011	4.47369	3.60693	3.58835	1.49404	0.706522	4.19913	1.59201	2.45321	2.65776	0.555317	3.6587	5.43664	4.33688</FloatingPoint>
				<FloatingPoint size="20">	0.917527	0.311397	0.631778	0.902215	0.985836	0.185094	0.989624	0.699291	0.773183	0.91764	0.906983	0.130943	0.590793	0.951685	0.827574	0.218933	0.952355	0.384354	0.768546	0.414112</FloatingPoint>
			</Individual>
			<Individual size="2">
				<FitnessMax value="5.89293"/>
				<FloatingPoint size="50">	2.65043	1.89604	2.48641	3.53266	3.3661	2.45389	0.620526	3.75809	4.5502	4.75375	2.35952	0.62384	4.42189	1.60683	2.79937	2.51133	0.367019	4.19273	3.40504	3.39699	2.76867	0.250135	3.73447	3.15221	3.30941	2.61381	1.3855	4.82809	3.50761	3.71042	2.35658	0.589068	3.2735	5.16462	5.58656	2.50727	1.68023	4.57205	3.6112	3.58681	1.49224	0.702142	4.19242	1.54718	2.45263	2.63211	0.586698	3.66064	5.405	4.37329</FloatingPoint>
				<FloatingPoint size="20">	0.955342	0.456022	0.631778	0.902215	0.973521	0.498203	0.989624	0.699291	0.773158	0.917464	0.906983	0.130548	0.590793	0.951528	0.841704	0.267093	0.952246	0.492909	0.76857	0.414493</FloatingPoint>
			</Individual>
			<Individual size="2">
				<FitnessMax value="5.89293"/>
				<FloatingPoint size="50">	2.64601	1.46529	2.49578	3.5326	3.35107	2.46098	0.621085	3.77058	4.51007	4.75371	2.48668	0.629203	4.43862	1.6058	2.39343	2.51607	0.367021	4.19221	3.41499	3.38363	2.75297	0.432298	3.73516	3.15303	3.30933	2.65134	1.38053	4.85959	3.51915	3.75328	2.35673	0.464272	3.28921	5.24088	5.58666	2.50866	1.68011	4.47369	3.60693	3.58835	1.49404	0.706522	4.19913	1.59201	2.45321	2.65776	0.555317	3.6587	5.43664	4.33688</FloatingPoint>
				<FloatingPoint size="20">	0.955342	0.830693	0.632172	0.902215	0.984928	0.450377	0.989624	0.699291	0.773158	0.917586	0.906983	0.130911	0.590793	0.951445	0.802835	0.326595	0.952434	0.540052	0.768473	0.414987</FloatingPoint>
			</Individual>
			<Individual size="2">
				<FitnessMax value="5.1682"/>
				<FloatingPoint size="50">	2.64973	1.63835	2.4868	3.53272	3.33856	2.44704	0.62107	3.78595	4.53806	4.75494	2.47263	0.623843	4.42055	1.60639	2.59712	2.50762	0.367018	4.19374	3.34143	3.39319	2.75339	0.444724	3.73526	3.15212	3.30988	2.63481	1.38247	4.71334	3.50617	3.40187	2.35047	0.589138	3.26735	5.25961	5.58653	2.50704	1.68069	4.47706	3.61561	3.58652	1.49879	0.700233	4.19008	1.63277	2.45304	2.64492	0.574346	3.66458	5.41066	4.34162</FloatingPoint>
				<FloatingPoint size="20">	0.955342	0.334162	0.631778	0.902215	0.974469	0.737859	0.7291	0.699291	0.773158	0.917436	0.906983	0.130671	0.59079	0.951477	0.840075	0.320782	0.952448	0.478456	0.768483	0.415029</FloatingPoint>
			</Individual>
			<Individual size="2">
				<FitnessMax value="5.631"/>
				<FloatingPoint size="50">	2.65518	1.61583	2.48775	3.5327	3.31398	2.4594	0.621071	3.78548	4.54033	4.75567	2.48452	0.623907	4.42808	1.60593	2.51772	2.51279	0.367008	4.19361	3.35375	3.37847	2.74901	0.433132	3.73541	3.15227	3.30982	2.66214	1.37088	4.79902	3.50589	3.53528	2.35346	0.58953	3.31494	5.21682	5.5866	2.50512	1.67153	4.4761	3.61852	3.58671	1.49222	0.703701	4.19285	1.60454	2.40097	2.64871	0.568254	3.66569	5.41376	4.31898</FloatingPoint>
				<FloatingPoint size="20">	0.805423	0.0821736	0.631778	0.902215	0.985836	0.037152	0.989624	0.699291	0.773158	0.91764	0.906983	0.131946	0.590796	0.951924	0.969829	0.341953	0.952212	0.492102	0.768445	0.414456</FloatingPoint>
			</Individual>
			<Individual size="2">
				<FitnessMax value="5.89293"/>
				<FloatingPoint size="50">	2.65518	1.58242	2.48923	3.53248	3.35506	2.46088	0.620769	3.76746	4.51398	4.75496	2.48551	0.626161	4.44449	1.60621	2.38672	2.51351	0.36702	4.19214	3.41437	3.38622	2.74454	0.434659	3.73514	3.15257	3.30933	2.69572	1.37779	4.85635	3.50458	3.75098	2.35682	0.467684	3.28972	5.22953	5.58672	2.50815	1.68015	4.47631	3.61375	3.58756	1.49135	0.703881	4.19913	1.67591	2.42508	2.66124	0.588868	3.65951	5.42765	4.33128</FloatingPoint>
				<FloatingPoint size="20">	0.879712	0.402431	0.631778	0.902215	0.967592	0.484527	0.989624	0.699291	0.773158	0.91764	0.906983	0.131331	0.590793	0.951446	0.955485	0.415682	0.95242	0.452637	0.76851	0.413842</FloatingPoint>
			</Individual>
			<Individual size="2">
				<FitnessMax value="5.92162"/>
				<FloatingPoint size="50">	2.64653	1.61221	2.49327	3.53264	3.28383	2.46672	0.621343	3.78544	4.54841	4.75611	2.48998	0.623908	4.44737	1.60566	2.37006	2.51386	0.367001	4.1917	3.40559	3.35603	2.74343	0.431576	3.73702	3.15252	3.3093	2.7486	1.36978	4.8814	3.49673	3.74896	2.35673	0.589725	3.38529	5.15882	5.58656	2.50311	1.6639	4.47226	3.64632	3.58691	1.4886	0.707217	4.19913	1.55195	2.37646	2.65774	0.562829	3.66787	5.45283	4.26737</FloatingPoint>
				<FloatingPoint size="20">	0.956413	0.518582	0.631778	0.966288	0.985836	0.848661	0.989624	0.69317	0.804744	0.90566	0.886155	0.284092	0.641804	0.952599	0.859086	0.358513	0.959478	0.424297	0.768141	0.412775</FloatingPoint>
			</Individual>
			<Individual size="2">
				<FitnessMax value="5.81599"/>
				<FloatingPoint size="50">	2.65224	1.82588	2.48747	3.52817	3.42065	2.4604	0.620505	3.7438	4.55023	4.73042	2.39518	0.623881	4.42789	1.60656	2.75575	2.51498	0.367018	4.19683	3.41065	3.39175	2.67282	0.431323	3.73403	3.15228	3.30934	2.34015	1.37979	4.87903	3.50416	3.74974	2.33828	0.589238	3.29192	5.16522	5.58665	2.50603	1.67501	4.47432	3.61831	3.58682	1.48903	0.703939	4.21395	1.66839	2.42319	2.64034	0.485343	3.65916	5.41122	4.36121</FloatingPoint>
				<FloatingPoint size="20">	0.955327	0.313932	0.632435	0.88549	0.973541	0.31207	0.989624	0.690299	0.773161	0.917583	0.906983	0.127134	0.590791	0.951455	0.901927	0.274366	0.952447	0.53686	0.768523	0.414569</FloatingPoint>
			</Individual>
			<Individual size="2">
				<FitnessMax value="5.92162"/>
				<FloatingPoint size="50">	2.65589	1.61221	2.48624	3.53276	3.37007	2.45942	0.621472	3.76453	4.54841	4.75597	2.49001	0.623749	4.44782	1.60572	2.3702	2.51527	0.367023	4.19167	3.40849	3.38608	2.74339	0.431586	3.73543	3.15243	3.30934	2.53949	1.38028	4.87798	3.4953	3.75031	2.35673	0.589724	3.17123	5.15425	5.58685	2.50753	1.67987	4.4731	3.60196	3.58553	1.48861	0.707295	4.19913	1.57958	2.44115	2.66352	0.566425	3.65227	5.45121	4.35031</FloatingPoint>
				<FloatingPoint size="20">	0.956413	0.518582	0.631778	0.966288	0.985836	0.848661	0.989624	0.69317	0.804744	0.90566	0.886155	0.284092	0.641804	0.952599	0.859086	0.358513	0.959478	0.137782	0.768141	0.412775</FloatingPoint>
			</Individual>
			<Individual size="2">
				<FitnessMax value="4.37573"/>
				<FloatingPoint size="50">	2.65518	1.62294	2.48948	3.52635	3.34429	2.45813	0.621126	3.74568	4.52338	4.74515	2.48473	0.625788	4.41892	1.60642	2.59808	2.51427	0.367019	4.19216	3.42277	3.38512	2.56238	0.433653	3.69231	3.15234	3.30946	2.51501	1.3794	4.85311	3.50275	3.74985	2.35406	0.550996	3.29717	5.27233	5.58664	2.5071	1.67086	4.47691	3.62477	3.5875	1.50438	0.702085	4.23268	1.63203	2.4217	2.65464	0.439126	3.66206	5.41195	4.34359</FloatingPoint>
				<FloatingPoint size="20">	0.955342	0.337988	0.634222	0.902215	0.973997	0.237611	0.989624	0.699291	0.773158	0.917427	0.906983	0.118547	0.59079	0.951479	0.843369	0.739936	0.137375	0.899854	0.76842	0.414495</FloatingPoint>
			</Individual>
			<Individual size="2">
				<FitnessMax value="1.88198"/>
				<FloatingPoint size="50">	2.6509	1.54555	2.4915	3.53265	3.3313	2.46014	0.621077	3.77852	4.5262	4.75475	2.48553	0.626379	4.433	1.60587	2.45969	2.51432	0.367014	4.19296	3.38234	3.38088	2.75086	0.432743	3.73529	3.15263	3.30959	2.6571	1.37539	4.8273	3.51208	3.63705	2.35498	0.531054	3.30293	5.22805	5.58663	2.50677	1.67554	4.47498	3.61311	3.58748	1.49307	0.705018	4.19578	1.59869	2.42536	2.65294	0.562215	3.66243	5.42444	4.32733</FloatingPoint>
				<FloatingPoint size="20">	0.805423	0.0821736	0.631778	0.902215	0.985836	0.037152	0.989624	0.699291	0.773158	0.119575	0.906983	0.131946	0.590796	0.951924	0.969829	0.341953	0.952212	0.492102	0.768445	0.414456</FloatingPoint>
			</Individual>
			<Individual size="2">
				<FitnessMax value="5.89293"/>
				<FloatingPoint size="50">	2.65558	1.83218	2.48712	3.53274	3.36964	2.46063	0.619224	3.73258	4.55013	4.75166	2.48714	0.623885	4.38534	1.60641	2.40111	2.53369	0.367019	4.20202	3.40991	3.38079	2.62159	0.431537	3.73355	3.15234	3.28394	2.60021	1.3829	4.87136	3.50583	3.7498	2.40652	0.58884	3.27463	5.13837	5.58648	2.50782	1.67918	4.48056	3.61028	3.58736	1.48587	0.704096	4.19922	1.69964	2.46156	2.61447	0.578316	3.65526	5.418	4.34253</FloatingPoint>
				<FloatingPoint size="20">	0.955342	0.305983	0.631778	0.902215	0.973485	0.684727	0.989624	0.699291	0.773162	0.917621	0.906983	0.131357	0.590793	0.951026	0.906314	0.32266	0.952458	0.448932	0.768538	0.414417</FloatingPoint>
			</Individual>
			<Individual size="2">
				<FitnessMax value="5.61048"/>
				<FloatingPoint size="50">	2.64653	1.62619	2.48669	3.53161	3.35915	2.44739	0.621162	3.76507	4.5385	4.75506	1.54412	0.623853	4.42785	1.60599	2.4333	2.51205	0.367018	4.18977	3.36155	3.38084	2.85798	0.322266	3.73523	3.37017	3.30964	2.63166	1.38294	4.76716	3.50554	3.44563	2.35427	0.589161	3.25832	5.34592	5.58659	2.50716	1.68016	4.47856	3.61104	3.58681	1.49206	0.705408	4.1961	1.52901	2.45089	2.65408	0.56761	3.66288	5.40226	4.33702</FloatingPoint>
				<FloatingPoint size="20">	0.955342	0.0810138	0.555885	0.902215	0.985836	0.273385	0.989624	0.699291	0.773158	0.91764	0.906983	0.130544	0.590791	0.951459	0.854981	0.364707	0.952259	0.518131	0.768374	0.416818</FloatingPoint>
			</Individual>
			<Individual size="2">
				<FitnessMax value="5.89293"/>
				<FloatingPoint size="50">	2.64941	1.61583	2.48775	3.5327	3.31398	2.4594	0.621071	3.78548	4.54033	4.75567	2.48452	0.623907	4.42808	1.16104	2.51772	2.51279	0.367008	4.19361	3.35375	3.37847	2.74901	0.433132	3.73541	3.15227	3.30982	2.66214	1.37088	4.79902	3.50565	3.54873	2.35304	0.589341	3.26691	5.18618	5.58663	2.50585	1.67647	4.47642	3.6161	3.58658	1.49511	0.703259	4.19263	1.6071	2.42818	2.6491	0.572008	3.66284	5.41258	4.33343</FloatingPoint>
				<FloatingPoint size="20">	0.955342	0.386271	0.631778	0.902215	0.98575	0.0849694	0.989624	0.699291	0.773158	0.917637	0.906983	0.131514	0.590794	0.951706	0.8953	0.341935	0.952632	0.635332	0.768454	0.414449</FloatingPoint>
			</Individual>
			<Individual size="2">
				<FitnessMax value="5.89293"/>
				<FloatingPoint size="50">	2.65224	1.82582	2.48747	3.52817	3.36175	2.4604	0.620506	3.74379	4.55023	4.73043	2.3952	0.623881	4.42789	1.60656	2.75565	2.51497	0.367018	4.19683	3.41065	3.39175	2.67285	0.431323	3.73403	3.15228	3.30933	2.3402	1.37979	4.87903	3.50415	3.74974	2.33835	0.589238	3.2919	5.16528	5.58665	2.50603	1.67514	4.47432	3.61831	3.58681	1.48903	0.703939	4.21395	1.66837	2.4232	2.64032	0.485365	3.65916	5.41123	4.36121</FloatingPoint>
				<FloatingPoint size="20">	0.955342	0.878653	0.632778	0.902215	0.978771	0.24412	0.989624	0.699291	0.773158	0.917448	0.906983	0.130044	0.59079	0.951439	0.812096	0.252423	0.952486	0.575506	0.76843	0.415377</FloatingPoint>
			</Individual>
			<Individual size="2">
				<FitnessMax value="5.89293"/>
				<FloatingPoint size="50">	2.65269	1.77133	2.48782	3.52675	3.35962	2.46066	0.620654	3.75167	4.54959	4.72372	2.41688	0.623897	4.42213	1.60637	2.73234	2.92585	0.367018	4.19517	3.41102	3.38901	2.65072	0.431242	3.73404	3.15223	3.30933	2.26481	1.39584	4.87956	3.50283	3.74971	2.33252	0.589296	3.29645	5.16836	5.58665	2.50557	1.67378	4.47046	3.62073	3.58672	1.48919	0.703299	4.21866	1.65507	2.41524	2.64354	0.452834	3.65949	5.41364	4.35539</FloatingPoint>
				<FloatingPoint size="20">	0.955342	0.172438	0.631778	0.902215	0.982335	0.0837232	0.989624	0.699291	0.773158	0.91756	0.906983	0.131127	0.590793	0.952023	0.793573	0.272783	0.952275	0.489713	0.768517	0.414064</FloatingPoint>
			</Individual>
			<Individual size="2">
				<FitnessMax value="5.03448"/>
				<FloatingPoint size="50">	2.64973	1.60495	2.48631	3.53269	3.36845	2.45965	0.619972	3.76143	4.54306	4.75538	2.48433	0.624846	4.44729	1.60579	2.36689	3.18779	0.367021	4.18721	3.41316	3.3738	2.74288	0.43119	3.73239	3.15219	3.30934	2.63998	1.38374	4.83774	3.5245	3.75089	2.35673	0.58892	3.28356	5.47591	5.58652	2.50731	1.67957	4.48488	3.60842	3.58737	1.49826	0.705979	4.19913	1.62735	2.47097	2.65636	0.563945	3.6554	5.42029	4.34258</FloatingPoint>
				<FloatingPoint size="20">	0.952004	0.318548	0.631778	0.902215	0.972783	0.304033	0.989624	0.699291	0.77314	0.917457	0.906983	0.1305	0.590793	0.951538	0.794598	0.286272	0.95222	0.535552	0.768527	0.414214</FloatingPoint>
			</Individual>
			<Individual size="2">
				<FitnessMax value="4.77321"/>
				<FloatingPoint size="50">	2.64973	1.55388	2.4889	3.52497	3.35388	2.46464	0.621098	3.77742	4.50643	4.7102	2.48528	0.624373	4.44273	1.60569	2.48087	2.51144	0.367017	4.19125	3.41295	3.38089	2.65448	0.431444	3.73453	5.07861	3.30933	2.43258	1.37923	4.881	3.51341	3.75269	2.35572	0.514023	3.30461	5.18077	5.58669	2.50426	1.67635	4.46745	3.61244	3.58843	1.48941	0.70568	4.2286	1.605	2.44323	2.65589	0.487595	3.66033	5.44269	4.33789</FloatingPoint>
				<FloatingPoint size="20">	0.955342	0.289564	0.631778	0.902215	0.967592	0.484527	0.989624	0.699291	0.773158	0.91764	0.906983	0.131331	0.590793	0.951446	0.955485	0.415682	0.95242	0.452637	0.76851	0.413842</FloatingPoint>
			</Individual>
			<Individual size="2">
				<FitnessMax value="5.17777"/>
				<FloatingPoint size="50">	2.64973	1.48857	2.49483	3.53246	3.34225	2.46094	0.621005	3.77004	4.50937	4.75398	2.48604	0.628894	4.44125	1.60605	2.39378	2.51543	0.367021	4.1922	3.41638	3.38524	2.74114	0.43333	3.73516	3.15287	3.30933	2.65134	1.38056	4.85844	3.51868	3.75327	2.35673	0.466045	3.28957	5.27716	5.58666	2.50802	1.68109	4.47436	3.61105	3.58782	1.49619	0.704021	4.19924	1.59228	2.45533	2.66285	0.556098	3.6594	5.42836	4.33834</FloatingPoint>
				<FloatingPoint size="20">	0.879712	0.402431	0.88543	0.902215	0.985836	0.241836	0.989624	0.699291	0.773158	0.91764	0.906983	0.131503	0.590793	0.951446	0.798411	0.395806	0.952372	0.476412	0.768503	0.414387</FloatingPoint>
			</Individual>
			<Individual size="2">
				<FitnessMax value="5.571"/>
				<FloatingPoint size="50">	2.65423	1.5957	2.48827	3.53187	3.37495	2.45967	0.618348	3.60079	2.92561	4.7517	2.38452	0.623892	4.38204	1.60704	2.27483	2.49305	0.367019	4.20113	3.41009	3.40879	2.74508	0.430102	3.73285	3.15218	3.19927	2.59966	1.38624	4.86555	3.50291	3.74913	2.32209	0.588723	3.26978	5.13575	5.58644	2.50809	1.67864	4.48396	3.62353	3.58643	1.49734	0.702812	4.26798	1.60787	2.45674	2.72005	0.570023	3.66253	5.40761	4.34811</FloatingPoint>
				<FloatingPoint size="20">	0.955342	0.301243	0.633005	0.902215	0.979013	0.265853	0.989624	0.699291	0.773158	0.917561	0.906983	0.124881	0.590789	0.951449	0.815891	0.37952	0.952476	0.594198	0.768452	0.415629</FloatingPoint>
			</Individual>
			<Individual size="2">
				<FitnessMax value="0.291619"/>
				<FloatingPoint size="50">	2.65274	1.63316	2.48654	3.5323	3.36749	2.45955	0.621193	3.76072	4.6544	4.73389	2.42625	0.623815	4.42687	1.60634	2.57712	2.87803	0.367021	4.19487	3.4091	3.38812	2.73104	0.431309	3.73509	3.15234	3.30934	2.40184	1.39292	4.8792	3.49786	3.74973	2.34553	0.589585	3.1836	5.16343	5.58677	2.50685	1.67528	4.47114	3.614	3.58652	1.48886	0.705243	4.20457	1.59791	2.42912	2.64654	0.552071	3.65865	5.42258	4.35217</FloatingPoint>
				<FloatingPoint size="20">	0.955342	0.172438	0.631778	0.902215	0.982335	0.0837232	0.989624	0.699291	0.773158	0.91756	0.906983	0.131127	0.590793	0.952023	0.793573	0.272783	0.952275	0.489713	0.768517	0.414064</FloatingPoint>
			</Individual>
			<Individual size="2">
				<FitnessMax value="5.89293"/>
				<FloatingPoint size="50">	2.64973	1.63835	2.4868	3.53272	3.33856	2.44704	0.62107	3.78595	4.53806	4.75494	2.47263	0.623843	4.42055	1.60639	2.59712	2.50762	0.367018	4.19374	3.34143	3.39319	2.75339	0.444724	3.73526	3.15212	3.30988	2.63481	1.38247	4.71334	3.50617	3.40187	2.35047	0.589138	3.26735	5.25961	5.58653	2.50704	1.68069	4.47706	3.61561	3.58652	1.49879	0.700233	4.19008	1.63277	2.45304	2.64492	0.574346	3.66458	5.41066	4.34162</FloatingPoint>
				<FloatingPoint size="20">	0.955342	0.0821736	0.631778	0.902215	0.985836	0.206933	0.989624	0.699291	0.773158	0.91764	0.906983	0.131946	0.590796	0.951924	0.764198	0.341953	0.952212	0.492102	0.768445	0.414456</FloatingPoint>
			</Individual>
			<Individual size="2">
				<FitnessMax value="5.89293"/>
				<FloatingPoint size="50">	2.65423	1.5957	2.48827	3.53187	3.37495	2.45967	0.930266	3.60079	4.55219	4.7517	2.38452	0.623892	4.38204	1.60704	2.27483	2.03851	0.367019	4.20113	3.41009	3.40879	2.74508	0.430102	3.73285	3.15218	3.19927	2.59966	1.38624	4.86555	3.50291	3.74913	2.32209	0.588723	3.26978	5.13575	5.58644	2.50809	1.67864	4.48396	3.62353	3.58643	1.49734	0.702812	4.26798	1.60787	2.45674	2.72005	0.570023	3.66253	5.40761	4.34811</FloatingPoint>
				<FloatingPoint size="20">	0.955342	0.284608	0.631778	0.902215	0.977372	0.743897	0.989624	0.699291	0.773158	0.917465	0.906983	0.130166	0.590788	0.951432	0.929334	0.336032	0.952397	0.801627	0.768436	0.415345</FloatingPoint>
			</Individual>
			<Individual size="2">
				<FitnessMax value="5.89293"/>
				<FloatingPoint size="50">	2.65145	1.5749	2.48958	3.53281	3.34191	2.4544	0.62108	3.78472	4.53168	4.75344	2.47305	0.62647	4.43909	1.60634	2.58603	2.51069	0.367018	4.19182	3.36197	3.38636	2.85751	0.177515	3.7354	3.15241	3.30986	2.67934	1.382	4.81374	3.49675	3.72519	2.35615	0.589546	3.327	5.19001	5.58656	2.50718	1.6806	4.47322	3.61072	3.58751	1.49436	0.70639	4.19909	1.65414	2.40436	2.66142	0.575239	3.66309	5.4368	4.34091</FloatingPoint>
				<FloatingPoint size="20">	0.955342	0.249306	0.631778	0.902215	0.976177	0.360873	0.989624	0.699291	0.773158	0.91745	0.906983	0.159558	0.590791	0.951781	0.833938	0.549146	0.952392	0.504365	0.768529	0.414108</FloatingPoint>
			</Individual>
			<Individual size="2">
				<FitnessMax value="4.86309"/>
				<FloatingPoint size="50">	2.64728	1.65919	2.49209	3.53902	3.3463	2.4542	0.621096	3.78456	4.53091	4.72809	2.48718	0.62659	4.43168	1.60601	2.57587	2.51151	0.367018	4.1923	3.3609	3.3879	2.6666	0.334913	3.73834	3.1524	3.30949	2.44764	1.37938	4.59814	3.49881	3.74123	2.33081	0.651828	3.30311	5.22785	5.58657	2.50724	1.67939	4.4712	3.61488	3.58812	1.49214	0.699991	4.20769	5.84254	2.44297	2.65992	0.446175	3.66259	5.41527	4.34071</FloatingPoint>
				<FloatingPoint size="20">	0.957212	0.339521	0.634308	0.902215	0.973699	0.237491	0.989624	0.699291	0.773158	0.917422	0.906983	0.118999	0.59079	0.95148	0.844516	0.0658135	0.952446	0.555872	0.768488	0.415128</FloatingPoint>
			</Individual>
			<Individual size="2">
				<FitnessMax value="5.89293"/>
				<FloatingPoint size="50">	2.64941	1.61583	2.48775	3.5327	3.31398	2.4594	0.621071	3.78548	4.54033	4.75567	2.48452	0.623907	4.42808	1.60593	2.51772	2.51279	0.367008	4.19361	3.35375	3.37847	2.74901	0.433132	3.73541	3.15227	3.30982	2.66214	1.37088	4.79902	3.50565	3.54873	2.35304	0.589341	3.26691	5.18618	5.58663	2.50585	1.67647	4.47642	3.6161	3.58658	1.49511	0.703259	4.19263	1.6071	2.42818	2.6491	0.572008	3.66284	5.41258	4.33343</FloatingPoint>
				<FloatingPoint size="20">	0.955342	0.0821736	0.631778	0.902215	0.985836	0.037152	0.989624	0.699291	0.773158	0.91764	0.906983	0.131946	0.590796	0.951924	0.969829	0.341953	0.952212	0.492102	0.768445	0.414456</FloatingPoint>
			</Individual>
			<Individual size="2">
				<FitnessMax value="2.69197"/>
				<FloatingPoint size="50">	2.63718	1.58242	2.49168	3.53274	3.35506	2.25568	0.62129	3.77102	4.51398	4.75496	2.48997	0.628477	4.44107	1.6058	2.38672	2.51351	0.367019	4.19214	3.41437	3.37863	2.74454	0.43177	3.73521	3.15257	3.30933	2.69572	1.37779	4.86793	3.51187	3.75098	5.39286	0.494036	3.31188	5.22953	5.58672	2.50704	1.68015	4.47343	3.59852	3.59009	1.49135	0.706929	4.19913	1.67591	2.42508	2.66124	0.588868	3.65951	5.44056	4.33128</FloatingPoint>
				<FloatingPoint size="20">	0.879712	0.402431	0.631778	0.902215	0.967592	0.484527	0.989624	0.699291	0.773158	0.91764	0.906983	0.131331	0.590793	0.951446	0.955485	0.415682	0.95242	0.452637	0.76851	0.413842</FloatingPoint>
			</Individual>
			<Individual size="2">
				<FitnessMax value="4.77307"/>
				<FloatingPoint size="50">	5.19615	1.77535	2.4872	3.52833	3.40149	2.46007	0.621442	3.72798	4.55022	4.74189	2.39944	0.623865	4.43904	1.60658	2.72364	2.52288	0.367019	4.19822	3.41233	3.39152	2.7645	0.43136	3.73379	3.15229	3.30934	2.38649	1.41455	4.8779	3.50036	3.74992	2.42371	0.58927	3.24099	5.26071	5.58665	2.50749	1.6772	4.48077	3.61307	3.58662	1.48426	0.70407	4.20148	1.65929	3.65172	2.60893	0.519695	3.65914	5.4243	4.37276</FloatingPoint>
				<FloatingPoint size="20">	0.906751	0.290907	0.631778	0.872714	0.98263	0.243497	0.989624	0.699291	0.773158	0.917582	0.906983	0.131163	0.590792	0.951452	0.814915	0.336037	0.952909	0.0361659	0.768469	0.414447</FloatingPoint>
			</Individual>
			<Individual size="2">
				<FitnessMax value="4.55415"/>
				<FloatingPoint size="50">	2.65423	1.75779	2.48769	3.5318	3.35467	2.46041	0.740065	3.66608	4.54765	4.749	2.41695	0.623893	4.43581	1.60666	2.38842	2.43404	0.367019	4.19741	3.41019	3.40796	2.64734	5.85492	3.73428	3.15222	3.21888	2.59601	1.38574	4.87822	3.50231	3.74957	2.32479	0.588752	3.28185	5.24492	5.58644	2.5077	1.68093	4.47894	3.6213	3.58659	1.50537	0.703001	4.25134	1.63006	2.44307	2.71836	0.558461	3.66191	5.40863	4.35345</FloatingPoint>
				<FloatingPoint size="20">	0.955342	0.286578	0.633551	0.902215	0.981037	0.277785	0.989624	0.699291	0.773158	0.917617	0.906983	0.122302	0.590789	0.951437	0.805117	0.3709	0.952489	0.645757	0.768439	0.415896</FloatingPoint>
			</Individual>
			<Individual size="2">
				<FitnessMax value="5.89293"/>
				<FloatingPoint size="50">	2.65084	1.99753	2.48637	3.53265	3.36845	2.45957	0.620037	3.71894	4.55222	4.75156	2.32687	0.62383	4.44603	1.60716	2.82909	2.51509	0.367019	4.20204	3.40948	3.40036	2.74259	0.431579	3.73399	3.15243	3.30933	2.57775	1.41979	4.87736	3.50834	3.74985	2.35673	0.589055	3.27753	5.15557	5.58665	2.50748	1.67945	4.48646	3.61066	3.58711	1.48851	0.705954	4.19913	1.71028	2.44829	2.63018	0.587862	3.65813	5.40362	4.37955</FloatingPoint>
				<FloatingPoint size="20">	0.955342	0.262702	0.631778	0.902215	0.978834	0.130294	0.989624	0.699291	0.773158	0.917479	0.906983	0.130307	0.590791	0.952123	0.822949	0.203612	0.952338	0.487324	0.768589	0.413672</FloatingPoint>
			</Individual>
			<Individual size="2">
				<FitnessMax value="5.90972"/>
				<FloatingPoint size="50">	2.56067	1.6122	2.48904	3.53281	3.36884	2.47183	0.621343	3.78032	4.54841	4.75524	2.48997	0.624218	4.44768	1.60579	2.37001	2.51306	0.367017	4.19168	3.40632	3.37844	2.74342	0.431589	3.73522	3.15228	3.30933	2.76069	1.37248	4.88194	3.49544	3.74902	2.35673	0.589723	3.37702	5.15567	5.58673	2.50553	1.68017	4.47286	3.58911	3.59048	1.48861	0.707293	4.19913	1.70033	2.40382	2.66683	0.591593	3.65971	5.45173	4.29853</FloatingPoint>
				<FloatingPoint size="20">	0.922279	0.524671	0.631778	0.88917	0.985836	0.714745	0.989624	0.692315	0.805739	0.905689	0.797668	0.273464	0.641805	0.952599	0.858978	0.334731	0.959509	0.349764	0.768141	0.412775</FloatingPoint>
			</Individual>
			<Individual size="2">
				<FitnessMax value="5.631"/>
				<FloatingPoint size="50">	2.65047	4.78058	2.48834	3.53023	0.404393	2.45956	0.62123	3.76853	4.54836	4.71783	2.4865	0.623904	4.43461	1.6058	2.50166	2.51524	0.367023	4.19137	3.40903	3.38429	2.61803	0.431174	3.73415	3.15233	3.30933	2.24914	1.37928	4.87852	3.49712	3.75026	2.32856	0.589601	3.37248	5.15709	5.5867	2.50624	1.67161	4.46764	3.62754	3.58564	1.48957	0.704561	4.22989	1.60021	2.41292	2.65696	0.463969	3.65541	5.42568	4.34613</FloatingPoint>
				<FloatingPoint size="20">	0.955342	0.311397	0.631778	0.902215	0.967592	0.484527	0.989624	0.699291	0.773158	0.91764	0.906983	0.130943	0.590793	0.951685	0.827574	0.218933	0.95242	0.452637	0.76851	0.414112</FloatingPoint>
			</Individual>
			<Individual size="2">
				<FitnessMax value="5.89293"/>
				<FloatingPoint size="50">	2.65513	1.93587	2.4873	3.53211	3.30798	2.45963	0.621981	3.70754	4.5496	4.74921	2.45118	0.623816	4.41282	1.60698	2.41241	2.47443	0.367021	4.19868	3.4144	3.38989	2.76599	0.431168	3.73357	3.15237	3.29323	2.49952	1.38426	4.87603	3.49959	3.74983	2.5344	0.589301	3.23527	5.34657	5.58667	2.50764	1.29151	4.47714	3.61192	3.58603	1.47692	0.704838	4.21249	1.61605	2.44722	2.58178	0.570586	3.6601	5.42462	4.345</FloatingPoint>
				<FloatingPoint size="20">	0.955342	0.262702	0.631778	0.902215	0.978834	0.130294	0.989624	0.699291	0.773158	0.917479	0.906983	0.130307	0.590791	0.952123	0.822949	0.203612	0.952338	0.487324	0.768589	0.413672</FloatingPoint>
			</Individual>
			<Individual size="2">
				<FitnessMax value="5.89293"/>
				<FloatingPoint size="50">	2.65518	1.5341	2.48923	3.53248	3.341	2.46088	0.620769	3.76746	4.49397	4.75461	2.48551	0.626161	4.44449	1.60621	2.42904	2.51539	0.36702	4.19218	3.42326	3.38622	2.73102	0.434659	3.73514	3.15279	3.30933	2.65071	1.38076	4.85635	3.50458	3.75327	2.35682	0.467684	3.28972	5.28855	5.58665	2.50815	1.68273	4.47631	3.61375	3.58756	1.49759	0.703881	4.19954	1.59621	2.45622	2.67886	0.56115	3.66003	5.42765	4.34187</FloatingPoint>
				<FloatingPoint size="20">	0.917527	0.311397	0.631778	0.902215	0.985836	0.185094	0.989624	0.699291	0.773183	0.91764	0.906983	0.130943	0.590793	0.951685	0.827574	0.218933	0.952355	0.384354	0.768546	0.414112</FloatingPoint>
			</Individual>
			<Individual size="2">
				<FitnessMax value="5.89293"/>
				<FloatingPoint size="50">	2.64941	1.61583	2.48775	3.5327	3.31398	2.4594	0.621071	3.78548	4.54033	4.75567	2.48452	0.623907	4.42808	1.16104	2.51772	2.51279	0.367008	4.19361	3.35375	3.37847	2.74901	0.433132	3.47162	3.15227	3.30982	2.66214	1.37088	4.79902	3.50565	3.54873	2.35304	0.589341	3.26691	5.18618	5.58663	2.50585	1.68016	4.47856	3.61104	3.58681	1.49206	0.705408	4.1961	1.52901	2.45089	2.65408	0.56761	3.66288	5.40226	4.33702</FloatingPoint>
				<FloatingPoint size="20">	0.955342	0.386271	0.631778	0.902215	0.98575	0.0849694	0.989624	0.699291	0.773158	0.917637	0.906983	0.131514	0.590794	0.951706	0.8953	0.341935	0.952632	0.635332	0.768454	0.414449</FloatingPoint>
			</Individual>
			<Individual size="2">
				<FitnessMax value="5.89293"/>
				<FloatingPoint size="50">	2.56067	1.63835	2.48904	3.53281	3.33856	2.47183	0.62107	3.78595	4.54841	4.75494	2.47263	0.624218	4.44768	1.60639	2.59712	2.50762	0.367018	4.19168	3.34143	3.37844	2.74342	0.171688	3.73522	3.15228	3.30988	2.76069	1.37248	4.88194	3.49544	3.74902	2.35673	0.589723	3.37702	5.15567	5.58653	2.50704	1.68069	4.47286	3.58911	3.59048	1.49879	0.707293	4.19913	1.70033	2.40382	2.66683	0.591593	3.66458	5.45173	4.34162</FloatingPoint>
				<FloatingPoint size="20">	0.955342	0.456022	0.631778	0.902215	0.973521	0.498203	0.989624	0.699291	0.773158	0.917464	0.906983	0.130548	0.590793	0.951528	0.841704	0.267093	0.952246	0.492909	0.76857	0.414493</FloatingPoint>
			</Individual>
			<Individual size="2">
				<FitnessMax value="5.89293"/>
				<FloatingPoint size="50">	2.64586	1.4044	2.49847	3.53262	3.34627	2.46598	0.621256	3.78469	4.52385	4.75327	2.47493	0.629121	4.4463	1.60573	2.57439	2.51126	0.36702	4.19196	3.36394	3.38115	2.74319	0.355155	3.73562	3.1532	3.30978	2.65718	1.37968	4.87634	3.50634	3.70946	2.3551	0.589065	3.30082	5.19843	5.5867	2.5072	1.67947	4.47291	3.61302	3.33714	1.48858	0.707073	4.19913	1.5719	2.45304	2.66263	0.551756	3.65864	5.44394	4.33802</FloatingPoint>
				<FloatingPoint size="20">	0.955342	0.235909	0.631778	0.902215	0.973519	0.591452	0.989624	0.699291	0.773158	0.91742	0.906983	0.130661	0.590791	0.95144	0.844927	0.26777	0.952446	0.521407	0.768468	0.414544</FloatingPoint>
			</Individual>
			<Individual size="2">
				<FitnessMax value="5.631"/>
				<FloatingPoint size="50">	2.64586	1.4044	2.49847	5.68606	3.34627	2.46598	0.621256	3.78469	4.52385	4.75327	2.47493	0.629121	4.4463	1.60579	2.37001	2.51306	0.367017	4.19168	3.40632	3.37844	2.74342	0.431589	3.73522	3.15228	3.30933	2.76069	1.37248	4.88194	3.49544	3.74902	2.35673	0.589723	3.37702	5.15567	5.58673	2.50553	1.68017	4.47286	3.58911	3.59048	1.48861	0.707293	4.19913	1.70033	2.40382	2.66683	0.591593	3.65971	5.45173	4.29853</FloatingPoint>
				<FloatingPoint size="20">	0.955342	0.235909	0.631778	0.902215	0.973519	0.591452	0.989624	0.699291	0.773158	0.91742	0.906983	0.130661	0.590791	0.95144	0.844927	0.26777	0.952446	0.521407	0.768468	0.414544</FloatingPoint>
			</Individual>
			<Individual size="2">
				<FitnessMax value="5.63932"/>
				<FloatingPoint size="50">	2.65084	1.99753	2.48637	3.53265	3.36845	2.45957	0.620037	3.71894	4.55222	4.75156	2.32687	0.62383	4.44603	1.60716	2.82909	2.51509	0.367019	4.20204	3.40948	3.40036	2.74259	0.448569	3.73399	3.15243	3.30933	2.57775	1.38082	4.87736	3.50834	3.74985	2.35673	0.589055	3.27753	5.15557	5.58665	2.50748	1.67945	4.48646	3.61066	3.58711	1.48851	0.705954	4.19913	1.71028	2.44829	2.63018	0.587862	3.65813	5.40362	4.37955</FloatingPoint>
				<FloatingPoint size="20">	0.955342	0.464237	0.593866	0.902215	0.973737	0.511341	0.989624	0.699291	0.773159	0.917464	0.906983	0.130647	0.590792	0.951516	0.841203	0.254455	0.952346	0.516327	0.768532	0.414494</FloatingPoint>
			</Individual>
			<Individual size="2">
				<FitnessMax value="4.55415"/>
				<FloatingPoint size="50">	2.64779	1.43115	2.49656	3.53259	3.34519	2.46493	0.621155	3.78114	4.51769	4.75355	2.47711	0.62851	4.44593	1.60583	2.54441	2.51211	0.36702	4.192	3.37617	3.3822	2.74068	2.05301	3.73552	3.15311	3.30968	2.65584	1.3799	4.87222	3.50598	3.7185	2.35545	0.564029	3.29853	5.21702	5.58669	2.5074	1.68014	4.47361	3.61317	3.38879	1.49044	0.706415	4.19921	1.57692	2.45369	2.66598	0.553694	3.65893	5.44058	4.33881</FloatingPoint>
				<FloatingPoint size="20">	0.955342	0.235909	0.631778	0.902215	0.973519	0.591452	0.989624	0.699291	0.773158	0.91742	0.906983	0.130661	0.590791	0.95144	0.844927	0.26777	0.952446	0.521407	0.768468	0.414544</FloatingPoint>
			</Individual>
			<Individual size="2">
				<FitnessMax value="5.89293"/>
				<FloatingPoint size="50">	2.65403	1.60748	2.48888	3.52247	3.35323	2.46146	0.621101	3.77538	4.54769	4.70356	2.48208	0.623946	4.40482	1.60581	2.66225	2.51137	0.367017	4.1902	3.41214	3.3808	2.58417	0.430998	3.73408	3.15209	3.30933	2.03812	1.37849	4.88115	3.49883	3.7496	2.31498	0.589471	3.31016	5.17762	5.58664	2.50419	1.66967	4.45887	3.62803	3.58644	1.48969	0.701375	4.2328	1.61507	2.39129	2.65321	0.355022	3.66047	5.4209	4.33788</FloatingPoint>
				<FloatingPoint size="20">	0.957212	0.339521	0.634308	0.902215	0.973699	0.237491	0.989624	0.699291	0.773158	0.917422	0.906983	0.118999	0.59079	0.95148	0.844516	0.0658135	0.952446	0.555872	0.768488	0.415128</FloatingPoint>
			</Individual>
			<Individual size="2">
				<FitnessMax value="5.631"/>
				<FloatingPoint size="50">	2.65043	6.64809	2.48641	3.53266	3.3661	2.45389	0.620526	3.75809	4.5502	4.75375	2.35952	0.62384	4.42189	1.60683	2.79937	2.51133	0.367019	4.19273	3.40504	3.39699	2.76867	0.250135	3.73447	3.15221	3.30941	2.61381	1.3855	4.82809	3.50761	3.71042	2.35658	0.589068	3.2735	5.16462	5.58656	2.50727	1.68023	4.57205	3.6112	3.58681	1.49224	0.702142	4.19242	1.54718	2.45263	2.63211	0.586698	3.66064	5.405	4.37329</FloatingPoint>
				<FloatingPoint size="20">	0.955342	0.349021	0.631778	0.902215	0.979678	0.29329	0.989624	0.699291	0.773158	0.917552	0.906983	0.130324	0.590793	0.95184	0.80296	0.135129	0.952228	0.492427	0.768601	0.413794</FloatingPoint>
			</Individual>
			<Individual size="2">
				<FitnessMax value="5.23434"/>
				<FloatingPoint size="50">	2.65518	1.53427	2.48923	3.53246	3.34103	2.46088	0.620769	3.76748	4.4941	4.75449	2.4855	0.626156	4.4444	1.60621	2.42958	2.51539	0.36702	4.19218	3.42324	3.38621	2.73069	0.434651	3.73514	3.15279	3.30933	2.65212	1.38075	4.85641	3.50457	3.75326	2.35673	0.467964	3.28977	5.28829	5.58665	2.50578	1.6827	4.47627	3.61378	3.58755	1.49757	0.703875	4.19962	1.59626	2.45637	2.6788	0.561627	3.66003	5.42764	4.34186</FloatingPoint>
				<FloatingPoint size="20">	0.957118	0.731467	0.631139	0.902215	0.972294	0.298933	0.989624	0.699291	0.773158	0.917445	0.243859	0.132069	0.59079	0.951475	0.812227	0.036944	0.952496	0.574273	0.768318	0.415148</FloatingPoint>
			</Individual>
			<Individual size="2">
				<FitnessMax value="5.89293"/>
				<FloatingPoint size="50">	2.65423	1.5957	2.48827	3.53187	3.37495	2.45967	0.618348	3.60079	4.55219	4.7517	2.38452	0.623892	4.38204	1.60704	2.27483	2.49305	0.367019	4.20113	3.41009	3.40879	2.74508	0.430102	3.73285	3.15218	3.19927	2.59966	1.38624	4.86555	3.50291	3.74913	2.32209	0.588723	3.26978	5.13575	5.58644	2.50809	1.67864	4.48396	3.62353	3.58643	1.49734	0.702812	4.26798	1.60787	2.45674	2.72005	0.570023	3.66253	5.40761	4.34811</FloatingPoint>
				<FloatingPoint size="20">	0.955342	0.334162	0.631778	0.902215	0.974469	0.737859	0.989624	0.699291	0.773158	0.917436	0.906983	0.130671	0.59079	0.951477	0.840075	0.320782	0.952448	0.478456	0.768483	0.415029</FloatingPoint>
			</Individual>
			<Individual size="2">
				<FitnessMax value="2.18944"/>
				<FloatingPoint size="50">	2.64941	1.61583	2.48775	3.5327	3.31398	2.4594	0.621071	3.78548	4.54033	4.75567	2.48452	0.623907	4.42808	1.60593	2.51772	2.51279	0.367008	4.19361	3.35375	3.37847	2.74901	0.433132	3.73541	3.15227	3.30982	2.66214	1.37088	4.79902	3.50565	3.54873	2.35304	0.589341	3.26691	5.18618	5.58663	2.50585	1.67647	4.47642	3.6161	3.58658	1.49511	0.703259	4.19263	1.6071	2.42818	2.6491	0.572008	3.66284	5.41258	4.33343</FloatingPoint>
				<FloatingPoint size="20">	0.955342	0.0821697	0.631778	0.902215	0.985836	0.0371378	0.989624	0.699291	0.773158	0.643177	0.906983	0.131946	0.590796	0.951924	0.969832	0.341955	0.952212	0.492101	0.768445	0.414456</FloatingPoint>
			</Individual>
			<Individual size="2">
				<FitnessMax value="5.21207"/>
				<FloatingPoint size="50">	2.65339	1.82407	2.48815	3.52478	3.36139	2.46087	0.620926	3.69837	4.55032	4.70416	2.39241	0.623894	4.39587	1.60663	2.70653	2.497	0.367018	4.19814	3.41113	3.40197	2.66526	0.431147	3.7338	3.15228	3.22677	2.12209	1.37872	4.86904	3.50029	3.74965	2.33128	0.589083	3.30358	5.17499	5.58646	2.50744	1.67594	4.46498	3.62352	3.58671	2.67071	0.703273	4.23909	1.65343	2.41059	2.6531	0.472286	3.65922	5.41016	4.3514</FloatingPoint>
				<FloatingPoint size="20">	0.904298	0.510456	0.617566	0.942329	0.976315	0.452069	0.989624	0.687	0.783443	0.910141	0.88755	0.125611	0.558166	0.951471	0.835905	0.373006	0.957082	0.485939	0.768518	0.413829</FloatingPoint>
			</Individual>
		</Deme>
	</Population>
</ECF>
