<?xml version="1.0" encoding="ISO-8859-1"?>
<ECF milestone="Mon Jun 18 17:44:22 2018
">
	<Registry>
		<Entry key="1FloatingPoint.dimension">20</Entry>
		<Entry key="1FloatingPoint.lbound">0</Entry>
		<Entry key="1FloatingPoint.ubound">1</Entry>
		<Entry key="FloatingPoint.dimension">50</Entry>
		<Entry key="FloatingPoint.lbound">0</Entry>
		<Entry key="FloatingPoint.ubound">6.99</Entry>
		<Entry key="SteadyStateTournament.tsize">3</Entry>
		<Entry key="batch.logfile_">*</Entry>
		<Entry key="batch.remaining_">0</Entry>
		<Entry key="batch.repeats">1</Entry>
		<Entry key="batch.singlemilestone">1</Entry>
		<Entry key="batch.statsfile">stats/ohlc_bitfinex_iotusd_21600_10_100_0.9_0.7.csv</Entry>
		<Entry key="data.balance">18.4175</Entry>
		<Entry key="data.input">data/train/ohlc_bitfinex_iotusd_21600.csv</Entry>
		<Entry key="data.test">data/test/ohlc_bitfinex_iotusd_21600.csv</Entry>
		<Entry key="fuzzy.langvars">conf/ohlc_bitfinex_iotusd_21600.conf</Entry>
		<Entry key="fuzzy.numrules">10</Entry>
		<Entry key="fuzzy.threshold">0.7</Entry>
		<Entry key="log.frequency">10</Entry>
		<Entry key="log.level">3</Entry>
		<Entry key="milestone.elapsedtime_">291</Entry>
		<Entry key="milestone.filename">milestones/ohlc_bitfinex_iotusd_21600_10_100_0.9_0.7.txt</Entry>
		<Entry key="milestone.generation_">2999</Entry>
		<Entry key="mutation.indprob">0.9</Entry>
		<Entry key="operator.logfile">log/ohlc_bitfinex_iotusd_21600_10_100_0.9_0.7.csv</Entry>
		<Entry key="population.size">100</Entry>
		<Entry key="term.eval">300000</Entry>
		<Entry key="term.maxtime">1800</Entry>
	</Registry>
	<Population size="1">
		<HallOfFame size="1">
			<Individual size="2" gen="1949">
				<FitnessMax value="3.07228"/>
				<FloatingPoint size="50">	3.1409	3.94132	3.68043	2.48318	3.35721	2.62925	1.93844	3.45604	5.6761	5.36469	2.46993	0.580079	3.29882	1.48133	2.54437	2.69422	1.43468	3.44974	1.48044	2.46008	3.61556	1.72452	2.74913	3.53134	3.45578	3.80926	3.48102	3.58834	5.49513	5.76355	3.50403	2.52756	3.365	5.4149	5.32448	3.42654	3.67066	3.51064	2.20196	3.32819	2.9418	2.59427	3.51235	5.52803	5.45588	2.36711	2.93571	3.61678	4.2916	4.61145</FloatingPoint>
				<FloatingPoint size="20">	0.820009	0.657912	0.939346	0.921423	0.772014	0.441411	0.758817	0.536952	0.897344	0.382981	0.00472421	0.975588	0.479178	0.958372	0.755357	0.255213	0.686767	0.896706	0.526483	0.934191</FloatingPoint>
			</Individual>
		</HallOfFame>
		<Deme size="100">
			<HallOfFame size="1">
				<Individual size="2" gen="1949">
					<FitnessMax value="3.07228"/>
					<FloatingPoint size="50">	3.1409	3.94132	3.68043	2.48318	3.35721	2.62925	1.93844	3.45604	5.6761	5.36469	2.46993	0.580079	3.29882	1.48133	2.54437	2.69422	1.43468	3.44974	1.48044	2.46008	3.61556	1.72452	2.74913	3.53134	3.45578	3.80926	3.48102	3.58834	5.49513	5.76355	3.50403	2.52756	3.365	5.4149	5.32448	3.42654	3.67066	3.51064	2.20196	3.32819	2.9418	2.59427	3.51235	5.52803	5.45588	2.36711	2.93571	3.61678	4.2916	4.61145</FloatingPoint>
					<FloatingPoint size="20">	0.820009	0.657912	0.939346	0.921423	0.772014	0.441411	0.758817	0.536952	0.897344	0.382981	0.00472421	0.975588	0.479178	0.958372	0.755357	0.255213	0.686767	0.896706	0.526483	0.934191</FloatingPoint>
				</Individual>
			</HallOfFame>
			<Individual size="2">
				<FitnessMax value="3.07228"/>
				<FloatingPoint size="50">	3.22694	3.7879	3.68391	2.56278	3.28705	2.646	1.62793	3.4674	5.66757	5.40783	2.47167	0.539163	3.32737	1.3842	2.47473	2.6093	1.43866	3.49725	1.53873	2.29465	3.66716	1.46323	2.55031	3.52023	3.48931	3.71959	3.52435	3.71807	5.46254	5.42012	3.45719	2.52187	3.58228	5.48641	5.33589	3.40476	3.82287	3.40093	2.33519	3.46402	2.87755	2.51289	3.5934	5.50959	5.4532	2.42677	2.65547	3.78557	4.47404	4.67662</FloatingPoint>
				<FloatingPoint size="20">	0.8105	0.89112	0.945912	0.867301	0.774223	0.109104	0.745266	0.307962	0.915958	0.350459	0.757354	0.968039	0.348786	0.952988	0.884838	0.565612	0.232401	0.916068	0.246532	0.976226</FloatingPoint>
			</Individual>
			<Individual size="2">
				<FitnessMax value="3.07228"/>
				<FloatingPoint size="50">	3.20754	3.7989	3.68303	2.5562	3.28809	2.64504	1.63676	3.46326	5.6684	5.40844	2.47148	0.195594	3.32856	1.38841	2.47178	2.58623	1.37842	3.49138	1.52403	2.29584	3.66615	1.47119	2.56855	3.52104	3.48219	3.72172	3.50074	3.71906	5.45819	5.4125	3.45682	2.51823	3.59768	5.49092	5.33213	3.40616	3.74521	3.40133	2.34612	3.48038	2.87739	2.6728	3.52849	5.50368	5.45039	2.42717	2.62083	3.76111	4.48744	4.64411</FloatingPoint>
				<FloatingPoint size="20">	0.772243	0.32687	0.945768	0.81797	0.774224	0.175914	0.74453	0.407584	0.924977	0.44025	0.558668	0.966499	0.297591	0.954658	0.637165	0.372003	0.299081	0.921041	0.257121	0.94004</FloatingPoint>
			</Individual>
			<Individual size="2">
				<FitnessMax value="2.96392"/>
				<FloatingPoint size="50">	3.24809	0.485915	3.68303	2.56075	3.28792	2.64695	1.62045	3.47883	5.6684	5.40844	2.47148	0.195594	3.32856	1.38841	2.46805	2.58623	1.43861	3.48015	1.5537	2.29437	3.66708	1.47119	2.56855	3.52021	3.52207	3.71904	3.5368	3.71906	5.46378	5.40074	3.45833	2.51823	3.56962	5.49092	5.33213	3.40616	3.74521	3.40989	2.34612	3.48038	2.89295	2.36903	3.54619	5.50368	5.45778	2.43055	2.62083	3.78551	4.48744	4.64411</FloatingPoint>
				<FloatingPoint size="20">	0.742328	0.202146	0.946346	0.889912	0.774225	0.234018	0.768712	0.451555	0.925124	0.420937	0.572835	0.966528	0.26306	0.954775	0.733995	0.286933	0.314567	0.915867	0.261714	0.965314</FloatingPoint>
			</Individual>
			<Individual size="2">
				<FitnessMax value="2.61559"/>
				<FloatingPoint size="50">	5.12498	3.7906	3.68362	2.55551	3.28766	2.6457	1.62713	3.46329	5.66765	5.40734	2.47146	0.44194	3.32711	1.38325	2.47304	2.58898	1.43099	3.48387	1.53447	2.29522	3.64685	1.47479	2.5741	3.52036	3.48864	3.71993	3.51158	3.71891	5.46223	5.41621	3.45714	2.52549	3.58913	2.75793	5.33945	3.4058	3.77563	3.40582	2.34387	3.46965	2.87343	2.58027	3.54807	5.51163	5.45396	2.42587	2.38298	3.74182	4.49622	4.66312</FloatingPoint>
				<FloatingPoint size="20">	0.714111	0.694963	0.945902	0.900318	0.774225	0.181738	0.7724	0.70648	0.925402	0.70586	0.586949	0.966998	0.197023	0.957133	0.850046	0.401006	0.310412	0.928681	0.469612	0.94096</FloatingPoint>
			</Individual>
			<Individual size="2">
				<FitnessMax value="3.07228"/>
				<FloatingPoint size="50">	3.30265	3.79299	3.68517	2.56194	3.28621	2.64623	1.62727	3.46313	5.66744	5.40727	2.47171	0.533858	3.32754	1.38781	2.47534	2.61396	1.43904	3.48834	1.54636	2.29319	3.66664	1.46384	2.56672	3.51874	3.47156	3.71914	3.52705	3.71902	5.46377	5.41599	3.4572	2.51915	3.59196	5.48486	5.33881	3.40345	3.74721	3.39997	2.35642	3.46045	2.89606	2.18624	3.51978	5.49601	5.45429	2.53506	2.62307	3.78391	4.50868	4.62435</FloatingPoint>
				<FloatingPoint size="20">	0.513125	0.145955	0.946064	0.868999	0.774224	0.219168	0.773154	0.362867	0.92684	0.386301	0.408134	0.966601	0.238045	0.962184	0.805739	0.37681	0.317252	0.922131	0.463223	0.940774</FloatingPoint>
			</Individual>
			<Individual size="2">
				<FitnessMax value="2.96392"/>
				<FloatingPoint size="50">	3.24809	0.485915	3.68303	2.56075	3.28792	2.64695	1.62045	3.47883	5.6684	5.40844	2.47148	0.195594	3.32856	1.38841	2.46805	2.58623	1.43861	3.48015	1.5537	2.29437	3.66708	1.47119	2.56855	3.52021	3.52207	3.71904	3.5368	3.71906	5.46378	5.40074	3.45833	2.51823	3.56962	5.49092	5.33213	3.40616	3.74521	3.40989	2.34612	3.48038	2.89295	2.36903	3.54619	5.50368	5.45778	2.43055	2.62083	3.78551	4.48744	4.64411</FloatingPoint>
				<FloatingPoint size="20">	0.742328	0.202146	0.946346	0.889912	0.774225	0.234018	0.768712	0.451555	0.925147	0.525359	0.752866	0.966381	0.0514225	0.956765	0.814944	0.37373	0.284494	0.906642	0.429778	0.940095</FloatingPoint>
			</Individual>
			<Individual size="2">
				<FitnessMax value="3.07228"/>
				<FloatingPoint size="50">	3.41574	3.78285	3.68352	2.56536	3.28793	2.60804	1.63492	3.4635	5.66775	5.40774	2.47162	0.375004	3.32699	1.3924	2.47463	2.59509	1.43844	3.50018	1.52427	2.29492	3.66744	1.46418	2.54295	3.51887	3.4953	3.71872	3.53038	3.7197	5.46076	5.42438	3.45708	2.52583	3.59567	5.46888	5.33412	3.40522	3.72637	3.39987	2.3562	3.41567	2.86698	2.56919	3.59153	5.50267	5.45039	2.42525	2.6602	3.76111	4.48285	4.61642</FloatingPoint>
				<FloatingPoint size="20">	0.714111	0.230406	0.946145	0.882349	0.774225	0.23253	0.76921	0.461337	0.920155	0.586993	0.587691	0.966666	0.241734	0.949116	0.487512	0.460921	0.604174	0.930476	0.457712	0.943743</FloatingPoint>
			</Individual>
			<Individual size="2">
				<FitnessMax value="3.07228"/>
				<FloatingPoint size="50">	3.04429	3.80954	3.68141	2.55901	3.28891	2.64744	1.6148	3.464	5.66894	5.4083	2.47168	0.164956	3.32766	1.38856	2.47493	2.57393	1.43852	3.49601	1.54853	2.29371	3.61978	1.46587	2.55276	3.52031	3.50916	3.71947	3.54099	3.71855	5.46171	5.41052	3.45788	2.51823	3.57939	5.49171	5.33309	3.40401	3.91435	3.41112	2.36461	3.47133	2.90262	2.38834	3.52263	5.49936	5.47623	2.4276	2.63322	3.76291	4.50589	4.64403</FloatingPoint>
				<FloatingPoint size="20">	0.959691	0.255138	0.946299	0.90193	0.774224	0.220424	0.755886	0.392319	0.925189	0.408034	0.564697	0.966892	0.257589	0.954683	0.812885	0.106448	0.334651	0.912862	0.247741	0.972175</FloatingPoint>
			</Individual>
			<Individual size="2">
				<FitnessMax value="3.07228"/>
				<FloatingPoint size="50">	3.18696	3.80319	3.68335	2.55952	3.28717	2.64714	1.62276	3.46342	5.66892	5.40809	2.47172	0.171862	3.32771	1.39118	2.47588	2.60288	1.4389	3.48608	1.55275	2.29283	3.66782	1.46989	2.58261	3.52052	3.47203	3.71903	3.53059	3.71851	5.46369	5.40867	3.00367	2.79827	3.59762	5.48754	5.33509	3.40342	3.74578	3.40493	2.36991	3.41939	2.86388	2.60391	3.64407	5.51284	5.46065	2.42399	2.63841	3.73539	4.4857	4.66597</FloatingPoint>
				<FloatingPoint size="20">	0.735773	0.272835	0.94613	0.855516	0.774225	0.0724647	0.761493	0.284651	0.92434	0.501829	0.8706	0.96718	0.122707	0.961576	0.738166	0.146152	0.160189	0.892628	0.396728	0.96309</FloatingPoint>
			</Individual>
			<Individual size="2">
				<FitnessMax value="3.07228"/>
				<FloatingPoint size="50">	3.41574	3.78285	3.68352	2.56552	3.28806	2.64616	1.62475	3.46337	5.66749	5.40801	2.47175	0.543209	3.32701	1.39479	2.47504	2.59941	1.43853	3.50453	1.52399	2.29563	3.66807	1.46417	2.51701	3.52088	3.47624	3.72082	3.51761	3.71945	5.46175	5.4319	3.45712	2.52076	3.57003	5.48939	5.33529	3.4064	4.25281	3.40376	2.34708	3.48181	2.86953	2.51395	3.57596	5.48666	5.46255	2.43259	2.65119	3.75239	4.46656	4.68002</FloatingPoint>
				<FloatingPoint size="20">	0.964436	0.444363	0.946575	0.848811	0.774224	0.141236	0.754743	0.327609	0.927564	0.525364	0.70442	0.966275	0.28098	0.956886	0.782589	0.560791	0.27942	0.927896	0.155065	0.939667</FloatingPoint>
			</Individual>
			<Individual size="2">
				<FitnessMax value="3.07228"/>
				<FloatingPoint size="50">	3.21621	3.78535	3.68329	2.55835	3.28801	2.64613	1.62481	3.46325	5.6676	5.40787	2.47171	0.490565	3.327	1.39128	2.47391	2.59094	1.4385	3.5005	1.52403	2.28974	3.66728	1.46414	2.55161	3.51914	3.49353	3.72091	3.5274	3.71813	5.46327	5.42553	3.45721	2.52225	3.56838	5.49334	5.33525	3.40524	3.8539	3.41088	2.32543	3.47931	2.8724	2.3873	3.59159	5.51139	5.45458	2.4236	2.52527	3.74052	4.49115	4.67459</FloatingPoint>
				<FloatingPoint size="20">	0.655301	0.0647958	0.946196	0.855614	0.774222	0.260253	0.780384	0.26295	0.9242	0.468733	0.613007	0.966298	0.22824	0.967381	0.957653	0.795795	0.31704	0.876257	0.159952	0.938184</FloatingPoint>
			</Individual>
			<Individual size="2">
				<FitnessMax value="3.07228"/>
				<FloatingPoint size="50">	3.24809	3.78166	3.68351	2.57233	3.28709	2.64573	1.62416	3.47226	5.66762	5.40792	2.47164	0.546399	3.32737	1.38461	2.47473	2.62183	1.43853	3.49883	1.53301	2.29524	3.66766	1.4609	2.55343	3.52031	3.48933	3.71964	3.52144	3.71806	5.46246	5.42295	3.45727	2.52227	3.56764	5.48602	5.33555	3.40478	4.06906	3.40541	2.33406	3.47781	2.87013	2.51891	3.58971	5.50982	5.45843	2.42706	2.6455	3.73621	4.48817	4.68017</FloatingPoint>
				<FloatingPoint size="20">	0.964436	0.444363	0.946575	0.848811	0.774224	0.141236	0.754743	0.327609	0.927564	0.525364	0.70442	0.966275	0.28098	0.956886	0.782589	0.350518	0.27942	0.927896	0.103016	0.939667</FloatingPoint>
			</Individual>
			<Individual size="2">
				<FitnessMax value="2.91166"/>
				<FloatingPoint size="50">	3.26405	3.79073	3.686	2.56524	3.28562	2.64613	1.62612	3.46336	5.66741	5.4071	2.47174	0.57548	3.32772	1.39182	2.47599	2.61965	1.43924	3.48555	1.55364	2.29246	3.66678	0.515315	2.58382	3.51773	3.46343	3.71953	3.52591	3.71877	5.4637	5.41389	3.45722	2.52773	3.59955	5.48308	5.34079	3.4022	3.69439	3.39982	2.35629	3.40612	2.85775	2.63601	3.66388	5.5163	5.44507	2.42304	2.66019	3.73617	4.47264	4.66844</FloatingPoint>
				<FloatingPoint size="20">	0.714111	0.40499	0.946334	0.854714	0.774363	0.194588	0.760669	0.344734	0.924753	0.626285	0.856382	0.966807	0.207551	0.958704	0.656255	0.356076	0.140416	0.906123	0.344676	0.958581</FloatingPoint>
			</Individual>
			<Individual size="2">
				<FitnessMax value="3.07228"/>
				<FloatingPoint size="50">	3.41574	3.78285	3.68352	2.56536	3.28793	2.64538	1.63492	3.4635	5.66775	5.40774	2.47162	0.375004	3.32699	1.3924	2.47463	2.59509	1.43844	3.50018	1.52427	2.29492	3.66744	1.46418	2.54295	3.51887	3.4953	3.71872	3.53038	3.7197	5.46076	5.42438	3.45708	2.52583	3.59567	5.46888	5.33412	3.40522	3.72637	3.39987	2.3562	3.41567	2.86698	2.56919	3.59153	5.50267	5.45039	2.42525	2.6602	3.76111	4.48285	4.61642</FloatingPoint>
				<FloatingPoint size="20">	0.749049	0.231461	0.946207	0.893989	0.774224	0.343819	0.75819	0.425805	0.923444	0.596974	0.760142	0.967914	0.211838	0.955555	0.965417	0.461135	0.213869	0.8987	0.761859	0.957765</FloatingPoint>
			</Individual>
			<Individual size="2">
				<FitnessMax value="3.07228"/>
				<FloatingPoint size="50">	3.04429	3.80954	3.68141	2.55901	3.28891	2.64744	1.6148	3.464	5.66894	5.4083	2.47168	0.164956	3.32766	1.38856	2.47493	2.57393	1.43857	3.49889	1.55259	2.29354	3.66823	1.47038	2.53371	3.52102	3.52686	3.71899	3.55039	3.71818	5.46369	5.40121	3.45841	2.52055	3.57361	5.49424	5.33502	3.40443	4.00215	3.41779	2.37033	3.49143	2.91601	2.37323	3.521	5.49832	5.49387	2.42693	2.62125	3.73524	4.51868	4.66248</FloatingPoint>
				<FloatingPoint size="20">	0.836901	0.417152	0.9461	0.901124	0.774224	0.201081	0.764143	0.549399	0.925296	0.556947	0.575823	0.966945	0.227306	0.955908	0.779356	0.642292	0.78622	0.920946	0.36387	0.955437</FloatingPoint>
			</Individual>
			<Individual size="2">
				<FitnessMax value="3.07228"/>
				<FloatingPoint size="50">	3.41574	3.78285	3.68352	2.56536	3.28793	2.60804	1.63492	3.4635	5.66775	5.40774	2.47162	0.375004	3.32699	1.3924	2.47463	2.59509	1.43844	3.50018	1.52427	2.29492	3.66744	1.46418	2.54295	3.51887	3.4953	3.71872	3.53038	3.7197	5.46076	5.42438	3.45708	2.52521	3.59567	5.46888	5.33412	3.40522	3.72637	3.39987	2.3562	3.41567	2.86698	2.56919	3.59153	5.50267	5.45039	2.42525	2.6602	3.76111	4.48285	4.61642</FloatingPoint>
				<FloatingPoint size="20">	0.964998	0.465625	0.946563	0.856466	0.775783	0.33764	0.771922	0.381762	0.918813	0.742054	0.862426	0.966631	0.255003	0.96033	0.382021	0.364454	0.478349	0.928896	0.401418	0.939541</FloatingPoint>
			</Individual>
			<Individual size="2">
				<FitnessMax value="2.69339"/>
				<FloatingPoint size="50">	3.41574	3.79525	3.68363	2.56138	3.28657	2.64709	1.62394	3.46365	5.66793	5.40798	2.47171	0.212076	3.32763	1.39014	2.47584	2.60729	1.43896	3.48634	1.55053	2.29287	3.66752	1.46683	2.58034	3.51875	3.47077	4.22116	3.52731	3.7189	5.46343	5.41214	3.13746	2.78236	3.59339	5.48201	5.34086	3.40343	3.76596	3.40523	2.35671	3.42839	2.86322	2.60077	3.63598	5.51371	5.45836	2.42509	2.64856	3.72831	4.48114	4.66593</FloatingPoint>
				<FloatingPoint size="20">	0.964436	0.444363	0.946575	0.848811	0.774224	0.141236	0.754743	0.327609	0.927564	0.525364	0.70442	0.966275	0.28098	0.956886	0.652273	0.350518	0.27942	0.927896	0.155065	0.939667</FloatingPoint>
			</Individual>
			<Individual size="2">
				<FitnessMax value="3.07228"/>
				<FloatingPoint size="50">	3.41574	3.78285	3.68352	2.56552	3.28806	2.64616	1.62475	3.46337	5.66749	5.40801	2.47175	0.543209	3.32701	1.39479	2.47504	2.59941	1.43853	3.50453	1.52399	2.29563	3.66807	1.46417	2.51701	3.51961	3.49401	3.71868	3.53043	3.71791	5.46368	5.41973	3.45739	2.52774	3.56643	5.49387	5.33532	3.40455	3.7036	3.4164	2.3049	3.47914	2.87161	2.53113	3.61768	5.51582	5.48947	2.4223	2.6481	3.72759	4.51226	4.68099</FloatingPoint>
				<FloatingPoint size="20">	0.772243	0.32687	0.945768	0.802483	0.774223	0.175393	0.739387	0.394312	0.923894	0.47304	0.548627	0.966402	0.273446	0.954098	0.652484	0.375219	0.294661	0.919326	0.207004	0.93924</FloatingPoint>
			</Individual>
			<Individual size="2">
				<FitnessMax value="2.68941"/>
				<FloatingPoint size="50">	3.41574	3.78285	3.68352	2.56536	3.28793	2.60804	1.63492	3.4635	5.66775	5.40774	2.47162	0.375004	3.32699	1.3924	2.47463	2.59509	1.43844	3.50018	1.52427	2.29492	3.66744	1.46418	2.54295	3.51887	3.4953	3.71872	3.53038	3.7197	6.82435	5.42438	3.45708	2.52583	3.59567	5.46888	5.33412	3.40522	3.72637	3.39987	2.3562	3.41567	2.86698	2.56919	3.59153	5.50267	5.45039	2.42525	2.6602	3.76111	4.48285	4.61642</FloatingPoint>
				<FloatingPoint size="20">	0.775506	0.165147	0.946186	0.869086	0.774223	0.244543	0.777835	0.303325	0.922251	0.841696	0.227677	0.966699	0.520951	0.957154	0.865466	0.508883	0.290368	0.916075	0.357685	0.95671</FloatingPoint>
			</Individual>
			<Individual size="2">
				<FitnessMax value="3.07228"/>
				<FloatingPoint size="50">	3.24013	3.79678	3.58654	2.55904	3.288	2.6464	1.63183	3.46696	5.66816	5.40826	2.4715	0.567397	3.32746	1.38211	2.47242	2.57185	1.43848	3.4917	1.54245	2.29468	3.59154	1.45912	2.56851	3.5203	3.48268	3.72046	3.52692	3.71904	5.46153	5.42445	3.45708	2.51475	3.57189	5.49049	5.33021	3.40338	3.78294	3.40209	2.33926	3.44124	2.88258	2.41094	3.53065	5.50091	5.44982	2.4286	2.65113	3.79924	4.4862	4.61641</FloatingPoint>
				<FloatingPoint size="20">	0.402455	0.68384	0.946575	0.848813	0.774224	0.495094	0.755067	0.494866	0.92756	0.525356	0.483167	0.966276	0.281	0.956886	0.83072	0.350464	0.461058	0.927896	0.155017	0.939667</FloatingPoint>
			</Individual>
			<Individual size="2">
				<FitnessMax value="3.07228"/>
				<FloatingPoint size="50">	3.23878	3.80015	3.68586	2.5642	3.2854	2.64643	1.62161	3.46336	5.66744	5.4071	2.47174	0.574175	3.32761	1.39347	2.47477	2.61989	1.43899	3.48138	1.54579	2.29254	3.69384	1.46431	2.58067	3.51795	3.47106	3.71949	3.5251	3.7188	5.46304	5.41062	3.45676	2.52773	3.5991	5.47214	5.33994	3.40246	3.69437	3.39982	2.3564	3.37897	2.87366	2.8419	3.29567	5.48707	5.43692	2.42251	2.66962	3.76581	4.42999	4.66801</FloatingPoint>
				<FloatingPoint size="20">	0.735773	0.272835	0.94613	0.855516	0.774225	0.0724647	0.761493	0.284651	0.92434	0.501829	0.8706	0.96718	0.122707	0.961576	0.738166	0.185267	0.160189	0.892628	0.396728	0.96309</FloatingPoint>
			</Individual>
			<Individual size="2">
				<FitnessMax value="3.07228"/>
				<FloatingPoint size="50">	3.20762	3.77646	3.68327	2.64212	3.28245	2.6427	1.64265	3.46315	5.64881	5.40686	2.47155	0.556657	3.32781	1.38642	2.47091	2.89629	1.43845	3.49881	1.53564	2.29534	3.66686	1.46766	2.59071	3.51802	3.44959	3.71846	3.5263	3.71872	5.46434	5.42243	3.45765	2.52384	3.56839	5.46122	5.35017	3.40523	3.76239	3.42106	2.35616	3.46355	2.87055	2.45297	3.53984	5.53023	5.48141	2.4277	2.63331	3.67572	4.46136	4.63887</FloatingPoint>
				<FloatingPoint size="20">	0.811153	0.620896	0.946375	0.8913	0.774224	0.260307	0.759551	0.425161	0.925809	0.491405	0.337161	0.966329	0.498016	0.958519	0.514857	0.354195	0.288143	0.922409	0.32065	0.93831</FloatingPoint>
			</Individual>
			<Individual size="2">
				<FitnessMax value="2.96392"/>
				<FloatingPoint size="50">	3.24599	3.79505	3.68255	2.04681	6.4545	2.64675	1.6202	3.46366	5.66815	5.40814	2.47171	0.370346	3.32731	1.39194	2.47499	2.58777	1.43855	3.50195	1.53706	2.29468	3.66814	1.46701	2.52464	3.52025	3.50902	3.71882	3.53955	3.71804	5.46369	5.41127	3.45785	2.52446	3.56971	5.49404	5.33519	3.4045	3.84004	3.41703	2.3348	3.48476	2.8919	2.45897	3.5735	5.50783	5.49148	2.42441	2.63583	3.73108	4.5152	4.67253</FloatingPoint>
				<FloatingPoint size="20">	0.733065	0.386661	0.946495	0.878701	0.774224	0.133994	0.758781	0.32706	0.925178	0.513789	0.753807	0.967035	0.326492	0.958509	0.760192	0.359259	0.227246	0.917696	0.425904	0.962364</FloatingPoint>
			</Individual>
			<Individual size="2">
				<FitnessMax value="2.09001"/>
				<FloatingPoint size="50">	3.34995	3.80051	3.68518	2.5541	3.28598	2.64636	1.62459	3.46329	5.66752	5.40741	2.47141	3.22313	3.32738	1.37858	2.4739	2.59464	1.43882	3.48342	1.5423	2.29327	3.59179	1.46683	2.57478	3.51969	3.48726	3.71915	3.52967	3.71843	5.46336	5.41784	3.4572	2.52672	3.58799	5.4907	5.33922	3.40446	3.79724	3.41039	2.33295	3.42837	2.87008	2.5765	3.62706	5.51307	5.45512	2.42341	2.65111	3.73539	4.50185	4.67353</FloatingPoint>
				<FloatingPoint size="20">	0.731177	0.384555	0.946496	0.840234	0.774224	0.332854	0.755846	0.317428	0.924708	0.541624	0.623574	0.966393	0.28949	0.957658	0.427581	0.444839	0.283472	0.927236	0.309457	0.94014</FloatingPoint>
			</Individual>
			<Individual size="2">
				<FitnessMax value="3.07228"/>
				<FloatingPoint size="50">	3.41574	3.78285	3.68352	2.56536	3.28793	2.64538	1.63492	3.4635	5.66775	5.40774	2.47162	0.375004	3.32699	1.3924	2.47463	2.59509	1.43844	3.50018	1.52427	2.29492	3.66744	1.46418	2.54295	3.51887	3.4953	3.71872	3.53038	3.7197	5.46076	5.42438	3.45708	2.28512	3.59567	5.46888	5.33412	3.40522	3.72637	3.39987	2.3562	3.41567	2.86698	2.56919	3.59153	5.50267	5.45039	2.42525	2.6602	3.76111	4.48285	4.61642</FloatingPoint>
				<FloatingPoint size="20">	0.749049	0.231461	0.946207	0.893989	0.774224	0.343819	0.75819	0.425805	0.923444	0.596974	0.760142	0.968039	0.348786	0.952988	0.884838	0.565612	0.232401	0.916068	0.246532	0.976226</FloatingPoint>
			</Individual>
			<Individual size="2">
				<FitnessMax value="3.07228"/>
				<FloatingPoint size="50">	3.24809	3.79365	3.68429	2.56455	3.28727	2.64631	1.62873	3.47964	5.66768	5.40745	2.47164	0.507054	3.32734	1.39015	2.4751	2.60712	1.43865	3.49378	1.53663	2.2944	3.66696	1.46576	2.53633	3.51975	3.48574	3.7186	3.52997	3.71914	5.46383	5.42037	3.4573	2.52253	3.57167	5.48762	5.33636	3.40474	3.72819	3.40576	2.32225	3.43955	2.87354	2.52049	3.59986	5.50947	5.4647	2.42359	2.65605	3.77951	4.49099	4.67012</FloatingPoint>
				<FloatingPoint size="20">	0.8105	0.89112	0.945912	0.867301	0.774223	0.109104	0.745266	0.307962	0.915958	0.350459	0.781024	0.968039	0.348786	0.952988	0.884838	0.565612	0.232401	0.916068	0.246532	0.976226</FloatingPoint>
			</Individual>
			<Individual size="2">
				<FitnessMax value="2.96392"/>
				<FloatingPoint size="50">	3.20754	3.7989	3.68303	2.5562	3.28809	2.64504	1.63676	3.46326	5.6684	5.40844	2.47148	0.195594	3.32856	1.38841	2.47178	2.58623	1.37842	3.49138	1.52403	2.29584	3.66615	1.47119	2.56855	3.52104	3.48219	3.72172	3.50074	3.71906	5.45819	5.4125	3.45682	2.51823	3.59768	5.49092	5.33213	3.40616	3.74521	3.40133	4.03188	3.4775	2.72038	2.44831	3.57545	5.50842	5.47138	2.42462	2.65098	3.77909	4.50426	4.65881</FloatingPoint>
				<FloatingPoint size="20">	0.768714	0.642474	0.946075	0.893501	0.774224	0.233225	0.772089	0.627555	0.922544	0.714601	0.575612	0.966912	0.204303	0.9528	0.741322	0.415389	0.309676	0.929248	0.456233	0.941714</FloatingPoint>
			</Individual>
			<Individual size="2">
				<FitnessMax value="3.07228"/>
				<FloatingPoint size="50">	3.24809	3.80505	3.68303	2.56075	3.28792	2.64695	1.62045	3.47883	5.6684	5.40844	2.47148	0.195594	3.32856	1.38841	2.46805	2.58623	1.43861	3.48015	1.5537	2.29437	3.66708	1.47119	2.56855	3.52021	3.52207	3.71904	3.5368	3.71906	5.46378	5.40074	3.45833	2.51823	3.56962	5.49092	5.33213	3.40616	3.74521	3.40989	2.34612	3.48038	2.89295	2.36903	3.54619	5.50368	5.45778	2.43055	2.62083	3.78551	4.48744	4.64411</FloatingPoint>
				<FloatingPoint size="20">	0.747925	0.313918	0.946291	0.806959	0.774224	0.253453	0.769233	0.369689	0.918617	0.693371	0.546689	0.966302	0.34636	0.958873	0.672788	0.371315	0.284374	0.914292	0.443266	0.938988</FloatingPoint>
			</Individual>
			<Individual size="2">
				<FitnessMax value="3.07228"/>
				<FloatingPoint size="50">	3.28144	3.80355	3.6832	2.55412	3.28806	2.64668	1.63051	3.46382	5.66755	5.40718	2.59741	0.554183	3.32737	1.39112	2.47524	2.57628	1.43847	3.49541	1.54124	2.29268	3.66687	1.46414	2.54501	3.51888	3.49231	3.71958	3.52029	3.71862	5.46207	5.41629	3.4578	2.52051	3.5744	5.49283	5.34146	3.40519	3.92319	3.40949	2.34029	3.41444	2.76922	2.60399	3.5914	5.50688	5.47614	2.4266	2.65974	3.74848	4.50521	4.6639</FloatingPoint>
				<FloatingPoint size="20">	0.959691	0.255138	0.946299	0.90193	0.774224	0.220424	0.755886	0.392319	0.925189	0.240332	0.66369	0.966892	0.257589	0.954683	0.812885	0.106448	0.334651	0.912862	0.247741	0.972175</FloatingPoint>
			</Individual>
			<Individual size="2">
				<FitnessMax value="3.07228"/>
				<FloatingPoint size="50">	3.41574	3.78285	3.68352	2.56552	3.28806	2.64616	1.62475	3.46337	5.66749	5.40801	2.47175	0.543209	3.32701	1.39479	2.47398	2.58743	1.4383	3.49324	1.52393	2.29515	3.66648	1.82906	2.58124	3.51777	3.49856	3.71913	3.50717	3.71926	5.46428	5.41833	3.45746	2.52369	3.56909	5.49117	5.36024	3.40525	3.69109	3.42046	2.35815	3.47197	2.87669	2.40287	3.53385	5.50818	5.45085	2.42628	2.23516	3.7152	4.46123	4.62312</FloatingPoint>
				<FloatingPoint size="20">	0.702369	0.483612	0.946589	0.852692	0.775773	0.334699	0.757653	0.38357	0.927591	0.79935	0.82399	0.9663	0.256833	0.957051	0.583486	0.339497	0.123882	0.911577	0.344166	0.939203</FloatingPoint>
			</Individual>
			<Individual size="2">
				<FitnessMax value="3.07228"/>
				<FloatingPoint size="50">	3.24634	3.8037	3.68522	2.5502	3.28535	2.64641	1.61894	3.46336	5.66765	5.40723	2.47141	0.573435	3.32761	1.36469	2.47326	2.58836	1.43832	3.48253	1.54625	2.29259	3.31573	1.46433	2.58147	3.51857	3.47196	3.71931	3.52504	3.7188	5.45787	5.41095	3.45677	2.52774	3.60113	5.49014	5.33574	3.40252	3.69462	3.39983	2.3559	3.3796	2.87609	2.36364	3.52576	5.48596	5.45431	2.4347	2.67098	3.87106	4.43749	4.60273</FloatingPoint>
				<FloatingPoint size="20">	0.808292	0.259573	0.946268	0.849287	0.774224	0.142041	0.755448	0.275413	0.924253	0.478239	0.255035	0.966287	0.714559	0.962591	0.782882	0.38554	0.283083	0.926692	0.410212	0.939605</FloatingPoint>
			</Individual>
			<Individual size="2">
				<FitnessMax value="2.38523"/>
				<FloatingPoint size="50">	3.307	3.79123	3.68326	2.56065	3.28808	2.64558	1.63102	3.46331	5.66796	5.40824	2.47161	0.361646	3.32782	1.39146	2.47334	2.59252	1.40713	3.49766	1.52401	2.29574	3.66707	1.46784	2.54393	3.52097	3.47935	3.72129	3.5088	3.71925	5.45989	5.42177	3.45696	2.51944	3.58447	5.49019	5.33364	3.40627	3.98769	3.40249	2.34658	3.48106	2.87364	2.59692	3.55116	1.09476	5.4562	2.42976	2.63534	3.75694	4.47747	4.66126</FloatingPoint>
				<FloatingPoint size="20">	0.964436	0.444363	0.946575	0.848811	0.774224	0.141236	0.754743	0.327609	0.927564	0.525364	0.70442	0.966275	0.28098	0.956886	0.782589	0.560791	0.27942	0.927896	0.155065	0.939667</FloatingPoint>
			</Individual>
			<Individual size="2">
				<FitnessMax value="3.07228"/>
				<FloatingPoint size="50">	3.23878	3.80015	3.68586	2.5642	3.2854	2.64643	1.62161	3.46336	5.66744	5.4071	2.47174	0.574175	3.32761	1.39347	2.47477	2.61989	1.43899	3.48138	1.54579	2.29254	3.19949	1.46431	2.58067	3.51795	3.47106	3.71949	3.5251	3.7188	5.46304	5.41062	3.45676	2.52773	3.5991	5.47214	5.33994	3.40246	3.69437	3.39982	2.3564	3.37897	2.87366	2.8419	3.29567	5.48707	5.43692	2.42251	2.66962	3.76581	4.42999	4.66801</FloatingPoint>
				<FloatingPoint size="20">	0.8105	0.89112	0.945912	0.867301	0.774223	0.109104	0.745266	0.307962	0.915958	0.350459	0.246613	0.968039	0.348786	0.952988	0.884838	0.565612	0.232401	0.916068	0.246532	0.976226</FloatingPoint>
			</Individual>
			<Individual size="2">
				<FitnessMax value="3.02296"/>
				<FloatingPoint size="50">	3.30265	3.79299	3.68517	2.56194	3.28621	2.64623	1.62727	3.46313	5.66744	5.40727	2.47171	0.533858	3.32754	1.38781	2.47534	2.61396	1.43904	3.48834	1.54636	2.29319	3.66664	1.46384	2.56672	3.51874	3.47156	3.71914	3.52705	3.71902	5.46377	5.41599	3.4572	2.52049	3.59196	5.48486	5.33881	3.40345	3.74721	3.39997	2.35642	3.46045	2.89606	2.18624	3.51978	5.49601	5.45429	2.53506	2.44188	3.78391	4.50868	4.62435</FloatingPoint>
				<FloatingPoint size="20">	0.513125	0.145955	0.946064	0.868999	0.774224	0.306548	0.762007	0.517208	0.922988	0.512732	0.602616	0.967281	0.738395	0.954983	0.689581	0.580531	0.256479	0.760519	0.465664	0.956692</FloatingPoint>
			</Individual>
			<Individual size="2">
				<FitnessMax value="3.07228"/>
				<FloatingPoint size="50">	3.34995	3.80051	3.68518	2.5541	3.28598	2.64636	1.62459	3.46329	5.66752	5.40741	2.47141	0.494889	3.32738	1.37858	2.4739	2.59464	1.43882	3.48342	1.5423	2.29327	3.59179	1.46683	2.57478	3.51969	3.48726	3.71915	3.52967	3.71843	5.46336	5.41784	3.4572	2.52672	3.58799	5.4907	5.33922	3.40446	3.79724	3.41039	2.33295	3.42837	2.87008	2.5765	3.62706	5.51307	5.45512	2.42341	2.65111	3.73539	4.50185	4.67353</FloatingPoint>
				<FloatingPoint size="20">	0.964436	0.444363	0.946575	0.833136	0.774224	0.141236	0.754743	0.327609	0.927564	0.525364	0.70442	0.966275	0.28098	0.956886	0.652273	0.350518	0.27942	0.927896	0.155065	0.939667</FloatingPoint>
			</Individual>
			<Individual size="2">
				<FitnessMax value="3.07228"/>
				<FloatingPoint size="50">	3.22781	3.80197	3.68303	2.55847	3.288	2.646	1.6286	3.47105	5.6684	5.40844	2.47148	0.195594	3.32856	1.38841	2.46992	2.58623	1.40852	3.48577	1.53886	2.2951	3.66662	1.47119	2.56855	3.52063	3.50213	3.72038	3.51877	3.71906	5.46098	5.40662	3.45757	2.51823	3.58365	5.49092	5.33213	3.40616	3.74521	3.40561	2.34612	3.48038	2.88517	2.52091	3.53734	5.50368	5.45409	2.42886	2.62083	3.77331	4.48744	4.64411</FloatingPoint>
				<FloatingPoint size="20">	0.772243	0.32687	0.945768	0.81797	0.774224	0.175914	0.74453	0.407584	0.924977	0.44025	0.558668	0.966499	0.297591	0.954658	0.637165	0.372003	0.299081	0.921041	0.257121	0.94004</FloatingPoint>
			</Individual>
			<Individual size="2">
				<FitnessMax value="0.99"/>
				<FloatingPoint size="50">	3.41574	3.78285	3.68352	2.56536	3.28793	2.60804	1.63492	3.4635	5.66775	5.40774	2.47162	5.73035	3.32699	1.3924	2.47463	2.59509	1.43844	3.50018	1.52427	2.29492	3.66744	1.46418	2.54295	3.51887	3.4953	3.71872	3.53038	3.7197	5.46076	5.42438	3.45708	2.52583	3.59567	5.46888	5.33412	3.40522	3.72637	3.39987	2.3562	3.41567	2.86698	2.56919	3.59153	5.50267	5.45039	2.42525	2.6602	3.76111	4.48285	4.61642</FloatingPoint>
				<FloatingPoint size="20">	0.763079	0.235338	0.946175	0.886253	0.774224	0.230116	0.766553	0.447575	0.921158	0.51787	0.602845	0.966711	0.244895	0.950226	0.552391	0.39024	0.550431	0.926964	0.415844	0.949412</FloatingPoint>
			</Individual>
			<Individual size="2">
				<FitnessMax value="3.07228"/>
				<FloatingPoint size="50">	3.41845	3.79073	3.686	2.56524	3.28562	2.64613	1.62612	3.46334	5.66741	5.4071	2.47174	0.57548	3.32772	1.39182	2.47599	2.61965	1.43924	3.48555	1.55364	2.29246	3.66678	1.4641	2.58382	3.51773	3.46343	3.71953	3.52591	3.71877	5.4637	5.41389	3.45722	2.52773	3.59955	5.48308	5.34079	3.4022	3.69439	3.39982	2.35629	3.40612	2.85775	2.63601	3.66388	5.5163	5.44507	2.42304	2.66019	3.73617	4.47264	4.66844</FloatingPoint>
				<FloatingPoint size="20">	0.409858	0.68384	0.946575	0.848813	0.774224	0.495094	0.755067	0.494866	0.92756	0.525356	0.247637	0.966276	0.281	0.956886	0.83072	0.350464	0.461058	0.927896	0.155017	0.939667</FloatingPoint>
			</Individual>
			<Individual size="2">
				<FitnessMax value="3.07228"/>
				<FloatingPoint size="50">	3.41845	3.7998	3.68269	2.55205	3.28798	2.64653	1.63073	3.46317	5.66755	5.40777	2.79725	0.552732	3.327	1.39099	2.47455	2.59335	1.43845	3.49625	1.52428	2.29564	3.66716	1.4617	2.54399	3.52039	3.48165	3.72023	3.51669	3.71865	5.46247	5.4262	3.45737	2.52029	3.56752	5.49284	5.34434	3.40578	3.96727	3.40923	2.32755	3.4775	2.72038	2.44831	3.57545	5.50842	5.47138	2.42462	2.65098	3.77909	4.50426	4.65881</FloatingPoint>
				<FloatingPoint size="20">	0.959691	0.458892	0.946679	0.869659	0.774224	0.375843	0.771	0.35151	0.912545	0.745172	0.535958	0.966612	0.229768	0.937643	0.361055	0.465697	0.3071	0.931232	0.40944	0.944353</FloatingPoint>
			</Individual>
			<Individual size="2">
				<FitnessMax value="2.96392"/>
				<FloatingPoint size="50">	3.24599	3.79505	3.68255	2.04681	6.4545	2.64675	1.6202	3.46366	5.66815	5.40814	2.47171	0.370346	3.32731	1.39194	2.47499	2.58777	1.43855	3.50195	1.53706	2.29468	3.66814	1.46701	2.52464	3.52025	3.50902	3.71882	3.53955	3.71804	5.46369	5.41127	3.45785	2.52446	3.56971	5.49404	5.33519	3.4045	3.84004	3.41703	2.3348	3.48476	2.8919	2.45897	3.5735	5.50783	5.49148	2.42441	2.63583	3.73108	4.5152	4.67253</FloatingPoint>
				<FloatingPoint size="20">	0.735773	0.272835	0.94613	0.855516	0.774224	0.120344	0.759679	0.319492	0.924615	0.471477	0.77161	0.967087	0.835644	0.959346	0.72862	0.314114	0.216645	0.899176	0.348516	0.96603</FloatingPoint>
			</Individual>
			<Individual size="2">
				<FitnessMax value="3.07228"/>
				<FloatingPoint size="50">	3.41845	3.78685	3.68312	2.55693	3.28794	2.64614	1.62495	3.46309	5.66781	5.40771	2.47161	0.449875	3.32699	1.37825	2.47208	2.59044	1.43844	3.49973	1.52437	2.295	3.66703	1.46394	2.55827	3.51908	3.48364	3.7217	3.51638	3.71971	5.46088	5.42848	3.45711	2.49852	3.57163	5.4887	5.33165	3.40526	3.88792	3.405	2.34312	3.47993	2.88295	2.33231	3.53628	5.50142	5.45423	2.42744	2.65981	3.81681	4.48226	4.63085</FloatingPoint>
				<FloatingPoint size="20">	0.629861	0.287882	0.946125	0.855509	0.774225	0.0588825	0.760126	0.28622	0.92435	0.504222	0.889231	0.967244	0.115074	0.961156	0.722291	0.4148	0.148845	0.890932	0.392088	0.964892</FloatingPoint>
			</Individual>
			<Individual size="2">
				<FitnessMax value="3.07228"/>
				<FloatingPoint size="50">	3.04429	3.80954	3.68141	2.55901	3.28891	2.64744	1.6148	3.464	5.66894	5.4083	2.47168	0.164956	3.32766	1.38856	2.47493	2.57393	1.43852	3.49601	1.54853	2.29371	3.61978	1.46587	2.55276	3.52031	3.50916	3.71947	3.54099	3.71855	5.46171	5.41052	3.45788	2.51823	3.57939	5.49171	5.33309	3.40401	3.91435	3.41112	2.36461	3.47133	2.90262	2.38834	3.52263	5.49936	5.47623	2.4276	2.63322	3.76291	4.50589	4.64403</FloatingPoint>
				<FloatingPoint size="20">	0.923015	0.302867	0.946013	0.851104	0.774224	0.215626	0.749857	0.406376	0.925123	0.416048	0.564408	0.966535	0.272967	0.954681	0.730206	0.30509	0.315975	0.916299	0.253847	0.966494</FloatingPoint>
			</Individual>
			<Individual size="2">
				<FitnessMax value="3.07228"/>
				<FloatingPoint size="50">	3.41574	3.78285	3.68352	2.56552	3.28806	2.64616	1.62475	3.46337	5.66749	5.40801	2.47175	0.543209	3.32701	1.39479	2.47504	2.59941	1.43853	3.50453	1.52399	2.29563	3.66807	1.46417	2.51701	3.51961	3.49401	3.71868	3.53043	3.71791	5.46368	5.41973	3.45739	2.52774	3.60113	5.49014	5.33574	3.40252	3.69462	3.39983	2.3559	3.3796	2.87609	2.36364	3.52576	5.48596	5.45431	2.4347	2.67098	3.87106	4.43749	4.60273</FloatingPoint>
				<FloatingPoint size="20">	0.712312	0.28225	0.946145	0.846112	0.774225	0.559591	0.769286	0.322459	0.924863	0.568244	0.313423	0.966676	0.200945	0.954557	0.61373	0.458128	0.296111	0.926013	0.442682	0.942133</FloatingPoint>
			</Individual>
			<Individual size="2">
				<FitnessMax value="3.07228"/>
				<FloatingPoint size="50">	3.34512	3.78997	3.68307	2.55926	3.28799	2.64624	1.62305	3.4634	5.66785	5.40761	2.47164	0.552732	3.327	1.39099	2.47455	2.59335	1.43845	3.49625	1.52428	2.29564	3.66716	1.4617	2.54399	3.52039	3.48165	3.72023	3.51669	3.71865	5.46247	5.4262	3.45737	2.52029	3.56752	5.49284	5.34434	3.40578	3.96727	3.40923	2.32755	3.4775	2.72038	2.44831	3.57545	5.50842	5.47138	2.42462	2.65098	3.77909	4.50426	4.65881</FloatingPoint>
				<FloatingPoint size="20">	0.959691	0.458892	0.946679	0.869659	0.774224	0.375843	0.771	0.35151	0.912545	0.745172	0.535958	0.966612	0.229768	0.937643	0.361055	0.465697	0.3071	0.931232	0.40944	0.944353</FloatingPoint>
			</Individual>
			<Individual size="2">
				<FitnessMax value="3.07228"/>
				<FloatingPoint size="50">	3.2563	3.80515	3.32579	2.54813	3.28805	2.64655	1.63232	3.49187	5.66816	5.40724	2.47148	0.584799	3.32728	1.38033	2.47479	2.96575	1.43845	3.48587	1.54418	2.29644	3.66718	1.45324	2.56169	3.52161	3.47559	3.72164	3.52804	3.71921	5.46268	5.44471	3.45752	2.50221	3.57006	5.48906	5.32774	3.40706	3.87889	3.4036	2.32684	3.48223	2.89495	2.2906	3.56212	5.5106	5.47017	2.42879	2.65944	3.8557	4.49026	4.64616</FloatingPoint>
				<FloatingPoint size="20">	0.714111	0.620896	0.946375	0.8913	0.774223	0.260307	0.764698	0.489431	0.927157	0.861386	0.555096	0.966329	0.385514	0.961957	0.774302	0.676744	0.276899	0.93052	0.448253	0.93831</FloatingPoint>
			</Individual>
			<Individual size="2">
				<FitnessMax value="3.07228"/>
				<FloatingPoint size="50">	3.26407	3.79007	3.68593	2.56523	3.28568	2.64608	1.62677	3.46337	5.66743	5.4071	2.47173	0.575482	3.32769	1.39174	2.47593	2.61876	1.43922	3.48577	1.55283	2.29253	3.66678	1.47415	2.58375	3.51773	3.4644	3.71951	3.5254	3.71878	5.46372	5.41401	3.45722	2.52762	3.59871	5.4833	5.34133	3.40229	3.6943	3.40038	2.35634	3.40794	2.85827	2.62959	3.6603	5.51608	5.44523	2.42313	2.64848	3.73559	4.47232	4.66719</FloatingPoint>
				<FloatingPoint size="20">	0.735773	0.272835	0.94613	0.855516	0.774225	0.0724647	0.761493	0.284651	0.92434	0.501829	0.8706	0.96718	0.122707	0.961576	0.738166	0.413464	0.160189	0.892628	0.396728	0.96309</FloatingPoint>
			</Individual>
			<Individual size="2">
				<FitnessMax value="3.07228"/>
				<FloatingPoint size="50">	3.41845	3.7998	3.68269	2.55205	3.28798	2.64653	1.63073	3.46317	5.66755	5.40777	2.47162	0.408992	3.32699	1.37577	2.47339	2.59691	1.43844	3.49669	1.5245	2.29539	3.66621	1.46306	2.51543	3.52178	3.49595	3.71798	3.53045	3.71976	5.46396	5.4223	3.45714	2.4934	3.56916	5.4902	5.33285	3.40538	3.9057	3.40044	2.32425	3.45369	2.89785	2.27539	3.52828	5.50132	5.45449	2.42982	2.65423	3.85933	4.46151	4.65736</FloatingPoint>
				<FloatingPoint size="20">	0.8105	0.495667	0.945912	0.867301	0.774223	0.109104	0.745266	0.307962	0.915958	0.350459	0.246613	0.968039	0.348786	0.952988	0.884838	0.565612	0.232401	0.916068	0.246532	0.976226</FloatingPoint>
			</Individual>
			<Individual size="2">
				<FitnessMax value="3.07228"/>
				<FloatingPoint size="50">	3.24634	3.8037	3.68522	2.5502	3.28535	2.64641	1.61894	3.46336	5.66765	5.40723	2.47141	0.573435	3.32761	1.36469	2.47326	2.58836	1.43832	3.48253	1.54625	2.29259	3.31573	1.46433	2.58147	3.51857	3.47196	3.71931	3.52504	3.7188	5.45787	5.41095	3.45677	2.52774	3.60113	5.49014	5.33574	3.40252	3.69462	3.39983	2.3559	3.3796	2.87609	2.36364	3.52576	5.48596	5.45431	2.4347	2.67098	3.87106	4.43749	4.60273</FloatingPoint>
				<FloatingPoint size="20">	0.655301	0.0647958	0.946196	0.855614	0.774222	0.260253	0.780384	0.26295	0.9242	0.468733	0.215839	0.966298	0.541867	0.967381	0.78351	0.394994	0.31704	0.916088	0.46088	0.938184</FloatingPoint>
			</Individual>
			<Individual size="2">
				<FitnessMax value="3.07228"/>
				<FloatingPoint size="50">	3.26431	3.80578	3.68385	2.56154	3.28502	2.64631	1.61976	3.39631	5.66678	5.40826	2.47153	0.202297	3.59295	1.3891	2.47694	2.56059	1.4391	3.42351	1.55364	2.29238	3.66706	1.46201	2.5883	3.51997	3.54338	3.71897	3.52422	3.71877	5.46375	5.41654	3.45814	2.51065	3.59362	5.49151	5.33589	3.40419	3.65124	3.4095	2.36734	3.47807	2.86083	2.28487	3.55379	5.50343	5.43641	2.42479	2.57612	3.73619	4.45988	4.65795</FloatingPoint>
				<FloatingPoint size="20">	0.79719	0.427662	0.945932	0.882384	0.774226	0.178083	0.765923	0.462784	0.92948	0.525356	0.483167	0.966276	0.281	0.956886	0.83072	0.350464	0.285611	0.927896	0.155017	0.939667</FloatingPoint>
			</Individual>
			<Individual size="2">
				<FitnessMax value="2.91166"/>
				<FloatingPoint size="50">	3.24678	3.78837	3.68497	2.56275	3.28652	2.6461	1.62606	3.46333	5.66749	5.40738	2.47172	0.544803	3.32744	1.39157	2.4752	2.60871	1.43896	3.49109	1.54242	2.29153	3.66696	1.47053	2.57214	3.51824	3.47492	3.72002	3.52612	3.71855	5.46356	5.41817	3.45722	2.52568	3.58775	5.48693	5.33913	3.40335	3.75196	3.40418	2.34517	3.43372	2.86338	2.54205	3.63548	5.51438	5.4486	2.4233	2.60397	3.73737	4.47913	4.66986</FloatingPoint>
				<FloatingPoint size="20">	0.704642	0.0528151	0.946213	0.830711	0.774347	0.205878	0.766476	0.40828	0.558113	0.635642	0.745345	0.9663	0.494694	0.959295	0.753856	0.451751	0.278272	0.881601	0.352367	0.939678</FloatingPoint>
			</Individual>
			<Individual size="2">
				<FitnessMax value="3.07228"/>
				<FloatingPoint size="50">	3.04429	3.80954	3.68141	2.55901	3.28891	2.64744	1.6148	3.464	5.66894	5.4083	2.47168	0.497664	3.32766	1.38856	2.47493	2.57393	1.43857	3.49889	1.55259	2.29354	3.66823	1.47038	2.53371	3.52102	3.52686	3.71899	3.55039	3.71818	5.46369	5.40121	3.45841	2.52055	3.57361	5.49424	5.33502	3.40443	4.00215	3.41779	2.37033	3.49143	2.91601	2.54586	3.62998	5.51256	5.44742	2.42474	2.63583	3.73108	4.46986	4.67253</FloatingPoint>
				<FloatingPoint size="20">	0.735773	0.272835	0.94613	0.855516	0.774225	0.120344	0.759679	0.319492	0.924615	0.471477	0.77161	0.967087	0.835644	0.959346	0.72862	0.314114	0.216645	0.899176	0.348516	0.96603</FloatingPoint>
			</Individual>
			<Individual size="2">
				<FitnessMax value="3.07228"/>
				<FloatingPoint size="50">	3.24634	3.8037	3.68522	2.5502	3.28535	2.64641	1.61894	3.46336	5.66765	5.40723	2.47141	0.573435	3.32761	1.36469	2.47326	2.58836	1.43832	3.48253	1.54625	2.29259	3.31573	1.46433	2.58147	3.51857	3.47196	3.71931	3.71898	3.7188	5.45787	5.41095	3.45677	2.52774	3.60113	5.49014	5.33574	3.40252	3.69462	3.39983	2.3559	3.3796	2.87157	2.43079	3.55982	5.49344	5.45203	2.43183	2.66832	3.8378	4.44616	4.61893</FloatingPoint>
				<FloatingPoint size="20">	0.808292	0.259573	0.946268	0.849287	0.774224	0.142041	0.755448	0.275413	0.924253	0.478239	0.255035	0.966287	0.714559	0.962591	0.782882	0.38554	0.283083	0.926692	0.410212	0.939605</FloatingPoint>
			</Individual>
			<Individual size="2">
				<FitnessMax value="2.96392"/>
				<FloatingPoint size="50">	3.24599	3.79505	3.68255	2.56255	6.4545	2.64675	1.6202	3.46366	5.66815	5.40814	2.47171	0.370346	3.32731	1.39194	2.47499	2.58777	1.43855	3.50195	1.53706	2.29468	3.66814	1.46701	2.52464	3.52025	3.50902	3.71882	3.53955	3.71804	5.46369	5.41127	3.45785	2.52446	3.56971	5.49404	5.33519	3.4045	3.84004	3.41703	2.3348	3.48476	2.8919	2.45897	3.5735	5.50783	5.49148	2.42441	2.63583	3.73108	4.5152	4.67253</FloatingPoint>
				<FloatingPoint size="20">	0.735773	0.272835	0.94613	0.855516	0.774225	0.120344	0.759679	0.319492	0.924615	0.471477	0.77161	0.967087	0.835644	0.959346	0.72862	0.314114	0.216645	0.899176	0.348516	0.96603</FloatingPoint>
			</Individual>
			<Individual size="2">
				<FitnessMax value="3.07228"/>
				<FloatingPoint size="50">	3.26405	3.79073	3.686	2.56524	3.28562	2.64613	1.62612	3.46336	5.66741	5.4071	2.47174	0.57548	3.32772	1.39182	2.47599	2.61965	1.43924	3.48555	1.55364	2.29246	3.66678	1.4641	2.58382	3.51773	3.46343	3.71953	3.52591	3.71877	5.4637	5.41389	3.45722	2.52773	3.59955	5.48308	5.34079	3.4022	3.69439	3.39982	2.35629	3.40612	2.85775	2.63601	3.66388	5.5163	5.44507	2.42304	2.66019	3.73617	4.47264	4.66844</FloatingPoint>
				<FloatingPoint size="20">	0.714111	0.0505157	0.946216	0.825932	0.774371	0.195442	0.763807	0.436171	0.9248	0.667675	0.770744	0.966301	0.545832	0.957743	0.714743	0.385722	0.270832	0.882626	0.389296	0.939965</FloatingPoint>
			</Individual>
			<Individual size="2">
				<FitnessMax value="2.96392"/>
				<FloatingPoint size="50">	3.24809	3.78166	3.68351	2.57233	3.28709	2.64573	1.62416	3.47226	5.66762	5.40792	2.47164	0.546399	3.32737	1.38461	2.47473	2.62183	1.43853	3.49883	1.53301	2.29524	3.66766	1.4609	2.55343	3.52031	3.48933	3.71964	3.52144	3.71806	5.46246	5.42295	3.45727	2.52227	3.56764	5.48602	5.33555	3.40478	4.06906	3.40541	4.77507	3.47781	2.87013	2.51891	3.58971	5.50982	5.45843	2.42706	2.6455	3.73621	4.48817	4.68017</FloatingPoint>
				<FloatingPoint size="20">	0.735898	0.478591	0.946587	0.852196	0.775575	0.309948	0.757281	0.37641	0.927587	0.764297	0.808693	0.966297	0.259922	0.95703	0.608959	0.340907	0.143782	0.913665	0.313314	0.939262</FloatingPoint>
			</Individual>
			<Individual size="2">
				<FitnessMax value="3.07228"/>
				<FloatingPoint size="50">	3.04429	3.80954	3.68141	2.55901	3.28891	2.64744	1.6148	3.464	5.66894	5.4083	2.47168	0.164956	3.32766	1.38856	2.47493	2.57393	1.43857	3.49889	1.55259	2.29354	3.66823	1.47038	2.53371	3.52102	3.52686	3.71899	3.55039	3.71818	5.46369	5.40121	3.45841	2.52055	3.57361	5.49424	5.33502	3.40443	4.00215	3.41779	2.37033	3.49143	2.91601	2.37323	3.521	5.49832	5.49387	2.42693	2.62125	3.73524	4.51868	4.66248</FloatingPoint>
				<FloatingPoint size="20">	0.959691	0.255138	0.946299	0.90193	0.774224	0.220424	0.755886	0.392319	0.925189	0.408034	0.564697	0.966892	0.257589	0.954683	0.708667	0.883579	0.334651	0.913211	0.258128	0.969915</FloatingPoint>
			</Individual>
			<Individual size="2">
				<FitnessMax value="2.96392"/>
				<FloatingPoint size="50">	3.34512	0.926117	3.6837	2.54907	3.28802	2.64646	1.62328	3.47881	5.66835	5.408	2.47158	0.546193	3.32719	1.38265	2.47413	2.58399	1.43853	3.49672	1.53653	2.2947	3.66684	1.46034	2.54845	3.52088	3.47624	3.72082	3.51761	3.71945	5.46175	5.4319	3.45712	2.52076	3.57003	5.48939	5.33529	3.4064	4.25281	3.40376	2.34708	3.48181	2.86953	2.51395	3.57596	5.48666	5.46255	2.43259	2.65119	3.75239	4.46656	4.68002</FloatingPoint>
				<FloatingPoint size="20">	0.714111	0.444363	0.946575	0.900318	0.774224	0.181738	0.754743	0.327609	0.925402	0.525364	0.70442	0.966998	0.0363466	0.957133	0.782589	0.401006	0.27942	0.927896	0.469612	0.94096</FloatingPoint>
			</Individual>
			<Individual size="2">
				<FitnessMax value="2.86826"/>
				<FloatingPoint size="50">	3.34512	3.78997	3.68307	2.55926	3.28799	2.64624	1.62305	3.4634	5.66785	5.40761	2.47164	0.552732	3.327	1.39099	2.47455	2.59335	1.43845	3.49625	1.52428	2.29564	3.66716	1.4617	2.54399	3.52039	3.48165	3.72023	3.51669	3.71865	5.46247	5.4262	3.45737	2.52029	3.56752	5.49284	5.34434	3.40578	3.96727	3.40923	2.32755	3.4775	2.72038	2.44831	3.57545	5.50842	5.47138	2.42462	2.65098	3.77909	4.50426	4.65881</FloatingPoint>
				<FloatingPoint size="20">	0.731177	0.4725	0.946628	0.869514	0.775252	0.344212	0.760853	0.359135	0.915228	0.761965	0.719952	0.966545	0.23575	0.950052	0.545439	0.407366	0.244202	0.915801	0.399672	0.344156</FloatingPoint>
			</Individual>
			<Individual size="2">
				<FitnessMax value="2.91166"/>
				<FloatingPoint size="50">	3.21621	3.78535	3.68329	2.55835	3.28801	2.64613	1.62481	3.46325	5.6676	5.40787	2.47171	0.490565	3.327	1.39128	2.47391	2.59094	1.4385	3.5005	1.52403	2.28974	3.66728	1.46414	2.55161	3.51914	3.49353	3.72091	3.5274	3.71813	5.46327	5.42553	3.45721	2.52225	3.56838	5.49334	5.33525	3.40524	3.8539	3.41088	2.32543	3.47931	2.8724	2.3873	3.59159	5.51139	5.45458	2.4236	2.52527	3.74052	4.49115	4.67459</FloatingPoint>
				<FloatingPoint size="20">	0.704642	0.0528151	0.946213	0.830711	0.774347	0.205878	0.766476	0.40828	0.558113	0.635642	0.745345	0.9663	0.494694	0.959295	0.753856	0.451751	0.278272	0.881601	0.352367	0.939678</FloatingPoint>
			</Individual>
			<Individual size="2">
				<FitnessMax value="2.8033"/>
				<FloatingPoint size="50">	3.30503	2.60158	3.68376	2.55096	3.28707	2.64646	1.62365	3.47086	5.66816	5.40799	2.47165	0.541828	3.32733	1.38392	2.47414	2.59285	1.43859	3.49697	1.53838	2.2947	3.66702	1.46301	2.54976	3.52028	3.48772	3.71995	3.52086	3.7188	5.46246	5.42828	3.45716	2.52102	3.58097	5.48667	5.33552	3.40498	3.85713	3.40248	2.34037	3.47876	2.87349	2.51357	3.58977	5.4924	5.46091	2.42785	2.65376	3.77405	4.46877	4.67851</FloatingPoint>
				<FloatingPoint size="20">	0.714111	0.444363	0.946575	0.900318	0.774224	0.181738	0.754743	0.327609	0.777025	0.525364	0.70442	0.966998	0.0363466	0.957133	0.782589	0.401006	0.27942	0.927896	0.469612	0.94096</FloatingPoint>
			</Individual>
			<Individual size="2">
				<FitnessMax value="3.07228"/>
				<FloatingPoint size="50">	3.31182	3.78873	3.68394	2.56547	3.28797	2.64631	1.6288	3.48699	5.66769	5.4082	2.47161	0.541763	3.32732	1.39253	2.47514	2.60272	1.43857	3.50391	1.53513	2.29515	3.66788	1.46689	2.52747	3.51975	3.48901	3.71857	3.53171	3.71791	5.46382	5.42275	3.45756	2.52697	3.56759	5.49192	5.33569	3.40477	3.70398	3.41388	2.3133	3.4786	2.87026	2.54653	3.60367	5.51466	5.48359	2.42158	2.64516	3.73329	4.50554	4.68823</FloatingPoint>
				<FloatingPoint size="20">	0.731177	0.413641	0.945911	0.813987	0.774224	0.210286	0.767685	0.446134	0.923878	0.6546	0.620663	0.966733	0.20547	0.954497	0.667731	0.190129	0.138087	0.917179	0.376407	0.972177</FloatingPoint>
			</Individual>
			<Individual size="2">
				<FitnessMax value="2.95667"/>
				<FloatingPoint size="50">	2.07518	3.79308	3.68485	2.55921	3.28731	2.64678	1.62489	3.46336	5.66872	5.4075	2.47168	0.33344	3.32759	1.3881	2.47516	2.57961	1.43883	3.49865	1.54904	2.29327	3.6676	1.46561	2.54301	3.52023	3.47928	3.71901	3.5479	3.71822	5.46369	5.40879	3.45752	2.52053	3.58311	5.48658	5.33522	3.40436	3.91021	5.30675	2.35906	3.47579	2.89775	2.25057	3.52095	5.49729	5.48291	2.48292	2.62252	3.74822	4.51363	4.62917</FloatingPoint>
				<FloatingPoint size="20">	0.513125	0.145955	0.946064	0.868999	0.774224	0.306548	0.762007	0.517208	0.922988	0.512732	0.602616	0.967281	0.738395	0.954983	0.689581	0.580531	0.256479	0.760519	0.465664	0.956692</FloatingPoint>
			</Individual>
			<Individual size="2">
				<FitnessMax value="3.02296"/>
				<FloatingPoint size="50">	3.26405	3.79073	3.686	2.56524	3.28562	2.64613	1.62612	3.463	5.66741	5.4071	2.47174	0.57548	3.32772	1.39182	2.47599	2.61965	1.43924	3.48555	1.55364	2.29246	3.66678	1.4641	2.58382	3.51773	3.46343	3.71953	3.52591	3.71877	5.4637	5.41389	3.45722	2.52773	3.59955	5.48308	5.34079	3.4022	3.69439	3.39982	2.35629	3.40612	2.85775	2.63601	3.66388	5.5163	5.44507	2.42304	2.66019	3.73617	4.47264	4.66844</FloatingPoint>
				<FloatingPoint size="20">	0.655301	0.038608	0.94595	0.860697	0.774224	0.306548	0.762007	0.517208	0.922988	0.513141	0.588865	0.967283	0.0471711	0.954687	0.688011	0.588482	0.261644	0.754263	0.469194	0.956298</FloatingPoint>
			</Individual>
			<Individual size="2">
				<FitnessMax value="2.86826"/>
				<FloatingPoint size="50">	3.41845	3.79073	3.686	2.56524	3.28562	2.64613	1.62612	3.46334	5.66741	5.4071	2.47174	0.57548	3.32772	1.39182	2.47599	2.61965	1.43924	3.48555	1.55364	2.29246	3.66678	1.4641	2.58382	3.51773	3.46343	3.71953	3.52591	3.71877	5.4637	5.41389	3.45722	2.52773	3.59955	5.48308	5.34079	3.4022	3.69439	3.39982	2.35629	3.40612	2.85775	2.63601	3.66388	5.5163	5.44507	2.42304	2.66019	3.73617	4.47264	4.66844</FloatingPoint>
				<FloatingPoint size="20">	0.735773	0.311427	0.946265	0.851427	0.774224	0.475648	0.75931	0.507169	0.926045	0.523018	0.272069	0.966871	0.372252	0.955552	0.757864	0.462958	0.278557	0.785845	0.209021	0.501586</FloatingPoint>
			</Individual>
			<Individual size="2">
				<FitnessMax value="2.96392"/>
				<FloatingPoint size="50">	3.28144	3.80015	3.6855	2.5642	3.2854	2.64643	1.62551	3.46639	5.66761	5.40729	2.47168	0.569195	3.32761	1.39347	2.47477	2.61199	1.43909	3.48795	1.54997	2.29254	3.6668	1.46329	2.58067	3.51795	3.46618	3.7198	3.5251	3.7188	5.46328	5.41062	3.4572	2.52556	3.5991	5.47789	5.34259	3.4037	3.69437	3.40641	0.633285	3.43398	2.87366	2.5656	3.61536	5.51566	5.45801	2.42251	2.66962	3.76581	4.46852	4.66801</FloatingPoint>
				<FloatingPoint size="20">	0.8105	0.89112	0.945912	0.867301	0.774223	0.109104	0.745266	0.307962	0.915958	0.350459	0.246613	0.968039	0.348786	0.952988	0.884838	0.565612	0.232401	0.916068	0.246532	0.976226</FloatingPoint>
			</Individual>
			<Individual size="2">
				<FitnessMax value="3.07228"/>
				<FloatingPoint size="50">	3.41574	3.78285	3.68352	2.56536	3.28793	2.60804	1.63492	3.4636	5.668	5.40786	2.47163	0.329975	3.32713	1.39158	2.47469	2.59055	1.43846	3.49929	1.52947	2.29466	3.65722	1.46454	2.54505	3.51918	3.49827	3.71888	3.53265	3.71945	5.46096	5.42141	3.45725	2.52372	3.59218	5.47377	5.3339	3.40496	3.76667	3.40228	2.358	3.4276	2.87462	2.53042	3.57676	5.50196	5.45593	2.42575	2.65442	3.76149	4.48779	4.62234</FloatingPoint>
				<FloatingPoint size="20">	0.923015	0.104876	0.946013	0.851104	0.774224	0.215626	0.749857	0.406376	0.925123	0.416048	0.564408	0.966535	0.272967	0.954681	0.730206	0.30509	0.315975	0.916299	0.253847	0.966494</FloatingPoint>
			</Individual>
			<Individual size="2">
				<FitnessMax value="3.07228"/>
				<FloatingPoint size="50">	3.41574	3.78285	3.68352	2.56536	3.28793	2.60804	1.63492	3.4635	5.66775	5.40774	2.47162	0.375004	3.32699	1.3924	2.47463	2.59509	1.43844	3.50018	1.52427	2.29492	3.66744	1.46418	2.54295	3.51887	3.4953	3.71872	3.53038	3.7197	5.46076	5.42438	3.45708	2.52583	3.59567	5.46888	5.33412	3.40522	3.72637	3.39987	2.3562	3.41567	2.86698	2.56919	3.59153	5.50267	5.45039	2.42525	2.6602	3.76111	4.48285	4.61642</FloatingPoint>
				<FloatingPoint size="20">	0.714111	0.230406	0.946145	0.882349	0.774225	0.23253	0.76921	0.461337	0.920155	0.87262	0.246613	0.968039	0.348786	0.952988	0.884838	0.565612	0.232401	0.916068	0.246532	0.976226</FloatingPoint>
			</Individual>
			<Individual size="2">
				<FitnessMax value="3.07228"/>
				<FloatingPoint size="50">	3.31182	3.78873	3.68394	2.56547	3.28797	2.64631	1.6288	3.48699	5.66769	5.4082	2.47161	0.541763	3.32732	1.39253	2.47514	2.60272	1.43857	3.50391	1.53513	2.29515	3.66788	1.46689	2.52747	3.51975	3.48901	3.71857	3.53171	3.71791	5.46382	5.42275	3.45756	2.52697	3.56759	5.49192	5.33569	3.40477	3.70398	3.41388	2.3133	3.4786	2.87026	2.54653	3.60367	5.51466	5.48359	2.42158	2.64516	3.73329	4.50554	4.68823</FloatingPoint>
				<FloatingPoint size="20">	0.745465	0.282766	0.945954	0.821521	0.774225	0.233556	0.743997	0.459513	0.924407	0.610825	0.6758	0.966559	0.21931	0.955013	0.757184	0.19494	0.239394	0.902244	0.571018	0.945537</FloatingPoint>
			</Individual>
			<Individual size="2">
				<FitnessMax value="3.07228"/>
				<FloatingPoint size="50">	3.41845	3.78685	3.68312	2.55693	3.28794	2.64614	1.62495	3.46309	5.66781	5.40771	2.47161	0.449875	3.32699	1.37825	2.47208	2.59044	1.43844	3.49973	1.52437	2.295	3.66703	1.46394	2.55827	3.51908	3.48364	3.7217	3.51638	3.71971	5.46088	5.42848	3.45711	2.49852	3.57163	5.4887	5.33165	3.40526	3.88792	3.405	2.34312	3.47993	2.88295	2.33231	3.53628	5.50142	5.45423	2.42744	2.65981	3.81681	4.48226	4.63085</FloatingPoint>
				<FloatingPoint size="20">	0.655301	0.0647958	0.946196	0.855614	0.774222	0.260253	0.780384	0.26295	0.9242	0.468733	0.613007	0.966298	0.22824	0.967381	0.957653	0.394994	0.31704	0.916088	0.46088	0.938184</FloatingPoint>
			</Individual>
			<Individual size="2">
				<FitnessMax value="3.07228"/>
				<FloatingPoint size="50">	3.20762	3.77646	3.68327	2.54111	3.28245	2.6427	1.64265	3.46315	5.64881	5.40686	2.47155	0.556657	3.32781	1.38642	2.47091	2.89629	1.43845	3.49881	1.53564	2.29534	3.66686	1.46766	2.59071	3.51802	3.44959	3.71846	3.5263	3.71872	5.46434	5.42243	3.45765	2.52384	3.56839	5.46122	5.35017	3.40523	3.76239	3.42106	2.35616	3.46355	2.87055	2.45297	3.53984	5.53023	5.48141	2.4277	2.63331	3.67572	4.46136	4.63887</FloatingPoint>
				<FloatingPoint size="20">	0.811153	0.620896	0.946375	0.8913	0.774224	0.260307	0.759551	0.425161	0.920391	0.491405	0.337161	0.966329	0.498016	0.958519	0.514857	0.354195	0.288143	0.922409	0.32065	0.93831</FloatingPoint>
			</Individual>
			<Individual size="2">
				<FitnessMax value="2.44882"/>
				<FloatingPoint size="50">	3.34995	3.80837	3.526	2.55798	3.28816	2.64717	1.61519	5.58088	5.66839	5.40785	2.47162	0.214791	3.32752	1.38266	2.47484	2.94267	1.43854	3.49638	1.54459	2.2962	3.66821	1.46183	2.55015	3.5214	3.5078	3.7205	3.53125	3.71853	5.46321	5.40212	3.45785	2.50454	3.57273	5.4939	5.32797	3.40674	3.95626	3.40437	2.36595	3.4908	2.90817	2.33933	3.52307	5.50163	5.49085	2.42761	2.6293	3.81217	4.49525	4.6504</FloatingPoint>
				<FloatingPoint size="20">	0.803426	0.281251	0.946171	0.872986	0.774224	0.143144	0.761194	0.489431	0.927157	0.328008	0.555096	0.966604	0.385514	0.956929	0.774302	0.676744	0.276899	0.93052	0.448253	0.9403</FloatingPoint>
			</Individual>
			<Individual size="2">
				<FitnessMax value="2.59789"/>
				<FloatingPoint size="50">	3.41845	3.7998	3.68269	2.55205	3.28798	2.64653	1.63073	3.46317	5.66755	5.40777	2.79725	0.552732	3.327	1.39099	2.47455	2.59335	1.43845	3.49625	1.52428	2.29564	3.66716	1.4617	2.54399	3.52039	3.48165	3.72023	3.51669	3.71865	5.46247	4.59252	3.45737	2.52029	3.56752	5.49284	5.34434	3.40578	3.96727	3.40923	2.32755	3.4775	2.72038	2.44831	3.57545	5.50842	5.47138	2.42462	2.65098	3.77909	4.50426	4.65881</FloatingPoint>
				<FloatingPoint size="20">	0.959691	0.482688	0.946593	0.853327	0.775715	0.336238	0.758153	0.382371	0.927028	0.797323	0.813215	0.966312	0.25582	0.956325	0.575165	0.344218	0.130736	0.912313	0.775468	0.939395</FloatingPoint>
			</Individual>
			<Individual size="2">
				<FitnessMax value="3.07228"/>
				<FloatingPoint size="50">	3.41574	3.78285	3.68352	2.56536	3.28793	2.64538	1.63492	3.4635	5.66775	5.40774	2.47162	0.375004	3.32699	1.3924	2.47463	2.59509	1.43844	3.50018	1.52427	2.29492	3.66744	1.46418	2.54295	3.51887	3.4953	3.71872	3.53038	3.7197	5.46076	5.42438	3.45708	2.52583	3.59567	5.46888	5.33412	3.40522	3.72637	3.39987	2.3562	3.41567	2.19347	2.56919	3.59153	5.50267	5.45039	2.42525	2.6602	3.76111	4.48285	4.61642</FloatingPoint>
				<FloatingPoint size="20">	0.750254	0.320194	0.946075	0.863662	0.774224	0.236546	0.75162	0.409392	0.923805	0.581904	0.696078	0.966996	0.232958	0.954681	0.944033	0.411918	0.236308	0.904945	0.412121	0.949355</FloatingPoint>
			</Individual>
			<Individual size="2">
				<FitnessMax value="3.07228"/>
				<FloatingPoint size="50">	3.21621	3.81044	3.68244	2.54727	3.28808	2.64659	1.61736	3.46294	5.66844	5.40715	2.4716	0.596361	3.32703	1.36637	2.46976	2.58317	1.43842	3.47753	1.52466	2.29667	3.66612	1.45149	2.58266	3.52167	3.46795	3.72321	3.49919	3.71982	5.46106	5.44476	3.45707	2.49225	3.57073	5.48785	5.32344	3.40886	4.36793	3.40016	2.3581	3.48365	2.93735	2.23356	3.52879	5.47637	5.44506	2.44138	2.67094	3.874	4.45163	4.58374</FloatingPoint>
				<FloatingPoint size="20">	0.964436	0.444363	0.946575	0.848811	0.774224	0.141236	0.754743	0.494779	0.927564	0.525364	0.70442	0.966275	0.28098	0.956886	0.782589	0.350518	0.27942	0.927896	0.155065	0.939667</FloatingPoint>
			</Individual>
			<Individual size="2">
				<FitnessMax value="2.09001"/>
				<FloatingPoint size="50">	3.41845	3.78685	3.68312	2.55693	3.28794	2.64614	1.62495	3.46309	5.66781	5.40771	2.47161	0.449875	3.32699	1.37825	2.47208	2.59044	1.43844	3.49973	1.52437	2.295	3.66703	1.46394	2.55827	3.51908	3.48364	3.7217	3.51638	3.71971	5.46088	5.42848	3.45711	2.49852	3.57163	5.4887	5.33165	3.40526	3.88792	3.405	2.34312	3.47993	2.88295	2.33231	3.53628	5.50142	5.45423	2.42744	2.65981	3.81681	4.48226	4.63085</FloatingPoint>
				<FloatingPoint size="20">	0.682879	0.383236	0.946356	0.853852	0.224532	0.184415	0.758704	0.331315	0.925969	0.63426	0.848962	0.96677	0.187498	0.959093	0.665625	0.377853	0.146313	0.902298	0.352701	0.952077</FloatingPoint>
			</Individual>
			<Individual size="2">
				<FitnessMax value="3.07228"/>
				<FloatingPoint size="50">	3.2563	3.80011	3.68216	2.56058	3.28433	2.64635	1.62517	3.46402	5.66761	5.40738	2.47164	0.44447	3.3279	1.38923	2.47487	2.58755	1.43894	3.47342	1.57409	2.29383	3.66508	1.46449	2.58137	3.52066	3.49385	3.72063	3.52788	3.71916	5.46277	5.40596	3.45801	2.52919	3.58648	5.48621	5.33538	3.40651	3.7911	3.40063	2.35642	3.45713	2.88871	2.49027	3.53091	5.49868	5.45229	2.42854	2.63021	3.75684	4.47541	4.62729</FloatingPoint>
				<FloatingPoint size="20">	0.669727	0.379081	0.946491	0.852713	0.774223	0.77117	0.764751	0.298227	0.925408	0.485746	0.424834	0.966288	0.207117	0.959801	0.454307	0.392576	0.295355	0.920831	0.355649	0.943279</FloatingPoint>
			</Individual>
			<Individual size="2">
				<FitnessMax value="3.07228"/>
				<FloatingPoint size="50">	3.22694	3.8013	3.68412	2.5532	3.28672	2.01653	1.62785	3.46331	5.66802	5.40784	2.47144	0.384514	3.32808	1.37655	2.47252	2.58729	1.40837	3.48696	1.53514	2.29422	3.49094	1.46776	2.57501	3.51981	3.47708	3.72052	3.51289	3.71893	5.45803	5.41173	3.45679	2.52298	3.59941	5.49053	5.33393	3.40434	3.71992	3.40058	2.35101	3.42999	2.87674	2.51822	3.52712	5.49482	5.45235	2.43094	2.64591	3.81608	4.46247	4.62342</FloatingPoint>
				<FloatingPoint size="20">	0.714111	0.230406	0.946145	0.882349	0.774225	0.30282	0.76921	0.461337	0.920155	0.586993	0.587691	0.966666	0.241734	0.949116	0.487512	0.460921	0.604174	0.930476	0.457712	0.943743</FloatingPoint>
			</Individual>
			<Individual size="2">
				<FitnessMax value="3.07228"/>
				<FloatingPoint size="50">	3.41574	3.78285	3.68352	2.56552	3.28806	2.64616	1.62475	3.46337	5.66749	5.40801	2.47175	0.543209	3.32701	1.39479	2.47504	2.59941	1.43853	3.50453	1.52399	2.29563	3.66807	1.46417	2.51701	3.51961	3.49401	3.71868	3.53043	3.71791	5.46368	5.41973	3.45739	2.52774	3.60113	5.49014	5.33574	3.40252	3.69462	3.39983	2.3559	3.3796	2.87609	2.36364	3.52576	5.48596	5.45431	2.4347	2.67098	3.87106	4.43749	4.60273</FloatingPoint>
				<FloatingPoint size="20">	0.682571	0.263245	0.946204	0.845415	0.774224	0.387213	0.757998	0.3	0.924591	0.550561	0.27984	0.966404	0.307582	0.95818	0.398148	0.448771	0.291322	0.92602	0.423642	0.940692</FloatingPoint>
			</Individual>
			<Individual size="2">
				<FitnessMax value="3.07228"/>
				<FloatingPoint size="50">	3.20754	3.7989	3.68303	2.5562	3.28809	2.64504	1.63676	3.46326	5.6684	5.40844	2.47148	0.195594	3.32856	1.38841	2.47178	2.58623	1.37842	3.49138	1.52403	2.29584	3.66615	1.47119	2.56855	3.52104	3.48219	3.72172	3.50074	3.71906	5.45819	5.4125	3.45682	2.51823	3.59768	5.49092	5.33213	3.40616	3.74521	3.40133	2.34612	3.48038	2.87739	2.6728	3.52849	5.50368	5.45039	2.42717	2.62083	3.76111	4.48744	4.64411</FloatingPoint>
				<FloatingPoint size="20">	0.8105	0.240818	0.945942	0.875218	0.774225	0.185393	0.757236	0.429004	0.925763	0.365458	0.565009	0.966561	0.282783	0.955301	0.65891	0.340336	0.316895	0.920673	0.382734	0.950774</FloatingPoint>
			</Individual>
			<Individual size="2">
				<FitnessMax value="3.07228"/>
				<FloatingPoint size="50">	3.26405	3.79073	3.686	2.56524	3.28562	2.64613	1.62612	3.463	5.66741	5.4071	2.47174	0.57548	3.32772	1.39182	2.47599	2.61965	1.43924	3.48555	1.55364	2.29246	3.66678	1.4641	2.58382	3.51773	3.46343	3.71953	3.52591	3.71877	5.46277	5.41389	3.45722	2.52773	3.59955	5.48308	5.34079	3.4022	3.69439	3.39982	2.35629	3.40612	2.85775	2.63601	3.66388	5.5163	5.44507	2.42304	2.66019	3.73617	4.47264	4.66844</FloatingPoint>
				<FloatingPoint size="20">	0.735773	0.272835	0.94613	0.855516	0.774225	0.0724647	0.761493	0.284651	0.92434	0.501829	0.8706	0.96718	0.122707	0.961576	0.760375	0.413464	0.160189	0.892628	0.396728	0.96309</FloatingPoint>
			</Individual>
			<Individual size="2">
				<FitnessMax value="3.07228"/>
				<FloatingPoint size="50">	3.26405	3.80954	3.686	2.56524	3.28891	2.64744	1.62612	3.464	5.66741	5.4071	2.47174	0.57548	3.32766	1.39182	2.47599	2.57393	1.43852	3.48555	1.55364	2.29246	3.66678	1.46587	2.55276	3.51773	3.50916	3.71953	3.52591	3.71855	5.46171	5.41389	3.45788	2.52773	3.57939	5.48308	5.34079	3.40401	3.91435	3.41112	2.35629	3.40612	2.90262	2.63601	3.66388	5.49936	5.47623	2.4276	2.66019	3.73617	4.50589	4.66844</FloatingPoint>
				<FloatingPoint size="20">	0.959691	0.255138	0.946299	0.90193	0.774224	0.220424	0.755886	0.392319	0.925189	0.408034	0.66369	0.966892	0.257589	0.954683	0.812885	0.106448	0.334651	0.912862	0.247741	0.972175</FloatingPoint>
			</Individual>
			<Individual size="2">
				<FitnessMax value="3.07228"/>
				<FloatingPoint size="50">	3.26431	3.80578	3.68385	2.56154	3.28502	2.64631	1.61976	3.39631	5.66678	5.40826	2.47153	0.202297	3.59295	1.3891	2.47694	2.56059	1.4391	3.42351	1.55364	2.29238	3.66706	1.46201	2.5883	3.51997	3.54338	3.71897	3.52422	3.71877	5.46375	5.41654	3.45814	2.51065	3.59362	5.49151	5.33589	3.40419	3.65124	3.4095	2.36734	3.47807	2.86083	2.28487	3.55379	5.50343	5.43641	2.42479	2.57612	3.73619	4.45988	4.65795</FloatingPoint>
				<FloatingPoint size="20">	0.781738	0.26531	0.945989	0.877892	0.774225	0.192265	0.771845	0.375356	0.927161	0.51407	0.422874	0.966434	0.259407	0.958603	0.811345	0.359351	0.302244	0.922635	0.223378	0.939718</FloatingPoint>
			</Individual>
			<Individual size="2">
				<FitnessMax value="3.07228"/>
				<FloatingPoint size="50">	3.26484	3.76685	3.68342	2.56512	3.28773	2.64416	1.64982	3.46368	5.66812	5.40731	2.47142	0.575542	3.32689	1.38872	2.47398	2.58743	1.4383	3.49324	1.52393	2.29515	3.66648	1.82906	2.58124	3.51777	3.49856	3.71913	3.50717	3.71926	5.46428	5.41833	3.45746	2.52369	3.56909	5.49117	5.36024	3.40525	3.69109	3.42046	2.35815	3.47197	2.87669	2.40287	3.53385	5.50818	5.45085	2.42628	2.23516	3.7152	4.46123	4.62312</FloatingPoint>
				<FloatingPoint size="20">	0.714111	0.579165	0.945902	0.900318	0.774225	0.181738	0.7724	0.70648	0.925402	0.70586	0.586949	0.966998	0.197023	0.957133	0.850046	0.401006	0.310412	0.928681	0.469612	0.94096</FloatingPoint>
			</Individual>
			<Individual size="2">
				<FitnessMax value="3.07228"/>
				<FloatingPoint size="50">	3.52373	3.7728	3.68303	2.55671	3.28777	2.64436	1.64633	3.46329	5.66837	5.40734	2.47147	0.4244	3.32697	1.38857	2.4722	2.58644	1.42209	3.49295	1.52397	2.29567	3.66617	1.63424	2.57321	3.5204	3.4927	3.72116	3.50512	3.71924	5.46191	5.41552	3.45685	2.51941	3.5892	5.49094	5.33985	3.40598	3.70674	3.40146	2.35642	3.47354	2.87672	2.58985	3.53272	5.50406	5.45049	2.42715	2.33569	3.7582	4.48275	4.63596</FloatingPoint>
				<FloatingPoint size="20">	0.714111	0.694963	0.945902	0.900318	0.774225	0.181738	0.7724	0.70648	0.925402	0.70586	0.586949	0.966998	0.197023	0.957133	0.850046	0.401006	0.310412	0.928681	0.469612	0.94096</FloatingPoint>
			</Individual>
			<Individual size="2">
				<FitnessMax value="2.86826"/>
				<FloatingPoint size="50">	3.4227	3.78642	3.68312	2.5569	3.28793	2.64613	1.62487	3.46309	5.66779	5.4077	2.47161	0.447513	3.32699	1.37797	2.4721	2.59057	1.43844	3.49931	1.52412	2.28732	3.66704	1.46405	2.55778	3.51908	3.48397	3.72168	3.51633	3.71971	5.46087	5.42844	3.45711	2.49851	3.57172	5.49105	5.33178	3.40528	3.87895	3.4051	2.3434	3.47984	2.88266	2.33163	3.53461	5.50651	5.45194	2.42663	2.36467	3.74544	6.68732	4.62587</FloatingPoint>
				<FloatingPoint size="20">	0.731177	0.429696	0.946462	0.848907	0.774224	0.252172	0.774832	0.303578	0.926246	0.475209	0.539533	0.966293	0.250425	0.962756	0.85028	0.545035	0.38273	0.925103	0.156533	0.938198</FloatingPoint>
			</Individual>
			<Individual size="2">
				<FitnessMax value="3.07228"/>
				<FloatingPoint size="50">	3.41574	3.78285	3.68352	2.56552	3.28806	2.64616	1.62475	3.46337	5.66749	5.40801	2.47175	0.543209	3.32701	1.39479	2.47504	2.59941	1.43853	3.50453	1.52399	2.29563	3.66807	1.46417	2.51701	3.51961	3.49401	3.71868	3.53043	3.71791	5.46368	5.41973	3.45739	2.52774	3.56643	5.49387	5.33532	3.40455	3.7036	3.4164	2.3049	3.47914	2.87161	2.53113	3.61768	5.51582	5.48947	2.4223	2.6481	3.72759	4.51226	4.68099</FloatingPoint>
				<FloatingPoint size="20">	0.726835	0.457909	0.945839	0.804818	0.774224	0.17784	0.769991	0.451073	0.923983	0.668603	0.586771	0.966446	0.203923	0.95424	0.669279	0.381053	0.119673	0.921669	0.385134	0.940873</FloatingPoint>
			</Individual>
			<Individual size="2">
				<FitnessMax value="3.07228"/>
				<FloatingPoint size="50">	3.24809	3.80505	3.68303	2.56075	3.28792	2.64695	1.62045	3.47883	5.6684	5.40844	2.47148	0.195594	3.32856	1.38841	2.46805	2.58623	1.43861	3.5551	1.5537	2.29437	3.66708	1.47119	2.56855	3.52021	3.52207	3.71904	3.5368	3.71889	5.46378	5.40074	3.45833	2.51823	3.56962	5.49092	5.33213	3.40616	3.74521	3.40989	2.34612	3.48038	2.89295	2.36903	3.54619	5.50368	5.45778	2.43055	2.62083	3.78551	4.48744	4.64411</FloatingPoint>
				<FloatingPoint size="20">	0.79719	0.427662	0.945932	0.882384	0.774226	0.178083	0.765923	0.462784	0.92948	0.525356	0.483167	0.966276	0.281	0.956886	0.83072	0.350464	0.285611	0.927896	0.155017	0.939667</FloatingPoint>
			</Individual>
			<Individual size="2">
				<FitnessMax value="3.07228"/>
				<FloatingPoint size="50">	3.2563	3.80515	3.32579	2.54813	3.28805	2.64655	1.63232	3.49187	5.66816	5.40724	2.47148	0.584799	3.32728	1.38033	2.47479	2.96575	1.43845	3.48587	1.54418	2.29644	3.66718	1.45324	2.56169	3.52161	3.47559	3.72164	3.52804	3.71921	5.46268	5.44471	3.45752	2.50221	3.57006	5.48906	5.32774	3.40706	3.87889	3.4036	2.32684	3.48223	2.89495	2.2906	3.56212	5.5106	5.47017	2.42879	2.65944	3.8557	4.49026	4.64616</FloatingPoint>
				<FloatingPoint size="20">	0.803426	0.281251	0.946171	0.872986	0.774224	0.143144	0.761194	0.489431	0.927157	0.328008	0.555096	0.966604	0.385514	0.956929	0.774302	0.676744	0.276899	0.93052	0.448253	0.9403</FloatingPoint>
			</Individual>
			<Individual size="2">
				<FitnessMax value="2.91166"/>
				<FloatingPoint size="50">	3.41574	3.78285	3.68352	2.56552	3.28806	2.64616	1.62475	3.46337	5.66749	5.40801	2.47175	0.543209	3.32701	1.39479	2.47504	2.59941	1.43853	3.50453	1.52399	2.29563	3.66807	1.46417	2.51701	3.51961	3.49401	3.71868	3.53043	3.71791	5.46368	5.41973	3.45739	2.52774	3.56643	5.49387	5.33532	3.40455	3.7036	3.4164	2.3049	3.47914	2.87161	2.53113	3.61768	5.51582	5.48947	2.4223	2.6481	3.72759	4.51226	4.68099</FloatingPoint>
				<FloatingPoint size="20">	0.772243	0.32687	0.945768	0.802483	0.774223	0.175393	0.760431	0.394312	0.413447	0.47304	0.548627	0.966402	0.273446	0.954098	0.652484	0.375219	0.294661	0.919326	0.207004	0.93924</FloatingPoint>
			</Individual>
			<Individual size="2">
				<FitnessMax value="3.07228"/>
				<FloatingPoint size="50">	3.28144	3.79266	3.6855	2.56177	3.28614	2.6462	1.62551	3.46639	5.66761	5.40729	2.47168	0.569195	3.3276	1.38986	2.47559	2.61199	1.43909	3.48795	1.54997	2.29294	3.6668	1.46329	2.57623	3.51841	3.46618	3.7198	3.52413	3.71891	5.46328	5.41775	3.4572	2.52556	3.58622	5.47789	5.34259	3.4037	3.79961	3.40641	2.35483	3.43398	2.86317	2.5656	3.61536	5.51566	5.45801	2.42583	2.65123	3.72163	4.46852	4.66189</FloatingPoint>
				<FloatingPoint size="20">	0.964436	0.444363	0.946575	0.848811	0.774224	0.141236	0.754743	0.327609	0.927564	0.525364	0.70442	0.966275	0.28098	0.956886	0.652273	0.350518	0.27942	0.927896	0.155065	0.939667</FloatingPoint>
			</Individual>
			<Individual size="2">
				<FitnessMax value="3.07228"/>
				<FloatingPoint size="50">	3.04429	3.80954	3.68141	2.55901	3.28891	2.64744	1.6148	3.464	5.66894	5.4083	2.47168	0.164956	3.32766	1.38856	2.47493	2.57393	1.43857	3.49889	1.55259	2.29354	3.66823	1.47038	2.53371	3.52102	3.52686	3.71899	3.55039	3.71818	5.46369	5.40121	3.45841	2.52055	3.57361	5.49424	5.33502	3.40443	4.00215	3.41779	2.37033	3.49143	2.91601	2.37323	3.521	5.49832	5.49387	2.42693	2.62125	3.73524	4.51868	4.66248</FloatingPoint>
				<FloatingPoint size="20">	0.931981	0.272835	0.94613	0.855516	0.774225	0.0917912	0.761115	0.288313	0.924533	0.302054	0.720779	0.96697	0.378935	0.960658	0.766329	0.49197	0.195463	0.851244	0.407593	0.951239</FloatingPoint>
			</Individual>
			<Individual size="2">
				<FitnessMax value="3.07228"/>
				<FloatingPoint size="50">	3.20754	3.7989	3.68303	2.5562	3.28809	2.64504	1.63676	3.46326	5.6684	5.40844	2.47148	0.195594	3.32856	1.38841	2.47178	2.58623	1.37842	3.49138	1.52403	2.29584	3.66615	1.47119	2.56855	3.52104	3.48219	3.72172	3.50074	3.71906	5.45819	5.4125	3.45682	2.51823	3.59768	5.49092	5.33213	3.40616	3.74521	3.40133	2.34612	3.4775	2.72038	2.44831	3.57545	5.50842	5.47138	2.42462	2.65098	3.77909	4.50426	4.65881</FloatingPoint>
				<FloatingPoint size="20">	0.959691	0.458892	0.946679	0.869659	0.774224	0.413304	0.771	0.35151	0.912545	0.745172	0.535958	0.966612	0.229768	0.937643	0.361055	0.465697	0.3071	0.931232	0.40944	0.944353</FloatingPoint>
			</Individual>
			<Individual size="2">
				<FitnessMax value="3.07228"/>
				<FloatingPoint size="50">	3.26405	3.79073	3.686	2.56524	3.28562	2.64613	1.62612	3.463	5.66741	5.4071	2.47174	0.57548	3.32772	1.39182	2.47599	2.61965	1.43924	3.48555	1.55364	2.29246	3.66678	1.4641	2.58382	3.51773	3.46343	3.71953	3.52591	3.71877	5.4637	5.41389	3.45722	2.52773	3.59955	5.48308	5.34079	3.4022	3.69439	3.39982	2.35629	3.40612	2.85775	2.63601	3.66388	5.5163	5.44507	2.42304	2.66019	3.73617	4.47264	4.66844</FloatingPoint>
				<FloatingPoint size="20">	0.735773	0.272835	0.94613	0.855516	0.774225	0.0724647	0.761493	0.284651	0.92434	0.501829	0.8706	0.96718	0.122707	0.961576	0.738166	0.413464	0.160189	0.892628	0.396728	0.96309</FloatingPoint>
			</Individual>
			<Individual size="2">
				<FitnessMax value="2.09001"/>
				<FloatingPoint size="50">	3.24634	3.8037	3.68522	2.5502	3.28535	2.64641	1.61894	3.46336	5.66765	5.40723	2.47141	0.573435	3.32761	5.38849	2.47326	2.58836	1.43832	3.48253	1.54625	2.29259	3.31573	1.46433	2.58147	3.51857	3.47196	3.71931	3.52504	3.7188	5.45787	5.41095	3.45677	2.52774	3.60113	5.49014	5.33574	3.40252	3.69462	3.39983	2.3559	3.3796	2.87609	2.36364	3.52576	5.48596	5.45431	2.4347	2.67098	3.87106	4.43749	4.60273</FloatingPoint>
				<FloatingPoint size="20">	0.735773	0.244004	0.946183	0.855554	0.774222	0.231365	0.77834	0.269203	0.924303	0.495259	0.369065	0.966932	0.295635	0.962719	0.748729	0.309973	0.181341	0.905518	0.440573	0.947423</FloatingPoint>
			</Individual>
			<Individual size="2">
				<FitnessMax value="3.07228"/>
				<FloatingPoint size="50">	3.41574	3.78285	3.68352	2.56536	3.28793	2.60804	1.63492	3.4635	5.66775	5.40774	2.47162	0.375004	3.32699	1.3924	2.47463	2.59509	1.43844	3.50018	1.52427	2.29492	3.66744	1.46418	2.54295	3.51887	3.4953	3.71872	3.53038	3.7197	5.46076	5.42438	3.45708	2.52521	3.59567	5.46888	5.33412	3.40522	3.72637	3.39987	2.3562	3.41567	2.86698	2.56919	3.59153	5.50267	5.45039	2.42525	2.6602	3.76111	4.48285	4.61642</FloatingPoint>
				<FloatingPoint size="20">	0.804001	0.483612	0.946589	0.852692	0.775773	0.334699	0.757653	0.38357	0.927591	0.79935	0.82399	0.9663	0.256833	0.957051	0.583486	0.339497	0.123882	0.911577	0.789694	0.939203</FloatingPoint>
			</Individual>
			<Individual size="2">
				<FitnessMax value="3.07228"/>
				<FloatingPoint size="50">	3.04429	3.80954	3.68141	2.55901	3.28891	2.64744	1.6148	3.464	5.66894	5.4083	2.47168	0.164956	3.32766	1.38856	2.47493	2.57393	1.43857	3.49889	1.55259	2.29354	3.66823	1.47038	2.53371	3.52102	3.52686	3.71899	3.55039	3.71818	5.46369	5.40121	3.45841	2.52055	3.57361	5.49424	5.33502	3.40443	4.00215	3.41779	2.37033	3.49143	2.91601	2.37323	3.521	5.49832	5.49387	2.42693	2.62125	3.73524	4.51868	4.66248</FloatingPoint>
				<FloatingPoint size="20">	0.735773	0.272835	0.94613	0.855516	0.774225	0.120344	0.759679	0.319492	0.924615	0.471477	0.77161	0.967087	0.835644	0.959346	0.72862	0.314114	0.216645	0.899176	0.348516	0.96603</FloatingPoint>
			</Individual>
			<Individual size="2">
				<FitnessMax value="3.07228"/>
				<FloatingPoint size="50">	3.41574	3.78285	3.68352	2.56536	3.28793	2.60804	1.63492	3.4635	5.66775	5.40774	2.47162	0.375004	3.32699	1.3924	2.47463	2.59509	1.43844	3.50018	1.52427	2.29492	3.66744	1.46418	2.54295	3.51887	3.4953	3.71872	3.53038	3.7197	5.46076	5.42438	3.45708	2.52521	3.59567	5.46888	5.33412	3.40522	3.72637	3.39987	2.3562	3.41567	2.86698	2.56919	3.59153	5.50267	5.45039	2.42525	2.6602	3.76111	4.48285	4.61642</FloatingPoint>
				<FloatingPoint size="20">	0.513125	0.145955	0.946064	0.868999	0.774224	0.219168	0.773154	0.362867	0.92684	0.386301	0.408134	0.966601	0.238045	0.962184	0.533182	0.37398	0.317252	0.922131	0.463223	0.940774</FloatingPoint>
			</Individual>
			<Individual size="2">
				<FitnessMax value="2.91166"/>
				<FloatingPoint size="50">	3.30265	3.79966	3.68391	2.55441	3.28634	2.64631	1.63065	3.46328	5.66788	5.40795	2.47148	0.32712	3.32815	1.37918	2.47348	2.58969	1.38919	3.48988	1.542	2.29382	3.60224	1.46749	2.57082	3.52027	3.48555	3.71957	3.50921	3.71883	5.46082	5.41412	3.45713	2.51895	3.59549	5.49075	5.33378	3.40606	3.75582	3.40795	2.34122	3.46056	2.87189	2.63524	3.53424	5.51209	5.45356	2.42665	2.63015	3.75721	4.49714	4.65267</FloatingPoint>
				<FloatingPoint size="20">	0.772243	0.32687	0.945768	0.81797	0.774224	0.175914	0.74453	0.407584	0.243072	0.44025	0.558668	0.966499	0.297591	0.954658	0.637165	0.372003	0.299081	0.921041	0.257121	0.94004</FloatingPoint>
			</Individual>
			<Individual size="2">
				<FitnessMax value="3.07228"/>
				<FloatingPoint size="50">	3.34125	3.79526	3.68434	2.55864	3.2868	2.64633	1.62842	3.46326	5.66748	5.40743	2.47168	0.492236	3.32735	1.3838	2.47469	2.60828	1.43884	3.49112	1.53907	2.29393	3.6665	1.46358	2.54962	3.51975	3.47969	3.71875	3.52818	3.71926	5.46383	5.41809	3.45718	2.51056	3.58436	5.48664	5.33682	3.4047	3.80004	3.40013	2.34027	3.42991	2.8778	2.4557	3.59608	5.50881	5.44978	2.42643	2.65721	3.79775	4.46707	4.6629</FloatingPoint>
				<FloatingPoint size="20">	0.8105	0.89112	0.945912	0.867301	0.774223	0.109104	0.745266	0.307962	0.915958	0.350459	0.246613	0.968039	0.348786	0.952988	0.884838	0.565612	0.232401	0.916068	0.246532	0.976226</FloatingPoint>
			</Individual>
			<Individual size="2">
				<FitnessMax value="3.07228"/>
				<FloatingPoint size="50">	3.21989	3.80465	3.68333	2.55734	3.28747	2.64796	1.62873	3.47667	5.66838	5.40836	2.47154	0.652465	3.32877	1.3894	2.46502	2.60571	1.40957	3.4937	1.53634	2.1756	3.66699	1.46496	2.57164	3.5191	3.48399	3.7207	3.53241	3.71907	5.46118	5.40907	3.45759	2.51943	3.58652	5.4874	5.33093	3.40494	3.73868	3.40578	2.34975	3.43016	2.86935	2.52078	3.54956	5.50769	5.4511	2.42101	2.67214	3.77932	4.48735	4.65139</FloatingPoint>
				<FloatingPoint size="20">	0.8105	0.89112	0.945912	0.867301	0.774223	0.109104	0.745266	0.307962	0.915958	0.350459	0.781024	0.968039	0.348786	0.952988	0.884838	0.565612	0.232401	0.916068	0.246532	0.976226</FloatingPoint>
			</Individual>
		</Deme>
	</Population>
</ECF>
