<?xml version="1.0" encoding="ISO-8859-1"?>
<ECF milestone="Mon Jun 18 09:00:50 2018
">
	<Registry>
		<Entry key="1FloatingPoint.dimension">20</Entry>
		<Entry key="1FloatingPoint.lbound">0</Entry>
		<Entry key="1FloatingPoint.ubound">1</Entry>
		<Entry key="FloatingPoint.dimension">50</Entry>
		<Entry key="FloatingPoint.lbound">0</Entry>
		<Entry key="FloatingPoint.ubound">6.99</Entry>
		<Entry key="SteadyStateTournament.tsize">3</Entry>
		<Entry key="batch.logfile_">*</Entry>
		<Entry key="batch.remaining_">0</Entry>
		<Entry key="batch.repeats">1</Entry>
		<Entry key="batch.singlemilestone">1</Entry>
		<Entry key="batch.statsfile">stats/ohlc_bitfinex_iotusd_86400_10_100_0.5_0.7.csv</Entry>
		<Entry key="data.balance">16.3878</Entry>
		<Entry key="data.input">data/train/ohlc_bitfinex_iotusd_86400.csv</Entry>
		<Entry key="data.test">data/test/ohlc_bitfinex_iotusd_86400.csv</Entry>
		<Entry key="fuzzy.langvars">conf/ohlc_bitfinex_iotusd_86400.conf</Entry>
		<Entry key="fuzzy.numrules">10</Entry>
		<Entry key="fuzzy.threshold">0.7</Entry>
		<Entry key="log.frequency">10</Entry>
		<Entry key="log.level">3</Entry>
		<Entry key="milestone.elapsedtime_">181</Entry>
		<Entry key="milestone.filename">milestones/ohlc_bitfinex_iotusd_86400_10_100_0.5_0.7.txt</Entry>
		<Entry key="milestone.generation_">2999</Entry>
		<Entry key="mutation.indprob">0.5</Entry>
		<Entry key="operator.logfile">log/ohlc_bitfinex_iotusd_86400_10_100_0.5_0.7.csv</Entry>
		<Entry key="population.size">100</Entry>
		<Entry key="term.eval">300000</Entry>
	</Registry>
	<Population size="1">
		<HallOfFame size="1">
			<Individual size="2" gen="2210">
				<FitnessMax value="2.72483"/>
				<FloatingPoint size="50">	5.43692	3.621	3.49327	5.21996	5.55381	3.27735	0.380766	2.58187	2.56237	2.87902	2.64721	0.519929	2.69801	3.52015	3.27747	2.89	1.5189	2.44246	3.75398	3.2656	2.55157	0.491861	2.73579	2.6698	2.39909	2.751	0.713866	2.52996	3.61317	3.4033	2.51719	0.773116	2.64559	3.70144	2.45659	3.69584	0.53795	2.39791	5.47865	3.18476	2.45183	0.367936	3.37389	3.45922	3.72939	3.51204	0.21222	2.49548	3.42569	3.63748</FloatingPoint>
				<FloatingPoint size="20">	0.852857	0.441036	0.975492	0.896883	0.410657	0.492226	0.364821	0.997432	0.676049	0.82686	0.382106	0.396448	0.988712	0.640213	0.716072	0.941862	0.954076	0.241871	0.765684	0.882791</FloatingPoint>
			</Individual>
		</HallOfFame>
		<Deme size="100">
			<HallOfFame size="1">
				<Individual size="2" gen="2210">
					<FitnessMax value="2.72483"/>
					<FloatingPoint size="50">	5.43692	3.621	3.49327	5.21996	5.55381	3.27735	0.380766	2.58187	2.56237	2.87902	2.64721	0.519929	2.69801	3.52015	3.27747	2.89	1.5189	2.44246	3.75398	3.2656	2.55157	0.491861	2.73579	2.6698	2.39909	2.751	0.713866	2.52996	3.61317	3.4033	2.51719	0.773116	2.64559	3.70144	2.45659	3.69584	0.53795	2.39791	5.47865	3.18476	2.45183	0.367936	3.37389	3.45922	3.72939	3.51204	0.21222	2.49548	3.42569	3.63748</FloatingPoint>
					<FloatingPoint size="20">	0.852857	0.441036	0.975492	0.896883	0.410657	0.492226	0.364821	0.997432	0.676049	0.82686	0.382106	0.396448	0.988712	0.640213	0.716072	0.941862	0.954076	0.241871	0.765684	0.882791</FloatingPoint>
				</Individual>
			</HallOfFame>
			<Individual size="2">
				<FitnessMax value="2.64044"/>
				<FloatingPoint size="50">	5.36907	3.6121	5.69016	5.22498	5.49338	3.27736	0.386615	2.60613	2.56066	2.73127	2.6433	0.520561	2.64555	3.53544	3.27536	2.59204	1.49559	2.38931	3.72567	3.30168	2.49769	0.529074	2.69459	2.5236	2.40206	2.81971	0.715278	2.5268	3.61296	3.48034	2.52182	0.757858	2.57126	3.66231	2.47061	3.64937	0.53369	2.41142	5.50989	3.28847	2.50628	0.412282	3.51793	3.55855	3.67014	3.52947	0.24253	2.49764	3.4276	3.66105</FloatingPoint>
				<FloatingPoint size="20">	0.919383	0.360774	0.98007	0.893674	0.410806	0.494306	0.54589	0.997024	0.676169	0.825366	0.382099	0.396218	0.98905	0.640955	0.563251	0.953922	0.953907	0.312353	0.749693	0.882594</FloatingPoint>
			</Individual>
			<Individual size="2">
				<FitnessMax value="2.34896"/>
				<FloatingPoint size="50">	5.37274	3.58203	3.56321	5.22098	5.57366	3.27735	0.386162	2.60908	2.41122	2.73729	2.64203	0.535158	2.68271	3.53659	3.27535	2.54212	1.47094	2.38927	3.7245	3.30682	2.49263	0.527144	2.69225	2.58754	2.40387	2.82411	0.682799	2.52586	3.61304	3.48391	2.52087	0.757378	2.5687	3.60011	2.43252	3.59526	0.57288	2.4113	5.50913	3.30014	2.50565	0.452174	3.5314	3.55707	3.61546	3.52884	0.30507	2.49796	3.42745	3.78367</FloatingPoint>
				<FloatingPoint size="20">	0.904755	0.385365	0.975725	0.896515	0.410753	0.494294	0.475464	0.997024	0.676169	0.825368	0.382097	0.395454	0.989034	0.64018	0.299878	0.954328	0.147964	0.274978	0.746558	0.859535</FloatingPoint>
			</Individual>
			<Individual size="2">
				<FitnessMax value="2.69156"/>
				<FloatingPoint size="50">	5.37065	3.61001	3.53392	5.21984	5.61676	3.27735	0.286803	2.60859	2.55931	2.73831	2.64252	0.536177	2.68413	3.53607	3.27536	2.47863	1.50372	2.39065	3.7224	3.31083	2.49385	0.528999	2.69126	2.5316	2.38921	2.82392	0.6438	2.52575	3.61311	3.48008	2.52117	0.757266	2.5667	3.59298	2.44163	3.6214	0.53602	2.41007	5.48808	3.23586	2.50583	0.43015	3.51911	3.55992	3.65638	3.52995	0.284723	2.49118	3.42751	3.70968</FloatingPoint>
				<FloatingPoint size="20">	0.897592	0.343003	0.976316	0.896105	0.410768	0.49431	0.514457	0.997024	0.676169	0.825368	0.382101	0.395612	0.989392	0.641179	0.466835	0.954159	0.953899	0.329179	0.743215	0.882621</FloatingPoint>
			</Individual>
			<Individual size="2">
				<FitnessMax value="2.69156"/>
				<FloatingPoint size="50">	5.3728	3.61233	3.48645	5.22158	5.56141	3.27735	0.365131	2.60865	2.56041	2.74062	2.64307	0.533616	2.68276	3.53574	3.27541	2.56215	1.51201	2.38108	3.72451	3.31074	2.49082	0.529203	2.69491	2.64178	2.39689	2.81311	0.673264	2.52889	3.61304	3.48618	2.52104	0.757732	2.57955	3.68062	2.38531	3.62761	0.364816	2.40976	5.4768	3.25128	2.50539	0.379301	3.39571	3.56369	3.65969	3.5224	0.307522	2.49479	3.42743	3.63804</FloatingPoint>
				<FloatingPoint size="20">	0.91024	0.303508	0.975666	0.896871	0.410774	0.494306	0.459554	0.997024	0.676169	0.825369	0.382104	0.395891	0.98903	0.6408	0.426458	0.954341	0.95384	0.330642	0.761006	0.882668</FloatingPoint>
			</Individual>
			<Individual size="2">
				<FitnessMax value="2.69156"/>
				<FloatingPoint size="50">	5.37298	3.6118	3.50339	5.21695	5.55007	3.27735	0.386131	2.60936	2.56053	2.73722	2.64217	0.517722	2.6908	3.53457	3.27531	2.5939	1.47222	2.39529	3.72056	3.31973	2.49263	0.529098	2.69267	2.55823	2.8051	2.81718	0.697994	2.51919	3.61321	3.48235	2.52226	0.757195	2.56974	3.59783	2.40047	3.63887	0.566412	2.40764	5.47813	3.22616	2.50498	0.362411	3.53399	3.55973	3.65841	3.52899	0.363075	2.49896	3.42745	3.76908</FloatingPoint>
				<FloatingPoint size="20">	0.909586	0.301418	0.975666	0.896871	0.410775	0.494306	0.488791	0.997024	0.676169	0.825369	0.382099	0.395118	0.989043	0.641697	0.339028	0.954061	0.953927	0.3512	0.750328	0.882604</FloatingPoint>
			</Individual>
			<Individual size="2">
				<FitnessMax value="2.69156"/>
				<FloatingPoint size="50">	5.36919	3.61236	3.5583	5.21988	5.55186	3.27736	0.389538	2.60711	2.55929	2.73936	2.64275	0.530934	2.68579	3.53803	3.27542	2.45083	1.50709	2.3904	3.72369	3.3112	2.49327	0.529158	2.6902	2.57885	2.34941	2.81556	0.573782	2.52607	3.61298	3.48035	2.52079	0.757168	2.56626	3.58058	2.4863	3.61002	0.557076	2.41029	5.48796	3.24316	2.50584	0.394676	3.51677	3.56093	3.6501	3.53081	0.310295	2.4807	3.42753	3.73552</FloatingPoint>
				<FloatingPoint size="20">	0.910106	0.371542	0.985663	0.886885	0.41086	0.494289	0.530985	0.997024	0.676169	0.825368	0.382094	0.395362	0.989046	0.64108	0.583123	0.954397	0.953776	0.314534	0.735244	0.882308</FloatingPoint>
			</Individual>
			<Individual size="2">
				<FitnessMax value="2.69156"/>
				<FloatingPoint size="50">	5.36919	3.61236	3.5583	5.21988	5.55186	3.27736	0.389538	2.60711	2.55929	2.73936	2.64275	0.530934	2.68579	3.53803	3.27542	2.45083	1.50709	2.3904	3.72369	3.3112	2.49327	0.529158	2.6902	2.58682	2.34654	2.81247	0.56971	2.52633	3.61297	3.48044	2.52074	0.757162	2.56626	3.57907	2.49053	3.61265	0.556254	2.41028	5.48841	3.24369	2.50591	0.392528	3.51564	3.56066	3.64723	3.53162	0.309366	2.4911	3.42756	3.7411</FloatingPoint>
				<FloatingPoint size="20">	0.890038	0.408363	0.975666	0.896866	0.410738	0.494316	0.690912	0.997023	0.676169	0.825367	0.382106	0.396286	0.9891	0.640348	0.669832	0.954475	0.953829	0.318836	0.72485	0.882706</FloatingPoint>
			</Individual>
			<Individual size="2">
				<FitnessMax value="2.69156"/>
				<FloatingPoint size="50">	5.37274	3.58203	3.56321	5.22098	5.57366	3.27735	0.386162	2.60908	2.41122	2.73729	2.64203	0.535158	2.68271	3.53659	3.27535	2.54212	1.47094	2.38927	3.7245	3.30682	2.49263	0.527144	2.69225	2.58754	2.40387	2.82411	0.682799	2.52586	3.61304	3.48391	2.52087	0.757378	2.5687	3.60011	2.43252	3.59526	0.57288	2.4113	5.50913	3.30014	2.50565	0.452174	3.5314	3.55707	3.61546	3.52884	0.30507	2.49796	3.42745	3.78367</FloatingPoint>
				<FloatingPoint size="20">	0.893402	0.355576	0.976224	0.896828	0.410811	0.494296	0.384868	0.997025	0.67617	0.825368	0.382099	0.395982	0.989049	0.641178	0.378156	0.954051	0.953876	0.351031	0.752956	0.88263</FloatingPoint>
			</Individual>
			<Individual size="2">
				<FitnessMax value="2.69156"/>
				<FloatingPoint size="50">	5.37274	3.61095	3.50626	5.22032	5.59465	3.27735	0.361027	2.60656	2.5603	2.73471	2.64292	0.523491	2.63543	3.53604	3.27528	2.50512	1.51703	2.39219	3.72243	3.29675	2.49463	0.529087	2.69257	2.5666	2.40256	2.80924	0.69757	2.52595	3.61317	3.48011	2.5214	0.964432	2.57252	3.67289	2.40823	3.6554	0.548394	2.41003	5.51077	3.22858	2.50605	0.394616	3.51614	3.57328	3.67528	3.52155	0.26673	2.49244	3.42741	3.68796</FloatingPoint>
				<FloatingPoint size="20">	0.884556	0.348518	0.975549	0.896079	0.410752	0.494311	0.594993	0.997024	0.676169	0.825368	0.382103	0.395789	0.989333	0.640796	0.516911	0.954313	0.953857	0.341885	0.735363	0.88266</FloatingPoint>
			</Individual>
			<Individual size="2">
				<FitnessMax value="2.69156"/>
				<FloatingPoint size="50">	5.37298	3.61228	3.4864	5.22064	5.58399	3.27735	0.353809	2.60818	2.56043	2.74091	2.64298	0.546438	2.68553	3.53501	3.27537	2.52608	1.52485	2.38582	3.72636	3.31002	2.49496	0.52903	2.69185	2.63376	2.39138	2.82134	0.64028	2.52543	3.61292	3.48223	2.52151	0.757356	2.56829	3.65516	2.25257	3.61277	0.486155	2.40999	5.4859	3.26864	2.50554	0.387789	3.52482	3.5553	3.66195	3.52671	0.304707	2.49744	3.4275	3.67988</FloatingPoint>
				<FloatingPoint size="20">	0.894745	0.254023	0.975666	0.896865	0.41081	0.494297	0.287119	0.997025	0.67617	0.82537	0.382101	0.395496	0.989025	0.641259	0.311954	0.954219	0.953866	0.358303	0.755779	0.88264</FloatingPoint>
			</Individual>
			<Individual size="2">
				<FitnessMax value="2.69156"/>
				<FloatingPoint size="50">	5.37274	3.61095	3.50626	5.22032	5.59465	3.27735	0.361027	2.60656	2.5603	2.73471	2.64292	0.523491	2.63543	3.53604	3.27528	2.50512	1.51703	2.39219	3.72243	3.29675	2.49463	0.529087	2.69257	2.5666	2.40256	2.80924	0.69757	2.52595	3.61317	3.48011	2.5214	0.757348	2.57252	3.67289	2.40823	3.6554	0.548394	2.41003	5.51077	3.22858	2.50605	0.394616	3.51614	3.57328	3.67528	3.52155	0.26673	2.49244	3.42741	3.68796</FloatingPoint>
				<FloatingPoint size="20">	0.891351	0.333345	0.975815	0.896874	0.410778	0.494307	0.461043	0.997024	0.67617	0.825368	0.3821	0.395349	0.989572	0.641142	0.461743	0.954136	0.953904	0.333098	0.754781	0.882623</FloatingPoint>
			</Individual>
			<Individual size="2">
				<FitnessMax value="2.32133"/>
				<FloatingPoint size="50">	5.36919	3.58235	3.51229	5.22178	5.56619	3.27735	0.386382	2.6084	2.51819	2.74106	2.6428	0.521609	2.68957	3.53648	3.27538	2.54358	1.49199	2.38832	3.72436	3.31067	2.48814	0.529169	2.69372	2.6082	2.40362	2.81748	0.702858	2.53058	3.61305	3.48574	2.52085	0.75777	2.5699	3.66233	2.40375	3.64071	0.303843	2.40986	5.46766	3.31232	2.50548	0.424577	3.51851	3.56788	3.64905	3.52455	0.313051	2.49304	3.42739	3.76479</FloatingPoint>
				<FloatingPoint size="20">	0.894245	0.370109	0.977755	0.895002	0.410773	0.945935	0.624302	0.997024	0.676169	0.825368	0.382098	0.395531	0.989075	0.639521	0.399042	0.954073	0.953429	0.315104	0.747112	0.88784</FloatingPoint>
			</Individual>
			<Individual size="2">
				<FitnessMax value="2.69156"/>
				<FloatingPoint size="50">	5.37275	3.61153	3.51369	5.22267	5.55937	3.27736	0.387799	2.60775	2.56008	2.73805	2.64304	0.521488	2.67586	3.536	3.27538	2.58479	1.48586	2.38708	3.72541	3.30769	2.49744	0.529018	2.69307	2.58273	2.39881	2.82344	0.694611	2.52349	3.61297	3.48053	2.52166	0.757386	2.56828	3.67767	2.46422	3.59766	0.522317	2.41029	5.49512	3.25409	2.50597	0.404526	3.52597	3.55894	3.6294	3.5261	0.335031	2.49537	3.42764	3.68189</FloatingPoint>
				<FloatingPoint size="20">	0.874363	0.353854	0.977095	0.896875	0.410877	0.494299	0.564782	0.997024	0.676169	0.825367	0.3821	0.396286	0.989045	0.641342	0.561834	0.947727	0.953994	0.306855	0.745625	0.882401</FloatingPoint>
			</Individual>
			<Individual size="2">
				<FitnessMax value="2.62454"/>
				<FloatingPoint size="50">	5.36687	3.6124	3.52971	5.21967	5.56002	3.27736	0.388778	2.60775	2.5597	2.73811	2.64102	0.520861	2.68691	3.5359	3.27537	2.51548	1.49169	2.39218	3.72446	3.30283	2.49678	0.529036	2.69234	2.56509	2.36018	2.81893	0.729506	2.52474	3.61289	3.48234	2.52159	0.757466	2.57009	3.67414	2.49828	3.60356	0.504912	6.73269	5.52384	3.27375	2.50598	0.417992	3.52886	3.55723	3.63791	3.52424	0.303887	2.49642	3.42753	3.68182</FloatingPoint>
				<FloatingPoint size="20">	0.885487	0.354412	0.975978	0.896663	0.410778	0.494304	0.576975	0.997024	0.676169	0.825368	0.3821	0.396114	0.989066	0.640875	0.485533	0.954203	0.953845	0.347306	0.735359	0.882671</FloatingPoint>
			</Individual>
			<Individual size="2">
				<FitnessMax value="2.69156"/>
				<FloatingPoint size="50">	5.37274	3.61268	3.49748	5.21808	5.5497	3.27735	0.390872	2.60967	2.56058	2.74179	2.64343	0.615989	2.69087	3.5364	3.54748	2.58722	1.48984	2.38213	3.72209	3.31139	2.49374	0.52878	2.69222	2.62784	2.38341	2.81302	0.625423	2.53039	3.6132	3.49045	2.5209	0.757646	2.64331	3.67615	2.49447	3.62374	0.334905	2.40994	5.47755	3.22108	2.50598	0.4044	3.51729	3.56523	3.62945	3.52333	0.300267	2.49536	3.42736	3.63142</FloatingPoint>
				<FloatingPoint size="20">	0.880607	0.365466	0.975666	0.896869	0.41075	0.494302	0.704828	0.997024	0.676169	0.825368	0.382097	0.394787	0.989989	0.64163	0.4278	0.953904	0.953989	0.330807	0.748857	0.882565</FloatingPoint>
			</Individual>
			<Individual size="2">
				<FitnessMax value="2.69156"/>
				<FloatingPoint size="50">	5.37237	3.61193	3.51047	5.2214	5.55892	3.27736	0.329059	2.60813	2.56007	2.73886	2.64302	0.538418	2.68094	3.53621	3.27539	2.55538	1.49274	2.38814	3.72476	3.30829	2.49567	0.529015	2.69222	2.56719	2.39451	2.82246	0.660594	2.52528	3.61306	3.48121	2.52171	0.757386	2.56839	3.64342	2.45408	3.60773	0.513691	2.41025	5.49063	3.24568	2.50591	0.44405	3.52458	3.55926	3.64552	3.52629	0.311596	2.49528	3.42755	3.69903</FloatingPoint>
				<FloatingPoint size="20">	0.87716	0.373108	0.978754	0.892798	0.410775	0.494293	0.644626	0.997024	0.676169	0.825368	0.382097	0.393761	0.989073	0.640994	0.512006	0.95422	0.953857	0.291168	0.752989	0.882518</FloatingPoint>
			</Individual>
			<Individual size="2">
				<FitnessMax value="2.69156"/>
				<FloatingPoint size="50">	5.37275	3.61153	3.51369	5.22267	5.55937	3.27736	0.387799	2.60775	2.56008	2.73805	2.64304	0.521488	2.67586	3.536	3.27538	2.58479	1.48586	2.38708	3.72541	3.30769	2.49744	0.529018	2.69307	2.58273	2.39881	2.82344	0.694611	2.52349	3.61297	3.48053	2.52166	0.757386	2.56828	3.67767	2.46422	3.59766	0.522317	2.41029	5.49512	3.25409	2.50597	0.404526	3.52597	3.55894	3.6294	3.5261	0.335031	2.49537	3.42764	3.68189</FloatingPoint>
				<FloatingPoint size="20">	0.912291	0.292144	0.97623	0.8967	0.410766	0.494315	0.552202	0.997024	0.67617	0.82537	0.382106	0.396259	0.989042	0.640477	0.512287	0.954448	0.953778	0.318225	0.760907	0.882691</FloatingPoint>
			</Individual>
			<Individual size="2">
				<FitnessMax value="2.69156"/>
				<FloatingPoint size="50">	5.37274	3.58203	3.56321	5.22098	5.57366	3.27735	0.386162	2.60908	2.41122	2.73729	2.64203	0.535158	2.68271	3.53659	3.27535	2.54212	1.47094	2.38927	3.7245	3.30682	2.49263	0.527144	2.69225	2.58754	2.40387	2.82411	0.682799	2.52586	3.61304	3.48391	2.52087	0.757378	2.56958	3.59866	2.40828	3.58226	0.595204	2.41178	5.49206	3.3206	2.50549	0.464006	3.53694	3.55799	3.61017	3.52886	0.311891	2.49816	3.42741	3.83525</FloatingPoint>
				<FloatingPoint size="20">	0.93911	0.34801	0.976963	0.896868	0.410836	0.494281	0.66903	0.997024	0.676169	0.825795	0.382097	0.396505	0.98906	0.64088	0.54919	0.954184	0.953923	0.339326	0.729369	0.882444</FloatingPoint>
			</Individual>
			<Individual size="2">
				<FitnessMax value="2.69156"/>
				<FloatingPoint size="50">	5.3728	3.61066	3.48068	5.22201	5.63679	3.27735	0.400596	2.60907	2.55928	2.73578	2.64222	0.517256	2.67	3.53661	3.27533	2.57572	1.50711	2.39443	3.72272	3.31101	2.49678	0.529027	2.69044	2.69004	2.40635	2.82033	0.667387	2.52496	3.61291	3.48004	2.52155	0.757295	2.56739	3.59061	2.39498	3.6364	0.557811	2.4101	5.53529	3.2799	2.50579	0.445438	3.51476	3.559	3.63182	3.52191	0.337379	2.49446	3.42748	3.71118</FloatingPoint>
				<FloatingPoint size="20">	0.876438	0.312025	0.975666	0.896873	0.410769	0.494294	0.481302	0.997024	0.676169	0.825368	0.382101	0.395269	0.989046	0.640425	0.45119	0.954458	0.953881	0.318959	0.752923	0.882677</FloatingPoint>
			</Individual>
			<Individual size="2">
				<FitnessMax value="2.69156"/>
				<FloatingPoint size="50">	5.37274	3.61268	3.49748	5.21808	5.5497	3.27735	0.390872	2.60967	2.56058	2.74179	2.64343	0.615989	2.69087	3.5364	3.54748	2.58722	1.48984	2.38213	3.72209	3.31139	2.49374	0.52878	2.69222	2.62784	2.38341	2.81302	0.625423	2.53039	3.6132	3.49045	2.5209	0.757646	2.64331	3.67615	2.49447	3.62374	0.334905	2.40994	5.47755	3.22108	2.50598	0.4044	3.51729	3.56523	3.62945	3.52333	0.300267	2.49536	3.42736	3.63142</FloatingPoint>
				<FloatingPoint size="20">	0.903288	0.394416	0.975763	0.896879	0.410744	0.494315	0.654772	0.997024	0.676169	0.825368	0.382097	0.394787	0.989989	0.64163	0.4278	0.953904	0.953989	0.330807	0.748857	0.882565</FloatingPoint>
			</Individual>
			<Individual size="2">
				<FitnessMax value="2.69156"/>
				<FloatingPoint size="50">	5.37274	3.61298	3.49413	5.22296	5.55009	3.27735	0.387621	2.60837	2.56052	2.74206	2.64337	0.516211	2.69079	3.53648	3.27545	2.59568	1.51902	2.3783	3.72351	3.3107	2.48609	0.529389	2.6978	2.6854	2.40293	2.80487	0.705111	2.53142	3.61321	3.4908	2.52084	0.758001	2.57074	3.71611	2.40358	3.64324	0.232907	2.40942	5.46754	3.22623	2.5051	0.370959	3.26571	3.56997	3.67601	3.52012	0.313252	2.49289	3.42738	3.58733</FloatingPoint>
				<FloatingPoint size="20">	0.904	0.35756	0.975666	0.896877	0.410738	0.494316	0.625214	0.997024	0.67617	0.825367	0.382106	0.396201	0.989052	0.640354	0.567839	0.954459	0.953861	0.303633	0.765273	0.882696</FloatingPoint>
			</Individual>
			<Individual size="2">
				<FitnessMax value="2.69156"/>
				<FloatingPoint size="50">	5.3707	3.61058	3.45436	5.22264	5.47513	3.27736	0.387812	2.60897	2.5609	2.74058	2.64188	0.556527	2.66532	3.53417	3.27533	2.57607	1.56749	2.38721	3.7277	3.3097	2.49695	0.529041	2.69522	2.53298	2.39279	2.81174	0.71825	2.52766	3.61278	3.48531	2.5213	0.757669	2.56753	3.66531	2.54948	3.61277	0.474184	2.41142	5.5784	3.29599	2.50598	0.426013	3.53077	3.55421	3.61502	3.52474	0.304172	2.49805	3.42751	3.66777</FloatingPoint>
				<FloatingPoint size="20">	0.925735	0.366571	0.976568	0.896594	0.410811	0.494296	0.509294	0.997024	0.676169	0.825368	0.382098	0.396015	0.989051	0.64113	0.483266	0.953974	0.953938	0.336045	0.751886	0.882671</FloatingPoint>
			</Individual>
			<Individual size="2">
				<FitnessMax value="2.69156"/>
				<FloatingPoint size="50">	5.3731	3.58752	3.54245	5.22095	5.58924	3.27735	0.372017	2.60774	2.54511	2.73484	2.64209	0.528402	2.65843	3.53655	3.27533	2.52919	1.49167	2.38971	3.72415	3.29898	2.49436	0.527336	2.69256	2.57029	2.40281	2.8196	0.69433	2.5259	3.61315	3.48349	2.52116	0.75737	2.56981	3.61271	2.40826	3.64227	0.549357	2.41027	5.49745	3.31312	2.50559	0.419198	3.52321	3.56827	3.62837	3.52203	0.281317	2.49661	3.42741	3.71072</FloatingPoint>
				<FloatingPoint size="20">	0.891351	0.333345	0.975815	0.896874	0.410778	0.494307	0.461043	0.997024	0.67617	0.825368	0.3821	0.395349	0.989572	0.641142	0.461743	0.954136	0.953904	0.333098	0.754781	0.882623</FloatingPoint>
			</Individual>
			<Individual size="2">
				<FitnessMax value="2.69156"/>
				<FloatingPoint size="50">	5.3707	3.61058	3.45436	5.22264	5.47513	3.27736	0.387812	2.60897	2.5609	2.74058	2.64188	0.556527	2.66532	3.53417	3.27533	2.57607	1.56749	2.38721	3.7277	3.3097	2.49695	0.529041	2.69522	2.53298	2.39279	2.81174	0.71825	2.52766	3.61278	3.48531	2.5213	0.757669	2.56753	3.66531	2.54948	3.61277	0.474184	2.41142	5.5784	3.29599	2.50598	0.426013	3.53077	3.55421	3.61502	3.52474	0.304172	2.49805	3.42751	3.66777</FloatingPoint>
				<FloatingPoint size="20">	0.885487	0.354412	0.975978	0.896663	0.410778	0.494304	0.576975	0.997024	0.676169	0.825368	0.3821	0.396114	0.989066	0.640875	0.485533	0.954203	0.953845	0.347306	0.735359	0.882671</FloatingPoint>
			</Individual>
			<Individual size="2">
				<FitnessMax value="2.69156"/>
				<FloatingPoint size="50">	5.37274	3.61298	3.5583	5.22296	5.55186	3.27736	0.387621	2.60711	2.56052	2.74206	2.64337	0.530934	2.69079	3.53803	3.27545	2.59568	1.51902	2.3783	3.72369	3.3107	2.48609	0.529024	2.693	2.58682	2.40314	2.81247	0.69844	2.53053	3.61297	3.48289	2.52177	0.757162	2.56626	3.57907	2.42279	3.63918	0.501347	2.41028	5.48951	3.24369	2.50591	0.392528	3.5168	3.55457	3.64723	3.53162	0.295556	2.4911	3.42756	3.6394</FloatingPoint>
				<FloatingPoint size="20">	0.915188	0.160533	0.975666	0.896866	0.410739	0.494316	0.807313	0.997025	0.676171	0.825368	0.382106	0.394666	0.989052	0.640419	0.563645	0.954542	0.999901	0.307093	0.760526	0.882662</FloatingPoint>
			</Individual>
			<Individual size="2">
				<FitnessMax value="2.69156"/>
				<FloatingPoint size="50">	5.36951	3.61021	3.48006	5.22213	5.55895	3.27736	0.324614	2.60895	2.55977	2.73991	2.64269	0.544916	2.68086	3.53586	3.27536	2.55448	1.48167	2.37416	3.72329	3.31033	2.49556	0.529145	2.70205	2.56924	2.39571	2.81423	0.648848	2.52784	3.6129	3.48521	2.52117	0.757547	2.56672	3.56469	2.48348	3.59743	0.473259	2.40984	5.47978	3.2605	2.50551	0.409519	3.51905	3.56356	3.64653	3.52973	0.324796	2.49464	3.42748	3.71967</FloatingPoint>
				<FloatingPoint size="20">	0.915188	0.160533	0.975666	0.896866	0.410739	0.494315	0.807313	0.997025	0.676171	0.82537	0.382106	0.396286	0.98903	0.640873	0.490771	0.95444	0.953765	0.331049	0.744239	0.882423</FloatingPoint>
			</Individual>
			<Individual size="2">
				<FitnessMax value="2.69156"/>
				<FloatingPoint size="50">	5.37275	3.61153	3.51369	5.22267	5.55937	3.27736	0.387799	2.60775	2.56008	2.73805	2.64304	0.521488	2.67586	3.536	3.27538	2.58479	1.48586	2.38708	3.72541	3.30769	2.49744	0.529018	2.69307	2.58273	2.39881	2.82344	0.694611	2.52349	3.61297	3.48053	2.52166	0.757386	2.56828	3.67767	2.46422	3.59766	0.522317	2.41029	5.49512	3.25409	2.50597	0.404526	3.52597	3.55894	3.6294	3.5261	0.335031	2.49537	3.42764	3.68189</FloatingPoint>
				<FloatingPoint size="20">	0.894745	0.340424	0.976285	0.896156	0.410812	0.494295	0.527813	0.997024	0.676169	0.825369	0.382105	0.395672	0.989027	0.640346	0.51824	0.954236	0.953859	0.331573	0.758103	0.882662</FloatingPoint>
			</Individual>
			<Individual size="2">
				<FitnessMax value="2.69156"/>
				<FloatingPoint size="50">	5.37586	3.61617	3.46102	5.21632	5.45954	3.27735	0.495033	2.61075	2.56185	2.74527	2.64442	0.703714	2.69761	3.53673	3.81983	2.6959	1.47594	2.37374	3.72178	3.31196	2.49381	0.52856	2.69318	2.72417	2.36679	2.80207	0.607031	2.53571	3.61328	3.50095	2.52062	0.758026	2.72142	3.7594	2.54736	3.62609	0.133614	2.41021	5.46657	3.20806	2.50614	0.378628	3.51561	3.57055	3.60249	3.51623	0.253074	2.49955	3.42718	3.53655</FloatingPoint>
				<FloatingPoint size="20">	0.915313	0.380642	0.976444	0.894952	0.410753	0.494314	0.641629	0.997024	0.676169	0.825367	0.382097	0.394912	0.989083	0.641599	0.414818	0.954004	0.953978	0.339955	0.748837	0.882606</FloatingPoint>
			</Individual>
			<Individual size="2">
				<FitnessMax value="2.69156"/>
				<FloatingPoint size="50">	5.36994	3.60965	3.49307	5.22268	5.5433	3.27735	0.387906	2.60831	2.55896	2.74134	2.64354	0.519367	2.6924	3.53671	3.27537	2.56899	1.50549	2.35732	3.72185	3.31072	2.49482	0.529537	2.71202	2.61711	2.40038	2.80685	0.641334	2.5293	3.61299	3.48826	2.52079	0.757784	2.56451	3.51617	2.41576	3.60601	0.475043	2.40959	5.4715	3.23667	2.50522	0.395925	3.51854	3.56851	3.66749	3.53056	0.336519	2.49093	3.42745	3.71904</FloatingPoint>
				<FloatingPoint size="20">	0.910106	0.371542	0.985663	0.886885	0.41086	0.494289	0.530985	0.997024	0.676169	0.825368	0.382094	0.395362	0.989046	0.64108	0.583123	0.954397	0.953776	0.314534	0.735244	0.882308</FloatingPoint>
			</Individual>
			<Individual size="2">
				<FitnessMax value="2.69156"/>
				<FloatingPoint size="50">	5.36919	3.61243	3.0157	5.22226	5.5501	3.27735	0.386456	2.60917	2.56053	2.73938	2.64327	0.562174	2.6888	3.53498	3.27543	2.58172	1.51445	2.38164	3.72425	3.3079	2.48749	0.529319	2.69721	2.5703	2.40308	2.8109	0.703127	2.53137	3.61324	3.48411	2.5218	0.757881	2.57051	3.61311	2.4116	3.63911	0.339973	2.41058	5.48778	3.22993	2.50514	0.374486	3.27373	3.5644	3.69615	3.52487	0.304134	2.4958	3.42741	3.59481</FloatingPoint>
				<FloatingPoint size="20">	0.925735	0.355372	0.978877	0.893171	0.410763	0.494314	0.618071	0.997024	0.676169	0.825367	0.382097	0.395618	0.989036	0.641502	0.339292	0.95413	0.953892	0.353422	0.748824	0.882612</FloatingPoint>
			</Individual>
			<Individual size="2">
				<FitnessMax value="2.69156"/>
				<FloatingPoint size="50">	5.37274	3.61298	3.49413	5.22296	5.55009	3.27735	0.387621	2.60837	2.56052	2.74206	2.64337	0.516211	2.69079	3.53648	3.27545	2.59568	1.51902	2.3783	3.72351	3.3107	2.48609	0.529389	2.6978	2.6854	2.40293	2.80487	0.705111	2.53142	3.61321	3.4908	2.52084	0.758001	2.57074	3.71611	2.40358	3.64324	0.232907	2.40942	5.46754	3.22623	2.5051	0.370959	3.51398	3.56997	3.67601	3.52012	0.313252	2.49289	3.42738	3.58733</FloatingPoint>
				<FloatingPoint size="20">	0.862755	0.384846	0.976632	0.896833	0.410783	0.494304	0.630533	0.997023	0.676169	0.825369	0.382099	0.395121	0.989087	0.636896	0.385932	0.954255	0.952894	0.289795	0.763936	0.893139</FloatingPoint>
			</Individual>
			<Individual size="2">
				<FitnessMax value="2.69156"/>
				<FloatingPoint size="50">	5.37237	3.61193	3.51046	5.2214	5.55891	3.27736	0.329099	2.60813	2.56007	2.73885	2.64302	0.538437	2.68094	3.53621	3.27539	2.55535	1.49275	2.38815	3.72476	3.30829	2.49566	0.529015	2.69222	2.56718	2.39451	2.82246	0.660621	2.52528	3.61306	3.48121	2.52171	0.757387	2.56839	3.64338	2.45407	3.60775	0.513695	2.41026	5.49063	3.24569	2.50591	0.444007	3.52458	3.55927	3.64553	3.5263	0.311557	2.49528	3.42755	3.69908</FloatingPoint>
				<FloatingPoint size="20">	0.87716	0.373108	0.978754	0.892798	0.410775	0.494293	0.644626	0.997024	0.676169	0.825368	0.382097	0.393761	0.989073	0.640994	0.512006	0.95422	0.953857	0.291168	0.752989	0.882518</FloatingPoint>
			</Individual>
			<Individual size="2">
				<FitnessMax value="2.69156"/>
				<FloatingPoint size="50">	5.36907	3.61237	3.52825	5.21987	5.55196	3.27736	0.389189	2.60756	2.5592	2.73937	2.64217	0.531637	2.68623	3.53494	3.27535	2.51277	1.47222	2.39143	3.7245	3.31277	2.49319	0.529098	2.69012	2.58739	2.34436	2.81545	0.617633	2.52651	3.61299	3.48136	2.52071	0.757237	2.57124	3.68113	2.4704	3.61596	0.519669	2.41029	5.47786	3.22151	2.506	0.588071	3.53399	3.55906	3.65841	3.51919	0.302862	2.49629	3.42749	3.75983</FloatingPoint>
				<FloatingPoint size="20">	0.909589	0.618389	0.977179	0.896866	0.410839	0.494309	0.589959	0.997024	0.676169	0.825368	0.382093	0.395143	0.990455	0.635501	0.542414	0.954423	0.951743	0.234794	0.738474	0.855148</FloatingPoint>
			</Individual>
			<Individual size="2">
				<FitnessMax value="2.72483"/>
				<FloatingPoint size="50">	5.37272	3.61183	3.49355	5.22619	5.55008	3.27735	0.385681	2.6055	2.56052	2.73107	2.64338	0.518711	2.62954	3.53601	3.27518	2.59751	1.51882	2.39578	3.72332	3.29534	2.49723	0.529109	2.69318	2.69265	2.40335	2.80366	0.713784	2.52971	3.61321	3.48015	2.52166	0.75791	2.57288	3.697	2.39971	3.6771	0.565971	2.40917	5.51186	3.22638	2.5063	0.368678	3.5131	3.58361	3.67601	3.5211	0.200373	2.49267	3.42735	3.58591</FloatingPoint>
				<FloatingPoint size="20">	0.925735	0.352993	0.975666	0.896877	0.410738	0.494316	0.63199	0.997024	0.676169	0.825368	0.382106	0.396286	0.989035	0.640341	0.540961	0.954462	0.953815	0.30298	0.766233	0.882697</FloatingPoint>
			</Individual>
			<Individual size="2">
				<FitnessMax value="2.69156"/>
				<FloatingPoint size="50">	5.36919	3.61236	3.5583	5.21988	5.55186	3.27736	0.389538	2.60711	2.55929	2.73936	2.64275	0.530934	2.68579	3.53803	3.27542	2.45083	1.50709	2.3904	3.7245	3.30682	2.49263	0.527144	2.69225	2.58754	2.40387	2.82411	0.682799	2.52586	3.61304	3.48391	2.52087	0.757378	2.56958	3.59866	2.40828	3.58226	0.595204	2.41178	5.49206	3.3206	2.50549	0.464006	3.53694	3.55799	3.61017	3.52886	0.311891	2.49816	3.42741	3.83525</FloatingPoint>
				<FloatingPoint size="20">	0.93911	0.34801	0.976963	0.896868	0.410836	0.494281	0.66903	0.997024	0.676169	0.825795	0.382097	0.396505	0.98906	0.64088	0.54919	0.954184	0.953923	0.339326	0.729369	0.882444</FloatingPoint>
			</Individual>
			<Individual size="2">
				<FitnessMax value="2.69156"/>
				<FloatingPoint size="50">	5.37065	3.61001	3.53392	5.21984	5.61676	3.27735	0.387621	2.60837	2.56052	2.74206	2.64337	0.516211	2.69079	3.53648	3.27545	2.59568	1.51902	2.3783	3.72351	3.3107	2.48609	0.529389	2.6978	2.6854	2.40293	2.16847	0.705111	2.53142	3.61321	3.4908	2.52084	0.758001	2.57074	3.71611	2.40358	3.64324	0.232907	2.40942	5.46754	3.22623	2.5051	0.370959	3.51398	3.56997	3.67601	3.52012	0.313252	2.49289	3.42738	3.58733</FloatingPoint>
				<FloatingPoint size="20">	0.915188	0.160533	0.975666	0.896866	0.410739	0.494316	0.807313	0.997025	0.676171	0.825368	0.382106	0.394666	0.989052	0.640419	0.563645	0.954542	0.999901	0.307093	0.760526	0.882662</FloatingPoint>
			</Individual>
			<Individual size="2">
				<FitnessMax value="2.69156"/>
				<FloatingPoint size="50">	5.37274	3.61298	3.49413	5.22296	5.55009	3.27735	0.387621	2.60837	2.56052	2.74206	2.64337	0.516211	2.69079	3.53648	3.27545	2.59568	1.51902	2.3783	3.72351	3.3107	2.48609	0.529389	2.6978	2.6854	2.40293	2.80487	0.705111	2.53142	3.61321	3.4908	2.52084	0.758001	2.57074	3.71611	2.40358	3.64324	0.232907	2.40942	5.46754	3.22623	2.5051	0.370959	3.51398	3.56997	3.67601	3.52012	0.313252	2.49289	3.42738	3.58733</FloatingPoint>
				<FloatingPoint size="20">	0.894245	0.370109	0.977755	0.895002	0.410773	0.494309	0.624302	0.997024	0.676169	0.825368	0.382098	0.395531	0.989075	0.639521	0.399042	0.954073	0.953429	0.315104	0.747112	0.88784</FloatingPoint>
			</Individual>
			<Individual size="2">
				<FitnessMax value="2.69156"/>
				<FloatingPoint size="50">	5.36962	3.6126	3.48151	5.22229	5.57862	3.27735	0.400127	2.60901	2.55993	2.73785	2.64232	0.516503	2.67695	3.53655	3.27536	2.57645	1.5141	2.38645	3.72278	3.31077	2.49364	0.529218	2.69526	2.68604	2.40397	2.81045	0.703439	2.52934	3.61307	3.48348	2.52095	0.757614	2.56792	3.61696	2.40139	3.63972	0.331027	2.4099	5.49454	3.27081	2.50513	0.406776	3.51407	3.56309	3.67561	3.52077	0.32313	2.4938	3.42746	3.64814</FloatingPoint>
				<FloatingPoint size="20">	0.894245	0.370109	0.977755	0.895002	0.410773	0.494309	0.624302	0.997024	0.676169	0.825368	0.382098	0.395531	0.989075	0.639521	0.399042	0.954073	0.953429	0.315104	0.747112	0.88784</FloatingPoint>
			</Individual>
			<Individual size="2">
				<FitnessMax value="2.69156"/>
				<FloatingPoint size="50">	5.36962	3.60918	3.53392	5.21984	5.63978	3.27735	0.286803	2.60859	2.55931	2.73831	2.64243	0.528341	2.68413	3.53607	3.27536	2.47863	1.50372	2.39051	3.7224	3.31083	2.49366	0.528999	2.69126	2.5316	2.40002	2.82397	0.6438	2.52508	3.61311	3.47997	2.52117	0.757266	2.56527	3.59298	2.44163	3.6214	0.53602	2.40966	5.48852	3.23409	2.50583	0.43015	3.51897	3.55992	3.65638	3.53042	0.34742	2.49118	3.42754	3.72621</FloatingPoint>
				<FloatingPoint size="20">	0.876233	0.373555	0.975249	0.895142	0.410719	0.494315	0.627377	0.997024	0.676169	0.825368	0.382105	0.396294	0.989099	0.640377	0.595475	0.954514	0.953806	0.349985	0.712362	0.882702</FloatingPoint>
			</Individual>
			<Individual size="2">
				<FitnessMax value="2.69156"/>
				<FloatingPoint size="50">	5.36962	3.61238	3.49561	5.2193	5.5501	3.27735	0.38613	2.60936	2.56054	2.73722	2.64321	0.565323	2.68573	3.53457	3.27531	2.49855	1.51349	2.38892	3.72472	3.30467	2.49263	0.528999	2.69267	2.5674	2.40316	2.81718	0.697984	2.53047	3.61325	3.48235	2.52184	0.757715	2.57041	3.59781	2.4241	3.6389	0.519698	2.41132	5.49101	3.26471	2.50576	0.385221	3.51699	3.55352	3.71958	3.52552	0.294347	2.49747	3.42756	3.64296</FloatingPoint>
				<FloatingPoint size="20">	0.86507	0.258188	0.97567	0.893171	0.410763	0.494314	0.367267	0.997024	0.676169	0.825367	0.382105	0.395736	0.989036	0.641502	0.339292	0.954406	0.953892	0.347398	0.748824	0.882666</FloatingPoint>
			</Individual>
			<Individual size="2">
				<FitnessMax value="2.34896"/>
				<FloatingPoint size="50">	5.37275	3.61153	3.51369	5.22267	5.55937	3.27736	0.387799	2.60775	2.56008	2.73805	2.64304	0.552821	2.67586	3.536	3.27538	2.58479	1.48586	2.38708	3.72541	3.30769	2.49744	0.529018	2.69307	2.58273	2.39881	2.82344	0.694611	2.52349	3.61297	3.48053	2.52166	0.757386	2.56828	3.67767	2.46422	3.59766	0.522317	2.41029	5.49512	3.25409	2.50597	0.404526	3.52597	3.55894	3.6294	3.5261	0.335031	2.49537	3.42764	3.68189</FloatingPoint>
				<FloatingPoint size="20">	0.86507	0.258188	0.97567	0.896334	0.41081	0.494301	0.367267	0.997025	0.676169	0.825369	0.382105	0.395736	0.989027	0.641143	0.352325	0.954406	0.209322	0.347398	0.763667	0.882666</FloatingPoint>
			</Individual>
			<Individual size="2">
				<FitnessMax value="2.69156"/>
				<FloatingPoint size="50">	5.37274	3.58203	3.56321	5.22098	5.57366	3.27735	0.386162	2.60908	2.41122	2.73729	2.64203	0.535158	2.68271	3.53659	3.27535	2.54212	1.47094	2.38927	3.7245	3.30682	2.49263	0.527144	2.69225	2.58754	2.40387	2.82411	0.682799	2.52586	3.61304	3.48391	2.52087	0.757378	2.56958	3.59866	2.40828	3.58226	0.595204	2.41178	5.49206	3.3206	2.50549	0.464006	3.53694	3.55799	3.61017	3.52886	0.311891	2.49816	3.42741	3.83525</FloatingPoint>
				<FloatingPoint size="20">	0.902396	0.256852	0.975666	0.896865	0.410811	0.494296	0.323187	0.997025	0.676169	0.825447	0.382101	0.395984	0.98905	0.640895	0.403514	0.954171	0.953868	0.347423	0.741414	0.882604</FloatingPoint>
			</Individual>
			<Individual size="2">
				<FitnessMax value="2.69156"/>
				<FloatingPoint size="50">	5.37274	3.61268	3.49748	5.21808	5.5497	3.27735	0.390872	2.60967	2.56058	2.74179	2.64343	0.615989	2.69087	3.5364	3.54748	2.58722	1.48984	2.38213	3.72209	3.31139	2.49374	0.52878	2.69222	2.62784	2.38341	2.81302	0.625423	2.53039	3.6132	3.49045	2.5209	0.757646	2.64331	3.67615	2.49447	3.62374	0.334905	2.40994	5.47755	3.22108	2.50598	0.4044	3.51729	3.56523	3.62945	3.52333	0.300267	2.49536	3.42736	3.63142</FloatingPoint>
				<FloatingPoint size="20">	0.915313	0.380642	0.976444	0.894952	0.410753	0.494314	0.641629	0.997024	0.676169	0.825367	0.382097	0.394912	0.989083	0.641599	0.414818	0.954004	0.953978	0.339955	0.748837	0.882606</FloatingPoint>
			</Individual>
			<Individual size="2">
				<FitnessMax value="2.69156"/>
				<FloatingPoint size="50">	5.37298	3.61228	3.48639	5.22064	5.58399	3.27735	0.353754	2.60818	2.56043	2.74091	2.64298	0.546453	2.68554	3.53501	3.27537	2.52609	1.52489	2.38582	3.72636	3.31002	2.49496	0.52903	2.69185	2.63369	2.39138	2.82134	0.640282	2.52543	3.61292	3.48223	2.52151	0.757356	2.56829	3.65514	2.25276	3.61278	0.486155	2.40999	5.48591	3.26865	2.50554	0.387809	3.52482	3.5553	3.66193	3.52671	0.304709	2.49744	3.4275	3.67991</FloatingPoint>
				<FloatingPoint size="20">	0.879044	0.352993	0.975666	0.896877	0.410762	0.494289	0.67352	0.997024	0.676169	0.825368	0.382098	0.394626	0.98906	0.640341	0.540961	0.954462	0.953918	0.30298	0.744604	0.882697</FloatingPoint>
			</Individual>
			<Individual size="2">
				<FitnessMax value="2.42919"/>
				<FloatingPoint size="50">	5.37275	3.613	3.49347	5.22178	5.55559	3.27735	0.324712	2.60835	2.5603	2.74172	2.6432	0.532044	2.68864	3.53672	3.27544	2.58673	1.50817	2.38301	3.7237	3.31051	2.48988	0.529207	2.69443	2.6169	2.39793	2.81334	0.656776	2.52602	3.61308	3.48338	2.52121	0.757344	2.56907	3.61293	2.42448	3.59602	0.535269	2.41089	5.48836	3.27436	2.50568	0.489889	3.90891	5.79615	3.63462	3.52796	0.310516	2.4977	3.42742	3.77948</FloatingPoint>
				<FloatingPoint size="20">	0.901653	0.369249	0.977222	0.894119	0.410786	0.494306	0.662639	0.997024	0.676169	0.825368	0.382102	0.394629	0.989063	0.641703	0.536204	0.95422	0.953887	0.324736	0.754384	0.882579</FloatingPoint>
			</Individual>
			<Individual size="2">
				<FitnessMax value="2.69156"/>
				<FloatingPoint size="50">	5.37274	3.6118	3.49175	5.22422	5.57965	3.27735	0.400494	2.60653	2.56028	2.73256	2.64205	0.518597	2.64846	3.53616	3.2753	2.58837	1.51849	2.39533	3.72294	3.29631	2.49693	0.529089	2.69073	2.69735	2.40678	2.8154	0.705159	2.53087	3.61321	3.48572	2.52152	0.757924	2.5718	3.71189	2.40242	3.67157	0.545412	2.40928	5.47039	3.22634	2.50602	0.368947	3.51368	3.57333	3.67601	3.52062	0.295385	2.49275	3.42736	3.58641</FloatingPoint>
				<FloatingPoint size="20">	0.879044	0.352993	0.975666	0.896877	0.410738	0.494289	0.67352	0.997024	0.676169	0.825368	0.376683	0.394626	0.98906	0.640341	0.540961	0.954462	0.953918	0.30298	0.744604	0.882697</FloatingPoint>
			</Individual>
			<Individual size="2">
				<FitnessMax value="2.69156"/>
				<FloatingPoint size="50">	5.36919	3.61236	3.5583	5.21988	5.55186	3.27736	0.389538	2.60711	2.55929	2.73936	2.64275	0.530934	2.68579	3.53803	3.27542	2.45083	1.50709	2.3904	3.72369	3.3112	2.49327	0.529158	2.6902	2.58682	2.34654	2.81247	0.56971	2.52633	3.61297	3.48044	2.52074	0.757162	2.56626	3.57907	2.49053	3.61265	0.556254	2.41028	5.48841	3.24369	2.50591	0.392528	3.51564	3.56066	3.64723	3.53162	0.309366	2.4911	3.42756	3.7411</FloatingPoint>
				<FloatingPoint size="20">	0.880607	0.365466	0.975666	0.896869	0.41075	0.494302	0.704828	0.997024	0.676169	0.825368	0.382102	0.395456	0.98908	0.640346	0.586567	0.954478	0.953867	0.319338	0.731509	0.882704</FloatingPoint>
			</Individual>
			<Individual size="2">
				<FitnessMax value="2.69156"/>
				<FloatingPoint size="50">	5.36919	3.61236	3.5583	5.21988	5.55186	3.27736	0.389538	2.60711	2.55929	2.73936	2.64275	0.530934	2.68579	3.53803	3.27542	2.45083	1.50709	2.3904	3.72369	3.3112	2.49327	0.529158	2.6902	2.58682	2.34654	2.81247	0.56971	2.52633	3.61297	3.48044	2.52074	0.757162	2.56626	3.57907	2.49053	3.61265	0.556254	2.41028	5.48841	3.24369	2.50591	0.392528	3.51564	3.56066	3.64723	3.53162	0.309366	2.4911	3.42756	3.7411</FloatingPoint>
				<FloatingPoint size="20">	0.88217	0.377938	0.975666	0.896862	0.410738	0.494316	0.736136	0.997024	0.676169	0.825368	0.382106	0.396286	0.9891	0.64035	0.632173	0.954495	0.953816	0.335696	0.718414	0.882711</FloatingPoint>
			</Individual>
			<Individual size="2">
				<FitnessMax value="2.69156"/>
				<FloatingPoint size="50">	5.36962	3.61238	3.49561	5.2193	5.5501	3.27735	0.38613	2.60936	2.56054	2.73722	2.64321	0.565323	2.68573	3.53457	3.27531	2.49855	1.51349	2.38892	3.72472	3.30467	2.49263	0.528999	2.69267	2.5674	2.40316	2.81718	0.697984	2.53047	3.61325	3.48235	2.52184	0.757715	2.57041	3.59781	2.4241	3.6389	0.519698	2.41132	5.49101	3.26471	2.50576	0.385221	3.51699	3.55352	3.71958	3.52552	0.294347	2.49747	3.42756	3.64296</FloatingPoint>
				<FloatingPoint size="20">	0.925735	0.355372	0.978877	0.893171	0.410763	0.494314	0.618071	0.997024	0.676169	0.825367	0.382097	0.395618	0.989036	0.641502	0.339292	0.95413	0.953892	0.353422	0.748824	0.882612</FloatingPoint>
			</Individual>
			<Individual size="2">
				<FitnessMax value="2.69156"/>
				<FloatingPoint size="50">	5.37171	3.61237	3.53829	5.2206	5.55067	3.27735	0.387269	2.6086	2.55965	2.73793	2.64236	0.553839	2.68575	3.53573	3.27535	2.49209	1.48386	2.38942	3.72423	3.30685	2.49285	0.529118	2.69185	2.56777	2.38425	2.81561	0.655155	2.52475	3.61298	3.48171	2.52077	0.757531	2.56858	3.59157	2.45982	3.63012	0.531896	2.41097	5.48888	3.23903	2.50581	0.38767	3.52448	3.56115	3.64882	3.52872	0.283701	2.49561	3.42747	3.72762</FloatingPoint>
				<FloatingPoint size="20">	0.88217	0.377938	0.975666	0.896862	0.410738	0.494316	0.736136	0.997024	0.676169	0.825368	0.382106	0.396286	0.9891	0.64035	0.632173	0.954495	0.953816	0.335696	0.718414	0.882711</FloatingPoint>
			</Individual>
			<Individual size="2">
				<FitnessMax value="2.69156"/>
				<FloatingPoint size="50">	5.3707	3.59757	3.51569	5.21952	5.6022	3.27735	0.287884	2.61089	2.5555	2.74096	2.64287	0.525537	2.68418	3.53607	3.27536	2.50362	1.51597	2.39053	3.72492	3.31016	2.49393	0.528165	2.69178	2.51462	2.39468	2.82952	0.643392	2.52495	3.61311	3.48044	2.52164	0.757289	2.56762	3.59824	2.35397	3.59563	0.538327	2.4101	5.48645	3.23623	2.50562	0.437449	3.5193	3.55853	3.65947	3.52879	0.286535	2.49693	3.42742	3.70962</FloatingPoint>
				<FloatingPoint size="20">	0.894745	0.254023	0.975666	0.896865	0.41081	0.494297	0.287119	0.997025	0.67617	0.82537	0.382101	0.395496	0.989025	0.641259	0.311954	0.954219	0.953866	0.358303	0.755779	0.88264</FloatingPoint>
			</Individual>
			<Individual size="2">
				<FitnessMax value="2.69156"/>
				<FloatingPoint size="50">	5.37275	3.61153	3.51369	5.22267	5.55937	3.27736	0.387799	2.60775	2.56008	2.73805	2.64304	0.552821	2.67586	3.536	3.27538	2.58479	1.48586	2.38708	3.72541	3.30769	2.49744	0.529018	2.69307	2.58273	2.39881	2.82344	0.694611	2.52349	3.61297	3.48053	2.52166	0.757386	2.56828	3.67767	2.46422	3.59766	0.522317	2.41029	5.49512	3.25409	2.50597	0.404526	3.52597	3.55894	3.6294	3.5261	0.335031	2.49537	3.42764	3.68189</FloatingPoint>
				<FloatingPoint size="20">	0.901722	0.311348	0.975708	0.896318	0.410812	0.494303	0.474367	0.997024	0.676169	0.825368	0.382106	0.396209	0.989031	0.640574	0.526032	0.954421	0.953836	0.325334	0.765418	0.882683</FloatingPoint>
			</Individual>
			<Individual size="2">
				<FitnessMax value="2.69156"/>
				<FloatingPoint size="50">	5.37204	3.61185	3.49454	5.22565	5.55079	3.27736	0.38785	2.6067	2.55986	2.73123	2.64259	0.521806	2.67962	3.53537	3.27519	2.51296	1.50389	2.39454	3.72425	3.31122	2.49704	0.529105	2.69289	2.60033	2.39472	2.81272	0.657035	2.52769	3.61313	3.48108	2.5216	0.75756	2.57156	3.6956	2.44244	3.66575	0.53243	2.40942	5.48579	3.2253	2.50623	0.45982	3.52272	3.58053	3.67575	3.52001	0.213021	2.49389	3.42747	3.74531</FloatingPoint>
				<FloatingPoint size="20">	0.882999	0.30687	0.975666	0.896877	0.410806	0.494296	0.304859	0.997025	0.676169	0.825369	0.382101	0.394774	0.989026	0.640678	0.320579	0.954281	0.953918	0.325354	0.746396	0.882671</FloatingPoint>
			</Individual>
			<Individual size="2">
				<FitnessMax value="0.564556"/>
				<FloatingPoint size="50">	5.37274	3.61298	3.49413	5.22296	5.57366	3.27735	0.387621	2.60908	2.41122	2.73729	2.64337	0.535158	2.68271	3.53659	3.27545	2.54212	1.47094	2.3783	3.72351	3.3107	2.49263	0.527144	2.69225	2.6854	2.40293	2.80487	0.705111	2.53142	3.61304	3.4908	2.52087	0.757378	2.5687	3.71611	2.40358	3.64324	0.232907	2.4113	5.46754	3.22623	2.50565	0.370959	3.5314	3.56997	3.61546	3.52012	0.30507	2.49796	3.42738	3.58733</FloatingPoint>
				<FloatingPoint size="20">	0.894245	0.370109	0.977755	0.895002	0.410773	0.494309	0.624302	0.997024	0.798338	0.825368	0.382098	0.395531	0.989075	0.639521	0.399042	0.954073	0.953429	0.315104	0.747112	0.88784</FloatingPoint>
			</Individual>
			<Individual size="2">
				<FitnessMax value="2.69156"/>
				<FloatingPoint size="50">	5.37298	3.61238	3.52825	5.22096	5.55007	3.27735	0.386131	2.60936	2.55984	2.73722	2.64217	0.565323	2.68572	3.53457	3.27531	2.51277	1.47222	2.38893	3.7245	3.30467	2.49263	0.529098	2.69267	2.55823	2.40315	2.81718	0.697994	2.52396	3.61298	3.48235	2.52078	0.757715	2.56974	3.59783	2.44443	3.63887	0.519684	2.41132	5.48911	3.23669	2.50576	0.385234	3.53399	3.55973	3.65841	3.52899	0.258004	2.49896	3.42745	3.75983</FloatingPoint>
				<FloatingPoint size="20">	0.909586	0.301418	0.975666	0.896871	0.410775	0.494306	0.488791	0.997024	0.676169	0.825369	0.382099	0.395118	0.989043	0.641697	0.339028	0.954061	0.953927	0.3512	0.750328	0.882604</FloatingPoint>
			</Individual>
			<Individual size="2">
				<FitnessMax value="2.69156"/>
				<FloatingPoint size="50">	5.37275	3.61153	3.51369	5.22267	5.55937	3.27736	0.387799	2.60775	2.56008	2.73805	2.64304	0.521488	2.67586	3.536	3.27538	2.58479	1.48586	2.38708	3.72541	3.30769	2.49744	0.529018	2.69307	2.58273	2.39881	2.82344	0.694611	2.52349	3.61297	3.48053	2.52166	0.757386	2.56828	3.67767	2.46422	3.59766	0.522317	2.41029	5.49512	3.25409	2.50597	0.404526	3.52597	3.55894	3.6294	3.5261	0.335031	2.49537	3.42764	3.68189</FloatingPoint>
				<FloatingPoint size="20">	0.893279	0.367511	0.976846	0.896101	0.410815	0.494295	0.550849	0.997024	0.676169	0.825368	0.382106	0.396286	0.989035	0.640341	0.540961	0.954462	0.953815	0.30298	0.766233	0.882697</FloatingPoint>
			</Individual>
			<Individual size="2">
				<FitnessMax value="2.69156"/>
				<FloatingPoint size="50">	5.3728	3.61066	3.48068	5.22201	5.63679	3.27735	0.400596	2.60907	2.55928	2.73578	2.64222	0.517256	2.67	3.53661	3.27533	2.57572	1.50711	2.39443	3.72272	3.31101	2.49678	0.529027	2.69044	2.69004	2.40635	2.82033	0.667387	2.52496	3.61291	3.48004	2.52155	0.757295	2.56739	3.59061	2.39498	3.6364	0.557811	2.4101	5.53529	3.2799	2.50579	0.445438	3.51476	3.559	3.63182	3.52191	0.337379	2.49446	3.42748	3.71118</FloatingPoint>
				<FloatingPoint size="20">	0.873832	0.271056	0.975666	0.896869	0.410776	0.4943	0.289083	0.997024	0.676169	0.825368	0.382104	0.395913	0.989033	0.640508	0.361419	0.954455	0.953844	0.334938	0.761243	0.882657</FloatingPoint>
			</Individual>
			<Individual size="2">
				<FitnessMax value="2.69156"/>
				<FloatingPoint size="50">	5.37274	3.58203	3.56321	5.22098	5.57366	3.27735	0.386162	2.60908	2.41122	2.73729	2.64203	0.535158	2.68271	3.53659	3.27535	2.54212	1.47094	2.38927	3.7245	3.30682	2.49263	0.527144	2.69225	2.58754	2.40387	2.82411	0.682799	2.52586	3.61304	3.48391	2.52087	0.757378	2.5687	3.60011	2.43252	3.59526	0.57288	2.4113	5.50913	3.30014	2.50565	0.452174	3.5314	3.55707	3.61546	3.52884	0.30507	2.49796	3.42745	3.78367</FloatingPoint>
				<FloatingPoint size="20">	0.904755	0.385365	0.975725	0.896515	0.410753	0.494294	0.475464	0.997024	0.676169	0.825368	0.382097	0.395454	0.989034	0.633729	0.299878	0.954328	0.952423	0.274978	0.746558	0.859535</FloatingPoint>
			</Individual>
			<Individual size="2">
				<FitnessMax value="2.62454"/>
				<FloatingPoint size="50">	5.37274	3.61268	3.49748	5.21808	5.5497	3.27735	0.390872	2.60967	2.56058	2.74179	2.64343	0.615989	2.69087	3.5364	3.54748	2.58722	1.48984	2.38213	3.72209	3.31139	2.49374	0.52878	2.69222	2.62784	2.38341	2.81302	0.625423	2.53039	3.6132	3.49045	2.5209	0.757646	2.64331	3.67615	2.49447	3.62374	0.334905	6.80508	5.47755	3.22108	2.50598	0.4044	3.51729	3.56523	3.62945	3.52333	0.300267	2.49536	3.42736	3.63142</FloatingPoint>
				<FloatingPoint size="20">	0.915313	0.301418	0.976444	0.896871	0.410775	0.494314	0.641629	0.997024	0.676169	0.825367	0.382099	0.394912	0.989043	0.641599	0.339028	0.954061	0.953927	0.3512	0.748837	0.882606</FloatingPoint>
			</Individual>
			<Individual size="2">
				<FitnessMax value="2.69156"/>
				<FloatingPoint size="50">	5.37065	3.61243	3.03842	5.21966	5.5501	3.27735	0.386359	2.60918	2.56053	2.73916	2.64325	0.56429	2.68847	3.53464	3.27537	2.53335	1.51437	2.38497	3.72431	3.30783	2.49046	0.52921	2.69327	2.5697	2.40309	2.81541	0.700547	2.53119	3.61324	3.48374	2.52181	0.75772	2.57047	3.60273	2.41341	3.63903	0.489393	2.41121	5.48995	3.24352	2.50561	0.378385	3.289	3.56048	3.70845	3.52524	0.294915	2.49654	3.42742	3.60344</FloatingPoint>
				<FloatingPoint size="20">	0.925735	0.355372	0.978877	0.893171	0.410763	0.494314	0.618071	0.997024	0.676169	0.825367	0.382097	0.399299	0.989036	0.641502	0.339292	0.95413	0.953892	0.353422	0.748824	0.882612</FloatingPoint>
			</Individual>
			<Individual size="2">
				<FitnessMax value="2.69156"/>
				<FloatingPoint size="50">	5.36962	3.60918	3.57389	5.21991	5.63978	3.27735	0.389847	2.60826	2.55914	2.73853	2.64243	0.528341	2.68411	3.53775	3.27536	2.51197	1.5092	2.39051	3.72201	3.3109	2.49366	0.529073	2.69016	2.50058	2.40002	2.82397	0.635343	2.52508	3.61298	3.47997	2.52116	0.757174	2.56527	3.60038	2.43387	3.60951	0.560305	2.40966	5.48852	3.23409	2.50577	0.392481	3.51897	3.56281	3.64722	3.53042	0.34742	2.49035	3.42754	3.72621</FloatingPoint>
				<FloatingPoint size="20">	0.877761	0.363691	0.975283	0.895285	0.410726	0.494314	0.728943	0.997024	0.676169	0.825368	0.382105	0.396228	0.989093	0.64045	0.572078	0.95449	0.953811	0.350671	0.715945	0.882697</FloatingPoint>
			</Individual>
			<Individual size="2">
				<FitnessMax value="2.53274"/>
				<FloatingPoint size="50">	5.37274	3.58745	3.54209	5.22188	5.56749	3.27735	0.387202	2.6082	2.55123	2.73751	2.64242	0.528975	2.68006	3.53654	3.27536	2.55565	1.48403	0.616637	3.72457	3.30756	2.49357	0.527433	2.69233	2.58354	2.39972	2.82363	0.694325	2.52498	3.61297	3.48124	2.52115	0.757379	2.56831	3.65978	2.44845	3.5885	0.578352	2.41125	5.49226	3.30918	2.50579	0.437175	3.53009	3.55801	3.62031	3.52873	0.319807	2.49703	3.42743	3.77009</FloatingPoint>
				<FloatingPoint size="20">	0.893279	0.367511	0.976846	0.896101	0.410815	0.494295	0.550849	0.997024	0.676169	0.825368	0.382106	0.396286	0.989035	0.640341	0.540961	0.954462	0.953815	0.30298	0.766233	0.882697</FloatingPoint>
			</Individual>
			<Individual size="2">
				<FitnessMax value="2.69156"/>
				<FloatingPoint size="50">	5.36907	3.61077	3.46706	5.22157	5.5746	3.27736	0.261321	2.6096	2.56059	2.73848	2.64184	0.570465	2.66933	3.535	3.27534	2.53997	1.45785	2.39099	3.72472	3.30993	2.4963	0.528753	2.69208	2.52138	2.39103	2.82162	0.643479	2.52576	3.61281	3.48065	2.52155	0.757193	2.56927	3.62549	2.56466	3.58962	0.487118	2.41024	5.4912	3.28558	2.50592	0.422874	3.51922	3.55718	3.62225	3.52896	0.308072	2.49641	3.42753	3.72344</FloatingPoint>
				<FloatingPoint size="20">	0.888663	0.336255	0.976175	0.896851	0.410745	0.494306	0.476606	0.997025	0.676171	0.82537	0.382105	0.395991	0.989037	0.640913	0.431517	0.954357	0.953782	0.343809	0.747923	0.882522</FloatingPoint>
			</Individual>
			<Individual size="2">
				<FitnessMax value="2.69156"/>
				<FloatingPoint size="50">	5.36951	3.61021	3.48006	5.22213	5.55895	3.27736	0.324614	2.60895	2.55977	2.73991	2.64269	0.544916	2.68086	3.53586	3.27536	2.55448	1.48167	2.37416	3.72329	3.31033	2.49556	0.529145	2.70205	2.56924	2.39571	2.81423	0.648848	2.52784	3.6129	3.48521	2.52117	0.757547	2.56672	3.56469	2.48348	3.59743	0.473259	2.40984	5.47978	3.2605	2.50551	0.409519	3.51905	3.56356	3.64653	3.52973	0.324796	2.49464	3.42748	3.71967</FloatingPoint>
				<FloatingPoint size="20">	0.894492	0.334877	0.975807	0.896867	0.410744	0.494307	0.463553	0.997024	0.67617	0.825368	0.382107	0.39538	0.989459	0.640994	0.541154	0.954229	0.953855	0.331423	0.744572	0.882672</FloatingPoint>
			</Individual>
			<Individual size="2">
				<FitnessMax value="2.69156"/>
				<FloatingPoint size="50">	5.36907	3.61077	3.46706	5.22157	5.5746	3.27736	0.261321	2.6096	2.56059	2.73848	2.64184	0.570465	2.66933	3.535	3.27534	2.53997	1.45785	2.39099	3.72472	3.30993	2.4963	0.528753	2.69208	2.52138	2.39103	2.82162	0.643479	2.52576	3.61281	3.48065	2.52155	0.757193	2.56927	3.62549	2.56466	3.58962	0.487118	2.41024	5.4912	3.28558	2.50592	0.422874	3.51922	3.55718	3.62225	3.52896	0.308072	2.49641	3.42753	3.72344</FloatingPoint>
				<FloatingPoint size="20">	0.874303	0.393665	0.976284	0.895678	0.410786	0.494297	0.166764	0.997024	0.676169	0.825369	0.382099	0.394637	0.98905	0.635837	0.377879	0.954356	0.952672	0.284896	0.746154	0.8723</FloatingPoint>
			</Individual>
			<Individual size="2">
				<FitnessMax value="2.69156"/>
				<FloatingPoint size="50">	5.37108	3.59764	3.52586	5.2204	5.56122	3.27736	0.378771	2.60987	2.49057	2.73812	2.64263	0.553177	2.6862	3.53641	3.61543	2.56399	1.47276	2.39049	3.72457	3.31213	2.49451	0.527913	2.69244	2.49791	2.40284	2.82446	0.660494	2.52508	3.61295	3.48211	2.52125	0.75728	2.56854	3.61937	2.43217	3.57834	0.558684	2.40974	5.49002	3.29007	2.50529	0.42049	3.53724	3.55566	3.63442	3.52289	0.338085	2.49655	3.42736	3.77251</FloatingPoint>
				<FloatingPoint size="20">	0.915188	0.160533	0.975666	0.896866	0.410739	0.494316	0.807313	0.997025	0.676171	0.82537	0.382106	0.396286	0.988988	0.640346	0.255419	0.95455	0.953739	0.373136	0.767161	0.882714</FloatingPoint>
			</Individual>
			<Individual size="2">
				<FitnessMax value="2.69156"/>
				<FloatingPoint size="50">	5.37065	3.61001	3.53392	5.21984	5.61676	3.27735	0.286803	2.60859	2.55931	2.73831	2.64252	0.536177	2.68413	3.53607	3.27536	2.47863	1.50372	2.39065	3.7224	3.31083	2.49385	0.528999	2.69126	2.5316	2.38921	2.82392	0.6438	2.52575	3.61311	3.48008	2.52117	0.757266	2.5667	3.59298	2.44163	3.6214	0.53602	2.41007	5.48808	3.23586	2.50583	0.43015	3.51911	3.55992	3.65638	3.52995	0.284723	2.49118	3.42751	3.70968</FloatingPoint>
				<FloatingPoint size="20">	0.891351	0.333345	0.975815	0.896874	0.410778	0.494307	0.461043	0.997024	0.67617	0.825368	0.3821	0.395349	0.989572	0.641142	0.461743	0.954136	0.953904	0.333098	0.754781	0.882623</FloatingPoint>
			</Individual>
			<Individual size="2">
				<FitnessMax value="2.69156"/>
				<FloatingPoint size="50">	5.36962	3.60918	3.57389	5.21991	5.63978	3.27735	0.389847	2.60826	2.55914	2.73853	2.64243	0.528341	2.68411	3.53775	3.27536	2.51197	1.5092	2.39051	3.72201	3.3109	2.49366	0.529073	2.69016	2.50058	2.40002	2.82397	0.635343	2.52508	3.61298	3.47997	2.52116	0.757174	2.56527	3.60038	2.43387	3.60951	0.560305	2.40966	5.48852	3.23409	2.50577	0.392481	3.51897	3.56281	3.64722	3.53042	0.34742	2.49035	3.42754	3.72621</FloatingPoint>
				<FloatingPoint size="20">	0.876233	0.373555	0.975249	0.895142	0.410719	0.494315	0.768682	0.997024	0.676169	0.825368	0.382105	0.396294	0.989099	0.640377	0.595475	0.954514	0.953806	0.349985	0.712362	0.882702</FloatingPoint>
			</Individual>
			<Individual size="2">
				<FitnessMax value="2.69156"/>
				<FloatingPoint size="50">	5.37275	3.61045	3.56446	5.22257	5.63767	3.27735	0.387119	2.60621	2.55918	2.73517	2.64297	0.517479	2.67286	3.5368	3.27532	2.57819	1.51494	2.39497	3.72326	3.30494	2.49684	0.528987	2.6905	2.66436	2.40322	2.82023	0.669728	2.52375	3.61314	3.48006	2.52148	0.757391	2.56744	3.69535	2.39973	3.62892	0.566439	2.40885	5.50159	3.21594	2.50591	0.371934	3.51643	3.56672	3.66588	3.52242	0.343091	2.48912	3.4275	3.69311</FloatingPoint>
				<FloatingPoint size="20">	0.880841	0.367511	0.975861	0.896101	0.41075	0.494314	0.601292	0.997024	0.67617	0.825368	0.382106	0.396286	0.989035	0.641088	0.48711	0.95392	0.953985	0.318142	0.711979	0.882697</FloatingPoint>
			</Individual>
			<Individual size="2">
				<FitnessMax value="2.69156"/>
				<FloatingPoint size="50">	5.36907	3.6121	3.46875	5.22498	5.49338	3.27736	0.386615	2.60613	2.56066	2.73127	2.6433	0.520561	2.64555	3.53544	3.27536	2.59204	1.49559	2.38931	3.72567	3.30168	2.49769	0.529074	2.69459	2.5236	2.40206	2.81971	0.715278	2.5268	3.61296	3.48034	2.52182	0.757858	2.57126	3.66231	2.47061	3.64937	0.53369	2.41142	5.50989	3.28847	2.50628	0.412282	3.51793	3.55855	3.67014	3.52947	0.24253	2.49764	3.4276	3.66105</FloatingPoint>
				<FloatingPoint size="20">	0.91017	0.360774	0.98007	0.893674	0.410806	0.494306	0.54589	0.997024	0.676169	0.825366	0.382099	0.396218	0.98905	0.640955	0.563251	0.953922	0.953907	0.312353	0.749693	0.882594</FloatingPoint>
			</Individual>
			<Individual size="2">
				<FitnessMax value="2.69156"/>
				<FloatingPoint size="50">	5.36962	3.60918	3.57389	5.21991	5.63978	3.27735	0.389847	2.60826	2.55914	2.73853	2.64243	0.528341	2.68411	3.53775	3.27536	2.51197	1.5092	2.39051	3.72201	3.3109	2.49366	0.529073	2.69016	2.50058	2.40002	2.82397	0.635343	2.52508	3.61298	3.47997	2.52116	0.757174	2.56527	3.60038	2.43387	3.60951	0.560305	2.40966	5.48852	3.23409	2.50577	0.392481	3.51897	3.56281	3.64722	3.53042	0.34742	2.49035	3.42754	3.72621</FloatingPoint>
				<FloatingPoint size="20">	0.888822	0.275814	0.975702	0.896078	0.410746	0.494308	0.786031	0.997024	0.676169	0.825368	0.382106	0.395795	0.989075	0.640398	0.557134	0.954365	0.971263	0.325168	0.736395	0.882681</FloatingPoint>
			</Individual>
			<Individual size="2">
				<FitnessMax value="2.64044"/>
				<FloatingPoint size="50">	5.36919	3.61236	3.5583	5.21988	6.07463	3.27736	0.389538	2.60711	2.55929	2.73936	2.64275	0.530934	2.68579	3.53803	3.27542	2.45083	1.50709	2.3904	3.72369	3.3112	2.49327	0.529158	2.6902	2.58682	2.34654	2.81247	0.56971	2.52633	3.61297	3.48044	2.52074	0.757162	2.56626	3.57907	2.49053	3.61265	0.556254	2.41028	5.48841	3.24369	2.50591	0.392528	3.51564	3.56066	3.64723	3.53162	0.309366	2.4911	3.42756	3.7411</FloatingPoint>
				<FloatingPoint size="20">	0.903601	0.368063	0.975666	0.896018	0.410738	0.4943	0.360824	0.997023	0.676169	0.825367	0.382106	0.396122	0.989055	0.640346	0.582757	0.954454	0.95315	0.348044	0.743344	0.882706</FloatingPoint>
			</Individual>
			<Individual size="2">
				<FitnessMax value="2.69156"/>
				<FloatingPoint size="50">	5.37298	3.61228	3.48639	5.22064	5.58399	3.27735	0.353754	2.60818	2.56043	2.74091	2.64298	0.546453	2.68554	3.53501	3.27537	2.52609	1.52489	2.38582	3.72636	3.31002	2.49496	0.52903	2.69185	2.63369	2.39138	2.82134	0.640282	2.52543	3.61292	3.48223	2.52151	0.757356	2.56829	3.65514	2.25276	3.61278	0.486155	2.40999	5.48591	3.26865	2.50554	0.387809	3.52482	3.5553	3.66193	3.52671	0.304709	2.49744	3.4275	3.67991</FloatingPoint>
				<FloatingPoint size="20">	0.894745	0.254023	0.975666	0.896865	0.41081	0.494297	0.287119	0.997025	0.67617	0.82537	0.382101	0.395496	0.989025	0.641259	0.311954	0.954219	0.953866	0.358303	0.755779	0.88264</FloatingPoint>
			</Individual>
			<Individual size="2">
				<FitnessMax value="2.62454"/>
				<FloatingPoint size="50">	5.37277	3.61239	3.54382	5.21982	5.55978	3.27736	0.389345	2.60726	2.55944	2.73872	2.64247	0.52969	2.68587	3.53705	3.2754	2.50871	1.50121	2.39189	3.72424	3.30736	2.49424	0.529089	2.6917	2.57801	2.35568	2.8144	0.57197	2.52538	3.61293	3.48069	2.52112	0.757287	2.56945	3.66823	2.49157	3.61088	0.550893	6.21967	5.48977	3.25138	2.50594	0.414733	3.51739	3.55873	3.64173	3.5302	0.305714	2.49125	3.42755	3.68418</FloatingPoint>
				<FloatingPoint size="20">	0.890038	0.393665	0.975666	0.895678	0.410738	0.494297	0.166764	0.997023	0.676169	0.825367	0.382106	0.394637	0.98905	0.640348	0.377879	0.954356	0.952672	0.318836	0.746154	0.882706</FloatingPoint>
			</Individual>
			<Individual size="2">
				<FitnessMax value="2.72483"/>
				<FloatingPoint size="50">	5.37274	3.61298	3.49413	5.22296	5.55009	3.27735	0.387621	2.60837	2.56052	2.74206	2.64337	0.516211	2.69079	3.53648	3.27545	2.59568	1.51902	2.3783	3.72351	3.3107	2.48609	0.529389	2.6978	2.6854	2.40293	2.80487	0.705111	2.53142	3.61321	3.4908	2.52084	0.758001	2.57074	3.71611	2.40358	3.64324	0.232907	2.40942	5.46754	3.22623	2.5051	0.370959	3.51398	3.56997	3.67601	3.52012	0.313252	2.49289	3.42738	3.58733</FloatingPoint>
				<FloatingPoint size="20">	0.915188	0.160533	0.975666	0.896866	0.410739	0.494316	0.807313	0.997025	0.676171	0.82537	0.382106	0.396286	0.988988	0.640346	0.255419	0.95455	0.953739	0.373136	0.767161	0.882714</FloatingPoint>
			</Individual>
			<Individual size="2">
				<FitnessMax value="2.69156"/>
				<FloatingPoint size="50">	5.36907	3.61237	3.52825	5.21987	5.55196	3.27736	0.389189	2.60756	2.5592	2.73937	2.64217	0.531637	2.68623	3.53494	3.27535	2.51277	1.47222	2.39143	3.7245	3.31277	2.49319	0.529098	2.69012	2.58739	2.34436	2.81545	0.617633	2.52651	3.61299	3.48136	2.52071	0.757237	2.57124	3.68113	2.4704	3.61596	0.519669	2.41029	5.47786	3.22151	2.506	0.588071	3.53399	3.55906	3.65841	3.51919	0.302862	2.49629	3.42749	3.75983</FloatingPoint>
				<FloatingPoint size="20">	0.911846	0.52462	0.976889	0.896111	0.410805	0.494311	0.610338	0.997024	0.676169	0.825368	0.382095	0.395052	0.989914	0.637906	0.492089	0.954258	0.952624	0.27627	0.742561	0.865978</FloatingPoint>
			</Individual>
			<Individual size="2">
				<FitnessMax value="2.69156"/>
				<FloatingPoint size="50">	5.37278	3.61059	3.50861	5.2222	5.63709	3.27735	0.396104	2.60812	2.55924	2.73558	2.64247	0.51733	2.67096	3.53668	3.27533	2.57654	1.50972	2.39461	3.7229	3.30899	2.4968	0.529014	2.69046	2.68148	2.40531	2.8203	0.668167	2.52456	3.61299	3.48004	2.52153	0.757327	2.56741	3.62552	2.39656	3.6339	0.560687	2.40968	5.52406	3.25858	2.50591	0.420937	3.51532	3.56157	3.64317	3.52208	0.339283	2.49268	3.42748	3.70516</FloatingPoint>
				<FloatingPoint size="20">	0.91024	0.303508	0.975666	0.896871	0.410774	0.494306	0.459554	0.997024	0.676169	0.825369	0.382104	0.395891	0.98903	0.6408	0.426458	0.954341	0.95384	0.330642	0.761006	0.882668</FloatingPoint>
			</Individual>
			<Individual size="2">
				<FitnessMax value="2.72483"/>
				<FloatingPoint size="50">	5.37277	3.6118	3.50339	5.21695	5.55008	3.27735	0.40082	2.61414	2.56053	2.74176	2.64337	0.517722	2.6908	3.53666	3.27538	2.5939	1.52102	2.39529	3.72056	3.31973	2.49551	0.528588	2.69265	2.35242	2.40282	2.83636	0.64073	2.51919	3.61321	3.47862	2.52226	0.757195	2.56557	3.64179	2.40047	3.5561	0.566412	2.40764	5.47813	3.22616	2.50498	0.362411	3.54429	3.55013	3.67558	3.51685	0.363075	2.49574	3.42722	3.76908</FloatingPoint>
				<FloatingPoint size="20">	0.874303	0.347514	0.975666	0.896858	0.410738	0.494316	0.781359	0.997024	0.676169	0.825368	0.382106	0.396286	0.989101	0.640352	0.594513	0.954516	0.953803	0.352556	0.711979	0.882715</FloatingPoint>
			</Individual>
			<Individual size="2">
				<FitnessMax value="2.69156"/>
				<FloatingPoint size="50">	5.37274	3.61298	3.49413	5.22296	5.55009	3.27735	0.387621	2.60837	2.56052	2.74206	2.64337	0.516211	2.69079	3.53648	3.27545	2.59568	1.51902	2.3783	3.72351	3.3107	2.48609	0.529389	2.6978	2.6854	2.40293	2.80487	0.705111	2.53142	3.61321	3.4908	2.52084	0.758001	2.57074	3.71611	2.40358	3.64324	0.232907	2.40942	5.46754	3.22623	2.5051	0.370959	3.51398	3.56997	3.67601	3.52012	0.313252	2.49289	3.42738	3.58733</FloatingPoint>
				<FloatingPoint size="20">	0.915188	0.160533	0.975666	0.896866	0.410739	0.494316	0.807313	0.997025	0.676171	0.825368	0.382106	0.394666	0.989052	0.640419	0.563645	0.954542	0.999901	0.307093	0.760526	0.882662</FloatingPoint>
			</Individual>
			<Individual size="2">
				<FitnessMax value="2.69156"/>
				<FloatingPoint size="50">	5.37289	3.61282	3.49231	5.2212	5.559	3.27735	0.35607	2.60819	2.5605	2.74197	2.64302	0.544312	2.6859	3.53575	3.27542	2.56697	1.52116	2.38131	3.72481	3.31021	2.4861	0.529315	2.69515	2.639	2.39325	2.8156	0.697777	2.53072	3.61315	3.48806	2.52134	0.757464	2.56939	3.65619	2.31434	3.61845	0.371336	2.40971	5.48177	3.25849	2.50536	0.382328	3.52146	3.56222	3.67353	3.52039	0.305213	2.49535	3.42743	3.62407</FloatingPoint>
				<FloatingPoint size="20">	0.894745	0.254023	0.975666	0.896865	0.41081	0.494297	0.287119	0.997025	0.67617	0.82537	0.382101	0.395496	0.989025	0.641259	0.311954	0.954219	0.953866	0.358303	0.755779	0.88264</FloatingPoint>
			</Individual>
			<Individual size="2">
				<FitnessMax value="2.69156"/>
				<FloatingPoint size="50">	5.37274	3.61298	3.49413	5.22296	5.55009	3.27735	0.387621	2.60837	2.56052	2.74206	2.64337	0.516211	2.69079	3.53648	3.27545	2.59568	1.51902	2.3783	3.72351	3.3107	2.48609	0.529389	2.6978	2.6854	2.40293	2.80487	0.705111	2.53142	3.61321	3.4908	2.52084	0.758001	2.57074	3.71611	2.40358	3.64324	0.232907	2.40942	5.46754	3.22623	2.5051	0.370959	3.51398	3.56997	3.67601	3.52012	0.313252	2.49289	3.42738	3.58733</FloatingPoint>
				<FloatingPoint size="20">	0.915188	0.160533	0.975666	0.896866	0.410775	0.494293	0.644626	0.997024	0.676171	0.825368	0.382097	0.393761	0.989073	0.640419	0.512006	0.954542	0.953857	0.307093	0.754415	0.882518</FloatingPoint>
			</Individual>
			<Individual size="2">
				<FitnessMax value="2.69156"/>
				<FloatingPoint size="50">	5.37277	3.61303	3.49281	5.22059	5.5611	3.27736	0.261803	2.60833	2.56008	2.74138	2.64303	0.547876	2.68648	3.53695	3.27544	2.57778	1.49732	2.38772	3.7239	3.31033	2.49367	0.529025	2.69106	2.54839	2.39292	2.8218	0.608442	2.52618	3.61311	3.48284	2.52155	0.75731	2.56855	3.6272	2.44068	3.60979	0.475335	2.40999	5.48466	3.22813	2.50587	0.515772	3.52706	3.55959	3.65906	3.52705	0.309141	2.49724	3.42742	3.72371</FloatingPoint>
				<FloatingPoint size="20">	0.894745	0.254023	0.975666	0.896865	0.41081	0.494297	0.287119	0.997025	0.67617	0.82537	0.382101	0.395496	0.989025	0.641259	0.311954	0.954219	0.953866	0.358303	0.755779	0.88264</FloatingPoint>
			</Individual>
			<Individual size="2">
				<FitnessMax value="2.69156"/>
				<FloatingPoint size="50">	5.37275	3.61153	3.51369	5.22267	5.55937	3.27736	0.387799	2.60775	2.56008	2.73805	2.64304	0.521488	2.67586	3.536	3.27538	2.58479	1.48586	2.38708	3.72541	3.30769	2.49744	0.529018	2.69307	2.58273	2.39881	2.82344	0.694611	2.52349	3.61297	3.48053	2.52166	0.757386	2.56828	3.67767	2.46422	3.59766	0.522317	2.41029	5.49512	3.25409	2.50597	0.404526	3.52597	3.55894	3.6294	3.5261	0.335031	2.49537	3.42764	3.68189</FloatingPoint>
				<FloatingPoint size="20">	0.899959	0.189342	0.976104	0.896906	0.410771	0.494301	0.801379	0.997024	0.676169	0.825368	0.382106	0.395353	0.989053	0.640417	0.523213	0.954233	0.986708	0.303213	0.757658	0.882662</FloatingPoint>
			</Individual>
			<Individual size="2">
				<FitnessMax value="2.69156"/>
				<FloatingPoint size="50">	5.37082	3.6101	3.54388	5.21914	5.59884	3.27735	0.262143	2.60866	2.55939	2.73757	2.64227	0.532077	2.68211	3.53592	3.27536	2.4566	1.50329	2.39878	3.72253	3.31085	2.49362	0.528868	2.68619	2.51075	2.38649	2.82809	0.644402	2.52488	3.61308	3.47809	2.52127	0.75714	2.56724	3.61171	2.44794	3.62515	0.550893	2.41019	5.49213	3.23566	2.50568	0.438497	3.51925	3.55783	3.65367	3.5298	0.27209	2.49112	3.42753	3.7074</FloatingPoint>
				<FloatingPoint size="20">	0.904755	0.385365	0.975725	0.896515	0.410753	0.494294	0.475464	0.997024	0.676169	0.825368	0.382097	0.395454	0.989034	0.633729	0.299878	0.954328	0.952423	0.274978	0.746558	0.859535</FloatingPoint>
			</Individual>
			<Individual size="2">
				<FitnessMax value="2.69156"/>
				<FloatingPoint size="50">	5.37274	3.61298	3.49413	5.22296	5.55009	3.27735	0.387621	2.60837	2.56052	2.74206	2.64337	0.516211	2.69079	3.53648	3.27545	2.59568	1.51902	2.3783	3.72351	3.3107	2.48609	0.529389	2.6978	2.6854	2.40293	2.16847	0.705111	2.53142	3.61321	3.4908	2.52084	0.758001	2.57074	3.71611	2.40358	3.64324	0.232907	2.40942	5.46754	3.22623	2.5051	0.370959	3.51398	3.56997	3.67601	3.52012	0.313252	2.49289	3.42738	3.58733</FloatingPoint>
				<FloatingPoint size="20">	0.915188	0.160533	0.975666	0.896866	0.410739	0.494316	0.807313	0.997025	0.676171	0.825368	0.382106	0.394666	0.989052	0.640419	0.563645	0.954542	0.999901	0.307093	0.760526	0.882662</FloatingPoint>
			</Individual>
			<Individual size="2">
				<FitnessMax value="2.69156"/>
				<FloatingPoint size="50">	5.37037	3.61186	3.52954	5.2216	5.56781	3.27736	0.25593	2.60889	2.55957	2.73818	2.64131	0.566962	2.62929	3.53011	3.27533	2.52762	1.47241	2.38814	3.72644	3.31073	2.49656	0.529012	2.69218	2.54087	2.40478	2.81877	0.687498	2.52532	3.61281	3.4807	2.54365	0.75717	2.56948	3.65747	2.77954	3.59279	0.489123	2.41	5.48608	3.25451	2.50595	0.426346	3.52016	3.55678	3.60446	3.52936	0.243307	2.50127	3.42753	3.71263</FloatingPoint>
				<FloatingPoint size="20">	0.87716	0.352993	0.978754	0.896877	0.410738	0.494289	0.67352	0.997024	0.676169	0.825368	0.382098	0.396178	0.989099	0.640379	0.540961	0.954503	0.953805	0.349935	0.744604	0.882652</FloatingPoint>
			</Individual>
			<Individual size="2">
				<FitnessMax value="2.69156"/>
				<FloatingPoint size="50">	5.37237	3.61193	3.51047	5.2214	5.55892	3.27736	0.329059	2.60813	2.56007	2.73886	2.64302	0.538418	2.68094	3.53621	3.27539	2.55538	1.49274	2.38814	3.72476	3.30829	2.49567	0.529015	2.69222	2.56719	2.39451	2.82246	0.660594	2.52528	3.61306	3.48121	2.52171	0.757386	2.56839	3.64342	2.45408	3.60773	0.513691	2.41025	5.49063	3.24568	2.50591	0.44405	3.52458	3.55926	3.64552	3.52629	0.311596	2.49528	3.42755	3.69903</FloatingPoint>
				<FloatingPoint size="20">	0.925735	0.373108	0.978877	0.892798	0.410763	0.494314	0.618071	0.997024	0.676169	0.825367	0.382097	0.393761	0.989073	0.642147	0.512006	0.95422	0.953963	0.291168	0.752989	0.882518</FloatingPoint>
			</Individual>
			<Individual size="2">
				<FitnessMax value="2.69156"/>
				<FloatingPoint size="50">	5.37274	3.58458	3.55725	5.22142	5.57164	3.27735	0.386121	2.60878	2.42399	2.73676	2.64215	0.533752	2.67816	3.53654	3.27533	2.54685	1.47504	2.38982	3.7244	3.30584	2.49302	0.527312	2.69233	2.59653	2.40383	2.82236	0.685449	2.52619	3.61306	3.48359	2.52094	0.757423	2.56986	3.60707	2.40754	3.59037	0.592704	2.41156	5.49375	3.31255	2.50556	0.455854	3.53491	3.56018	3.6158	3.5282	0.302355	2.49769	3.42741	3.81392</FloatingPoint>
				<FloatingPoint size="20">	0.903953	0.365466	0.975666	0.896869	0.410738	0.494316	0.684063	0.997024	0.676169	0.825368	0.382106	0.396286	0.989068	0.640346	0.586567	0.954478	0.953815	0.455963	0.742323	0.882704</FloatingPoint>
			</Individual>
			<Individual size="2">
				<FitnessMax value="2.69156"/>
				<FloatingPoint size="50">	5.37065	3.61298	3.49413	5.22296	5.55009	3.27735	0.387621	2.60837	2.56052	2.74206	2.64337	0.516211	2.69079	3.53648	3.27545	2.59568	1.51902	2.3783	3.72351	3.3107	2.48609	0.529389	2.6978	2.6854	2.40293	2.80487	0.705111	2.53142	3.61321	3.4908	2.93296	0.758001	2.57074	3.71611	2.40358	3.64324	0.232907	2.40942	5.46754	3.22623	2.5051	0.370959	3.51398	3.56997	3.67601	3.52012	0.313252	2.49289	3.42738	3.58733</FloatingPoint>
				<FloatingPoint size="20">	0.862755	0.384846	0.976632	0.896833	0.410783	0.494304	0.630533	0.997023	0.676169	0.825369	0.382099	0.395121	0.989087	0.636896	0.385932	0.954255	0.952894	0.289795	0.763936	0.893139</FloatingPoint>
			</Individual>
			<Individual size="2">
				<FitnessMax value="2.69156"/>
				<FloatingPoint size="50">	5.37278	3.61059	3.50861	5.2222	5.63709	3.27735	0.396104	2.60812	2.55924	2.73558	2.64247	0.51733	2.67096	3.53668	3.27533	2.57654	1.50972	2.39461	3.7229	3.30899	2.4968	0.529014	2.69046	2.68148	2.40531	2.8203	0.668167	2.52456	3.61299	3.48004	2.52153	0.757327	2.56741	3.62552	2.39656	3.6339	0.560687	2.40968	5.52406	3.25858	2.50591	0.420937	3.51532	3.56157	3.64317	3.52208	0.339283	2.49268	3.42748	3.70516</FloatingPoint>
				<FloatingPoint size="20">	0.925735	0.352993	0.975666	0.896877	0.410738	0.494316	0.63199	0.997024	0.676169	0.825368	0.382106	0.396286	0.989035	0.640341	0.540961	0.954462	0.953815	0.30298	0.766233	0.882697</FloatingPoint>
			</Individual>
			<Individual size="2">
				<FitnessMax value="2.69156"/>
				<FloatingPoint size="50">	5.36907	3.61077	3.46706	5.22157	5.5746	3.27736	0.261321	2.6096	2.56059	2.73848	2.64184	0.570465	2.66933	3.535	3.27534	2.53997	1.45785	2.39099	3.72472	3.30993	2.4963	0.528753	2.69208	2.52138	2.39103	2.82162	0.643479	2.52576	3.61281	3.48065	2.52155	0.757193	2.56927	3.62549	2.56466	3.58962	0.487118	2.41024	5.4912	3.28558	2.50592	0.422874	3.51922	3.55718	3.62225	3.52896	0.308072	2.49641	3.42753	3.72344</FloatingPoint>
				<FloatingPoint size="20">	0.915188	0.160533	0.975666	0.896866	0.410739	0.494315	0.807313	0.997025	0.676171	0.82537	0.382106	0.396286	0.98903	0.640873	0.490771	0.95444	0.953765	0.331049	0.744239	0.882423</FloatingPoint>
			</Individual>
			<Individual size="2">
				<FitnessMax value="2.69156"/>
				<FloatingPoint size="50">	5.37274	3.61298	3.49413	5.22296	5.55009	3.27735	0.387621	2.60837	2.56052	2.74206	2.64337	0.516211	2.69079	3.53648	3.27545	2.59568	1.51902	2.3783	3.72351	3.3107	2.48609	0.529024	2.693	2.57495	2.40314	2.81639	0.69844	2.53053	3.61325	3.48289	2.52177	0.757734	2.57043	3.60538	2.42279	3.63918	0.501347	2.4112	5.48951	3.26224	2.50572	0.384309	3.5168	3.55457	3.71679	3.52518	0.295556	2.49718	3.42755	3.6394</FloatingPoint>
				<FloatingPoint size="20">	0.915188	0.160533	0.975666	0.896866	0.410739	0.494316	0.807313	0.997025	0.676171	0.825368	0.382106	0.394666	0.989052	0.640419	0.563645	0.954542	0.999901	0.307093	0.760526	0.882662</FloatingPoint>
			</Individual>
			<Individual size="2">
				<FitnessMax value="2.69156"/>
				<FloatingPoint size="50">	5.36919	3.61236	3.5583	5.21988	5.55186	3.27736	0.389538	2.60711	2.55929	2.73936	2.64275	0.530934	2.68579	3.53803	3.27542	2.45083	1.50709	2.3904	3.72369	3.3112	2.49327	0.529158	2.6902	2.58682	2.34654	2.81247	0.56971	2.52633	3.61297	3.48044	2.52074	0.757162	2.56626	3.57907	2.49053	3.61265	0.556254	2.41028	5.48841	3.24369	2.50591	0.392528	3.51564	3.56066	3.64723	3.53162	0.309366	2.4911	3.42756	3.7411</FloatingPoint>
				<FloatingPoint size="20">	0.889294	0.356688	0.976016	0.896462	0.41078	0.494304	0.61813	0.997024	0.676169	0.825368	0.382106	0.395938	0.989059	0.640348	0.567635	0.954349	0.953841	0.333361	0.740896	0.882683</FloatingPoint>
			</Individual>
			<Individual size="2">
				<FitnessMax value="2.53274"/>
				<FloatingPoint size="50">	5.36962	3.61184	3.49359	5.22605	5.5502	3.27735	0.387469	2.60637	2.56008	2.73112	2.64316	0.519475	2.66864	3.53564	3.27518	2.57743	1.5161	2.39543	5.43692	3.30868	2.4971	0.529107	2.69297	2.66287	2.39604	2.80391	0.693976	2.52787	3.61316	3.48031	2.52164	0.757882	2.57206	3.69647	2.42782	3.67191	0.534142	2.40929	5.49281	3.22571	2.50629	0.459479	3.51911	3.58233	3.67586	3.52007	0.20478	2.49297	3.42744	3.66062</FloatingPoint>
				<FloatingPoint size="20">	0.882999	0.30687	0.975666	0.896877	0.410806	0.494296	0.304859	0.997025	0.676169	0.825369	0.382101	0.394774	0.989026	0.640678	0.320579	0.954281	0.953918	0.325354	0.746396	0.882671</FloatingPoint>
			</Individual>
			<Individual size="2">
				<FitnessMax value="2.69156"/>
				<FloatingPoint size="50">	5.37065	3.61001	3.53392	5.21984	5.61676	3.27735	0.286803	2.60859	2.55931	2.73831	2.64252	0.536177	2.68413	3.53607	3.27536	2.47863	1.50372	2.39065	3.7224	3.31083	2.49385	0.528999	2.69126	2.5316	2.38921	2.82392	0.6438	2.52575	3.61311	3.48008	2.52117	0.757266	2.5667	3.59298	2.44163	3.6214	0.53602	2.41007	5.48808	3.23586	2.50583	0.43015	3.51911	3.55992	3.65638	3.52995	0.284723	2.49118	3.42751	3.70968</FloatingPoint>
				<FloatingPoint size="20">	0.904755	0.385365	0.975725	0.896515	0.410753	0.494294	0.475464	0.997024	0.676169	0.825368	0.382097	0.395454	0.989034	0.633729	0.299878	0.954328	0.952423	0.274978	0.746558	0.859535</FloatingPoint>
			</Individual>
			<Individual size="2">
				<FitnessMax value="2.69156"/>
				<FloatingPoint size="50">	5.37274	3.58203	3.56321	5.22098	5.57366	3.27735	0.386162	2.60908	2.41122	2.73729	2.64203	0.535158	2.68271	3.53659	3.27535	2.54212	1.47094	2.38927	3.7245	3.30682	2.49263	0.527144	2.69225	2.58754	2.40387	2.82411	0.682799	2.52586	3.61304	3.48391	2.52087	0.757378	2.56958	3.59866	2.40828	3.58226	0.595204	2.41178	5.49206	3.3206	2.50549	0.464006	3.53694	3.55799	3.61017	3.52886	0.311891	2.49816	3.42741	3.83525</FloatingPoint>
				<FloatingPoint size="20">	0.925257	0.307666	0.975667	0.896865	0.410815	0.494293	0.469789	0.997024	0.676169	0.825508	0.3821	0.396897	0.989052	0.640779	0.542872	0.954164	0.953873	0.329196	0.723767	0.882588</FloatingPoint>
			</Individual>
			<Individual size="2">
				<FitnessMax value="2.69156"/>
				<FloatingPoint size="50">	5.37275	3.61045	3.56446	5.22257	5.63767	3.27735	0.387119	2.60621	2.55918	2.73517	2.64297	0.517479	2.67286	3.5368	3.27532	2.57819	1.51494	2.39497	3.72326	3.30494	2.49684	0.528987	2.6905	2.66436	2.40322	2.82023	0.669728	2.52375	3.61314	3.48006	2.52148	0.757391	2.56744	3.69535	2.39973	3.62892	0.566439	2.40885	5.50159	3.21594	2.50591	0.371934	3.51643	3.56672	3.66588	3.52242	0.343091	2.48912	3.4275	3.69311</FloatingPoint>
				<FloatingPoint size="20">	0.906799	0.357379	0.977827	0.895106	0.41075	0.494307	0.617862	0.997024	0.676169	0.825368	0.382099	0.396165	0.989072	0.641066	0.51983	0.954479	0.953806	0.336518	0.73996	0.882626</FloatingPoint>
			</Individual>
			<Individual size="2">
				<FitnessMax value="2.69156"/>
				<FloatingPoint size="50">	5.37275	3.613	3.49347	5.22178	5.55559	3.27735	0.324712	2.60835	2.5603	2.74172	2.6432	0.532044	2.68864	3.53672	3.27544	2.58673	1.50817	2.38301	3.7237	3.31051	2.48988	0.529207	2.69443	2.6169	2.39793	2.81334	0.656776	2.52602	3.61308	3.48338	2.52121	0.757344	2.56907	3.61293	2.42448	3.59602	0.535269	2.41089	5.48836	3.27436	2.50568	0.489889	3.90891	3.55879	3.63462	3.52796	0.310516	2.4977	3.42742	3.77948</FloatingPoint>
				<FloatingPoint size="20">	0.91024	0.366535	0.978983	0.888884	0.410845	0.494292	0.585064	0.997024	0.676169	0.825369	0.382096	0.395471	0.989049	0.641251	0.567619	0.954378	0.953783	0.32287	0.753394	0.882312</FloatingPoint>
			</Individual>
			<Individual size="2">
				<FitnessMax value="2.69156"/>
				<FloatingPoint size="50">	5.36907	3.61077	3.46706	5.22157	5.5746	3.27736	0.261321	2.6096	2.56059	2.73848	2.64184	0.570465	2.66933	3.535	3.27534	2.53997	1.45785	2.39099	3.72472	3.30993	2.4963	0.528753	2.69208	2.52138	2.39103	2.82162	0.643479	2.52576	3.61281	3.48065	2.52155	0.757193	2.56927	3.62552	2.56466	3.58962	0.487118	2.41024	5.4912	3.28558	2.50592	0.422874	3.51922	3.55718	3.62225	3.52896	0.308072	2.49641	3.42753	3.72344</FloatingPoint>
				<FloatingPoint size="20">	0.874303	0.393665	0.976284	0.895678	0.410786	0.494297	0.166764	0.997024	0.676169	0.825369	0.382099	0.394637	0.98905	0.635837	0.377879	0.954356	0.952672	0.284896	0.746154	0.8723</FloatingPoint>
			</Individual>
			<Individual size="2">
				<FitnessMax value="2.69156"/>
				<FloatingPoint size="50">	5.36962	3.61238	3.49561	5.2193	5.5501	3.27735	0.38613	2.60936	2.56054	2.73722	2.64321	0.565323	2.68573	3.53457	3.27531	2.49855	1.51349	2.38892	3.72472	3.30467	2.49263	0.528999	2.69267	2.5674	2.40316	2.81718	0.697984	2.53047	3.61325	3.48235	2.52184	0.757715	2.57041	3.59781	2.4241	3.6389	0.519698	2.41132	5.49101	3.26471	2.50576	0.385221	3.51699	3.55352	3.71958	3.52552	0.294347	2.49747	3.42756	3.64296</FloatingPoint>
				<FloatingPoint size="20">	0.919383	0.266357	0.978101	0.895885	0.410766	0.494293	0.538078	0.997024	0.676169	0.825369	0.382097	0.395622	0.989026	0.641509	0.333054	0.954123	0.95389	0.353475	0.755657	0.882635</FloatingPoint>
			</Individual>
		</Deme>
	</Population>
</ECF>
