<?xml version="1.0" encoding="ISO-8859-1"?>
<ECF milestone="Mon Jun 18 16:32:11 2018
">
	<Registry>
		<Entry key="1FloatingPoint.dimension">20</Entry>
		<Entry key="1FloatingPoint.lbound">0</Entry>
		<Entry key="1FloatingPoint.ubound">1</Entry>
		<Entry key="FloatingPoint.dimension">50</Entry>
		<Entry key="FloatingPoint.lbound">0</Entry>
		<Entry key="FloatingPoint.ubound">6.99</Entry>
		<Entry key="SteadyStateTournament.tsize">3</Entry>
		<Entry key="batch.logfile_">*</Entry>
		<Entry key="batch.remaining_">0</Entry>
		<Entry key="batch.repeats">1</Entry>
		<Entry key="batch.singlemilestone">1</Entry>
		<Entry key="batch.statsfile">stats/ohlc_bitfinex_btcusd_86400_10_100_0.9_0.7.csv</Entry>
		<Entry key="data.balance">69103.7</Entry>
		<Entry key="data.input">data/train/ohlc_bitfinex_btcusd_86400.csv</Entry>
		<Entry key="data.test">data/test/ohlc_bitfinex_btcusd_86400.csv</Entry>
		<Entry key="fuzzy.langvars">conf/ohlc_bitfinex_btcusd_86400.conf</Entry>
		<Entry key="fuzzy.numrules">10</Entry>
		<Entry key="fuzzy.threshold">0.7</Entry>
		<Entry key="log.frequency">10</Entry>
		<Entry key="log.level">3</Entry>
		<Entry key="milestone.elapsedtime_">252</Entry>
		<Entry key="milestone.filename">milestones/ohlc_bitfinex_btcusd_86400_10_100_0.9_0.7.txt</Entry>
		<Entry key="milestone.generation_">2999</Entry>
		<Entry key="mutation.indprob">0.9</Entry>
		<Entry key="operator.logfile">log/ohlc_bitfinex_btcusd_86400_10_100_0.9_0.7.csv</Entry>
		<Entry key="population.size">100</Entry>
		<Entry key="term.eval">300000</Entry>
		<Entry key="term.maxtime">1800</Entry>
	</Registry>
	<Population size="1">
		<HallOfFame size="1">
			<Individual size="2" gen="643">
				<FitnessMax value="8.37465"/>
				<FloatingPoint size="50">	3.55904	0.86045	3.79247	3.56228	3.40195	2.75974	0.254077	3.23651	3.42418	3.40056	2.95773	0.630521	3.77505	3.28023	3.46773	3.68763	1.75213	3.16715	2.32106	2.55904	3.42173	0.896011	3.45452	5.51644	4.35845	3.21131	0.464358	3.66439	5.11939	5.10782	2.51641	0.742731	3.45249	4.7565	4.44222	3.7795	1.84811	3.16351	2.49205	2.5041	3.73201	0.459643	3.54349	5.17373	5.22773	2.52999	0.382779	3.81392	5.24829	4.32703</FloatingPoint>
				<FloatingPoint size="20">	0.919576	0.853708	0.290091	0.971456	0.904731	0.838282	0.314183	0.844228	0.941073	0.914517	0.375286	0.975479	0.443654	0.99701	0.519192	0.561453	0.45476	0.987768	0.474382	0.939903</FloatingPoint>
			</Individual>
		</HallOfFame>
		<Deme size="100">
			<HallOfFame size="1">
				<Individual size="2" gen="643">
					<FitnessMax value="8.37465"/>
					<FloatingPoint size="50">	3.55904	0.86045	3.79247	3.56228	3.40195	2.75974	0.254077	3.23651	3.42418	3.40056	2.95773	0.630521	3.77505	3.28023	3.46773	3.68763	1.75213	3.16715	2.32106	2.55904	3.42173	0.896011	3.45452	5.51644	4.35845	3.21131	0.464358	3.66439	5.11939	5.10782	2.51641	0.742731	3.45249	4.7565	4.44222	3.7795	1.84811	3.16351	2.49205	2.5041	3.73201	0.459643	3.54349	5.17373	5.22773	2.52999	0.382779	3.81392	5.24829	4.32703</FloatingPoint>
					<FloatingPoint size="20">	0.919576	0.853708	0.290091	0.971456	0.904731	0.838282	0.314183	0.844228	0.941073	0.914517	0.375286	0.975479	0.443654	0.99701	0.519192	0.561453	0.45476	0.987768	0.474382	0.939903</FloatingPoint>
				</Individual>
			</HallOfFame>
			<Individual size="2">
				<FitnessMax value="8.14549"/>
				<FloatingPoint size="50">	3.4542	0.349142	3.61626	3.48	3.55696	2.493	0.566849	3.45499	3.40911	3.63596	2.57775	0.967439	3.33123	3.5204	4.05786	3.58424	1.34509	3.56709	2.55994	2.50836	3.57251	0.657987	3.56197	5.50428	4.54062	3.26816	0.592102	3.64881	5.57955	5.52564	2.49742	0.648944	3.35776	4.41832	4.45736	3.5929	1.35634	3.38597	2.39872	2.26768	3.76128	0.508476	3.40501	5.33433	5.47124	2.50945	0.626579	3.67019	5.53851	4.58198</FloatingPoint>
				<FloatingPoint size="20">	0.852883	0.820276	0.512665	0.875462	0.539335	0.92349	0.392677	0.657348	0.952123	0.922009	0.573568	0.974439	0.662892	0.997862	0.362576	0.591645	0.170982	0.989282	0.303976	0.878953</FloatingPoint>
			</Individual>
			<Individual size="2">
				<FitnessMax value="8.37465"/>
				<FloatingPoint size="50">	3.48864	0.508469	3.6134	3.47669	3.53808	2.43922	0.569098	3.45328	3.40571	3.50671	2.44602	0.643603	3.48849	3.2842	3.00706	3.58209	1.3465	3.55449	2.4393	2.40539	3.57481	0.629575	3.56852	5.46415	4.54105	3.43156	0.573914	3.49561	5.58202	5.56183	2.50698	0.648965	3.36734	4.41229	4.45742	3.59271	1.64803	3.38568	2.39806	2.28029	3.75039	0.461032	3.41498	5.33468	5.46789	2.51202	0.614777	3.67048	5.63174	4.58897</FloatingPoint>
				<FloatingPoint size="20">	0.90877	0.818852	0.471042	0.863367	0.496957	0.930424	0.320731	0.694937	0.9518	0.923439	0.54428	0.974559	0.41717	0.997862	0.415817	0.593695	0.240699	0.989472	0.307055	0.871536</FloatingPoint>
			</Individual>
			<Individual size="2">
				<FitnessMax value="8.37465"/>
				<FloatingPoint size="50">	3.50142	0.491357	3.61506	3.46611	3.53963	2.47816	0.601122	3.45373	3.40532	3.63215	2.44828	0.691314	3.48905	3.48096	3.33876	3.5795	1.34601	3.5584	2.45166	2.48441	3.57309	0.627634	3.56624	5.44105	4.54086	3.49844	0.569324	3.56124	5.52601	5.54913	2.50558	0.648967	3.36372	4.41381	4.45742	3.59848	1.37652	3.38412	2.42634	2.27391	3.75441	0.575354	3.40826	5.33324	5.46819	2.51134	0.619404	3.66992	5.62421	4.58658</FloatingPoint>
				<FloatingPoint size="20">	0.924428	0.814353	0.501809	0.898293	0.665013	0.921235	0.270287	0.700742	0.949956	0.92273	0.614885	0.974257	0.59047	0.997862	0.348005	0.601276	0.252717	0.990924	0.308182	0.868925</FloatingPoint>
			</Individual>
			<Individual size="2">
				<FitnessMax value="8.37465"/>
				<FloatingPoint size="50">	3.49099	0.493376	3.61318	3.4704	3.54023	2.4577	0.581683	3.45268	3.40522	3.60157	2.48917	0.666442	3.46905	3.47172	3.12466	3.57997	1.31432	3.5638	2.44829	2.45939	3.5734	0.634328	3.56765	5.41672	4.54072	3.47425	0.581898	3.52641	5.5724	5.54228	2.50684	0.648975	3.36262	4.41297	4.45741	3.59996	1.57315	3.38498	2.43357	2.27595	3.75498	0.549474	3.39541	5.33126	5.46635	2.51246	0.628229	3.67047	5.59337	4.58629</FloatingPoint>
				<FloatingPoint size="20">	0.915047	0.821061	0.501425	0.820064	0.547358	0.922374	0.317706	0.628542	0.951509	0.923929	0.845538	0.974632	0.991975	0.997862	0.539151	0.585998	0.137178	0.991886	0.285379	0.888733</FloatingPoint>
			</Individual>
			<Individual size="2">
				<FitnessMax value="8.37465"/>
				<FloatingPoint size="50">	3.50431	0.485725	3.61225	3.47401	3.53929	2.38024	0.590058	3.45225	3.40641	3.62702	2.52282	0.60706	3.44604	3.29421	3.52863	3.6173	1.34628	3.55926	2.56252	2.50359	3.57477	0.579253	3.48145	5.35979	4.5409	3.46027	0.611287	3.57928	5.58207	5.55538	2.50468	0.648894	3.36812	4.40795	4.4574	3.59305	1.55159	3.32143	2.41343	2.27708	3.73091	0.434062	3.42616	5.3182	5.46756	2.51512	0.634435	3.67037	5.55195	4.62003</FloatingPoint>
				<FloatingPoint size="20">	0.928851	0.816973	0.466486	0.870396	0.436804	0.952418	0.0946835	0.755349	0.950295	0.923495	0.74812	0.97438	0.860698	0.997862	0.207906	0.607694	0.218548	0.989674	0.321336	0.868801</FloatingPoint>
			</Individual>
			<Individual size="2">
				<FitnessMax value="8.05982"/>
				<FloatingPoint size="50">	3.48891	0.49985	3.60882	3.48378	3.52493	2.50792	0.628167	3.45347	3.42355	3.64585	2.44896	0.843405	3.4162	3.49359	3.28991	3.58026	1.34527	3.56451	2.68125	2.50307	3.56707	0.581586	3.56179	5.36565	4.54021	3.51533	0.535812	3.54045	5.57422	5.5092	2.50561	0.648997	3.35723	4.41429	4.45745	3.60499	1.47832	3.42148	2.46413	2.26979	3.36616	0.629402	3.44001	5.32439	5.46584	2.6075	0.816405	3.67001	5.63079	4.58924</FloatingPoint>
				<FloatingPoint size="20">	0.8999	0.828905	0.507574	0.858542	0.498691	0.925888	0.350376	0.665109	0.951442	0.921807	0.095085	0.974885	0.758259	0.997862	0.347114	0.57434	0.330501	0.461049	0.306321	0.871626</FloatingPoint>
			</Individual>
			<Individual size="2">
				<FitnessMax value="7.74175"/>
				<FloatingPoint size="50">	3.4542	0.464408	3.61146	3.46749	3.49489	2.36523	0.586557	3.45517	3.41053	3.61299	2.54117	0.707974	3.33919	3.482	3.43755	3.58077	1.34538	3.58048	2.5128	2.51972	3.56151	0.543104	3.47212	5.40145	4.5406	3.32991	0.565754	3.57009	5.58163	5.55984	2.49818	0.649057	3.35456	4.40877	4.45737	3.59682	1.36582	3.34036	2.48265	2.2777	6.21034	0.428275	3.47601	5.31851	5.46803	2.51052	0.63826	3.67059	5.62276	4.62406</FloatingPoint>
				<FloatingPoint size="20">	0.928851	0.815024	0.498966	0.877718	0.54457	0.921103	0.350067	0.67652	0.951099	0.922997	0.456613	0.974619	0.39914	0.997862	0.524713	0.600686	0.262164	0.991758	0.330551	0.870357</FloatingPoint>
			</Individual>
			<Individual size="2">
				<FitnessMax value="8.37465"/>
				<FloatingPoint size="50">	3.50889	0.332932	3.61637	3.4631	3.54393	2.50484	0.566852	3.45534	3.40483	3.63177	2.60171	0.773631	3.34254	3.50796	3.31861	3.58317	1.34551	3.56682	2.44651	2.50471	3.56965	0.550498	3.54599	5.46678	4.54043	3.36223	0.241967	3.64195	5.57659	5.54121	2.50218	0.648949	3.34899	4.41277	4.45739	3.59556	1.39555	3.37942	2.41029	2.26607	3.76005	0.674378	3.45093	5.33527	5.46827	2.50941	0.619297	3.67023	5.58465	4.58376</FloatingPoint>
				<FloatingPoint size="20">	0.909325	0.821061	0.501425	0.879785	0.547358	0.922374	0.417741	0.699597	0.951509	0.923929	0.277275	0.974424	0.954884	0.997862	0.220003	0.585998	0.167482	0.991886	0.596675	0.888733</FloatingPoint>
			</Individual>
			<Individual size="2">
				<FitnessMax value="8.37465"/>
				<FloatingPoint size="50">	3.47372	0.501491	3.61151	3.45786	3.48943	2.36286	0.566825	3.45465	3.40631	3.60959	2.54691	0.539202	3.27776	3.46876	3.54385	3.58364	1.34533	3.60781	2.39964	2.53767	3.57661	0.541728	3.36002	5.2777	4.54093	3.41767	0.625698	3.60842	5.58211	5.56888	2.48548	0.649097	3.3611	4.40656	4.45737	3.59265	1.01605	3.2762	2.49693	2.27851	3.70411	0.349961	3.50121	5.30689	5.4682	2.50999	0.64922	3.67073	5.63761	4.67491</FloatingPoint>
				<FloatingPoint size="20">	0.894793	0.826438	0.846314	0.862899	0.53531	0.93294	0.213755	0.671678	0.95151	0.921421	0.414642	0.974554	0.687089	0.997862	0.445181	0.608252	0.233165	0.988321	0.302077	0.869594</FloatingPoint>
			</Individual>
			<Individual size="2">
				<FitnessMax value="8.37465"/>
				<FloatingPoint size="50">	3.49401	0.490696	3.61652	3.47691	3.53808	2.48314	0.568128	3.4535	3.40552	3.56731	2.44741	0.606915	3.48342	3.2865	3.20964	3.5822	1.34612	3.57224	2.4228	2.49602	3.57506	0.635198	3.57515	5.49229	4.54114	3.41559	0.575394	3.53239	5.582	5.56554	2.50721	0.648966	3.36314	4.41483	4.45737	3.59281	1.65218	3.38571	2.3986	2.2608	3.75828	0.799025	3.40747	5.33928	5.46663	2.51018	0.604576	3.67037	5.56779	4.58898</FloatingPoint>
				<FloatingPoint size="20">	0.916184	0.819291	0.504765	0.877817	0.586185	0.922706	0.196551	0.697822	0.950967	0.924044	0.56373	0.97474	0.461408	0.997862	0.905501	0.582879	0.257796	0.989845	0.29747	0.868221</FloatingPoint>
			</Individual>
			<Individual size="2">
				<FitnessMax value="8.37465"/>
				<FloatingPoint size="50">	3.47372	0.501491	3.61151	3.45786	3.48943	2.36286	0.566825	3.45465	3.40631	3.60959	2.54691	0.539202	3.32846	3.46876	3.54385	3.58364	1.34533	3.60781	2.39964	2.53767	3.57661	0.541728	3.36002	5.2777	4.54093	3.41767	0.625698	3.60842	5.58211	5.56888	2.48548	0.649097	3.3611	4.40656	4.45737	3.59265	1.01605	3.2762	2.49693	2.27851	3.70411	0.349961	3.50121	5.30689	5.4682	2.50999	0.64922	3.67073	5.63761	4.67491</FloatingPoint>
				<FloatingPoint size="20">	0.911269	0.817498	0.479731	0.867596	0.457033	0.942573	0.170683	0.700267	0.950338	0.923976	0.650149	0.97436	0.705956	0.997862	0.504524	0.612067	0.236055	0.985787	0.291699	0.868815</FloatingPoint>
			</Individual>
			<Individual size="2">
				<FitnessMax value="8.37465"/>
				<FloatingPoint size="50">	3.50142	0.491357	3.61506	3.46611	3.53963	2.47816	0.601122	3.45373	3.40532	3.63215	2.44828	0.691314	3.48905	3.48096	3.33876	3.5795	1.34601	3.5584	2.45166	2.48441	3.57309	0.627634	3.56624	5.44105	4.54086	3.49844	0.569324	3.56124	5.52601	5.54913	2.50558	0.648967	3.36372	4.41381	4.45742	3.59848	1.37652	3.38412	2.42634	2.27391	3.75441	0.575354	3.40826	5.33324	5.46819	2.51134	0.619404	3.66992	5.62421	4.58658</FloatingPoint>
				<FloatingPoint size="20">	0.869173	0.849756	0.501809	0.898293	0.665013	0.921235	0.270287	0.700742	0.949956	0.92273	0.614885	0.974257	0.59047	0.997862	0.348005	0.601276	0.348836	0.990924	0.308182	0.868925</FloatingPoint>
			</Individual>
			<Individual size="2">
				<FitnessMax value="8.37465"/>
				<FloatingPoint size="50">	3.48853	0.508622	3.61334	3.47678	3.53806	2.43887	0.568812	3.45328	3.40571	3.50558	2.446	0.643176	3.48848	3.28244	3.36472	3.58212	1.34651	3.55445	2.43919	2.40468	3.57482	0.629592	3.56854	5.46436	4.54106	3.43096	0.582348	3.49502	5.58252	5.56194	2.50699	0.648964	3.36738	4.41228	4.45742	3.59266	1.65046	3.38566	2.39781	2.28035	3.75035	0.575277	3.41505	5.3347	5.46789	2.51202	0.614735	3.67048	5.63181	4.58899</FloatingPoint>
				<FloatingPoint size="20">	0.876282	0.815697	0.512867	0.861188	0.495956	0.933642	0.188532	0.624045	0.952187	0.921073	0.845538	0.974659	0.924465	0.997862	0.333433	0.659132	0.164824	0.987674	0.16744	0.865856</FloatingPoint>
			</Individual>
			<Individual size="2">
				<FitnessMax value="8.06339"/>
				<FloatingPoint size="50">	3.50142	0.491357	3.61506	3.46611	3.53963	2.47816	0.601122	3.45373	3.40532	3.63215	2.44828	0.691314	3.48905	3.48096	3.33876	3.5795	1.34601	3.5584	2.45166	2.48441	3.57309	0.627634	3.56624	5.44105	4.54086	3.49844	0.569324	3.56124	5.52601	5.54913	2.50558	6.5024	3.36372	4.41381	4.45742	3.59848	1.37652	3.38412	2.42634	2.27391	3.75441	0.575354	3.40826	5.33324	5.46819	2.51134	0.619404	3.66992	5.62421	4.58658</FloatingPoint>
				<FloatingPoint size="20">	0.909325	0.832169	0.493688	0.87987	0.338247	0.921517	0.212417	0.698931	0.950512	0.923543	0.231174	0.97486	0.553415	0.997862	0.367317	0.581071	0.436498	0.989974	0.288239	0.870203</FloatingPoint>
			</Individual>
			<Individual size="2">
				<FitnessMax value="8.37465"/>
				<FloatingPoint size="50">	3.49072	0.322102	3.61864	3.45316	3.53872	2.4749	0.566956	3.45662	3.40575	3.62523	2.46624	0.730406	3.33356	3.49382	3.34662	3.58308	1.34631	3.56249	2.33454	2.50462	3.57535	0.753688	3.55491	5.58577	4.53984	3.41013	0.624292	3.6566	5.57548	5.56728	2.51522	0.648968	3.35769	4.41577	4.45734	3.59294	1.11221	3.38585	2.39894	2.25954	3.76218	0.977901	3.45857	5.34037	5.45169	2.50918	0.602281	3.67028	5.72104	4.58649</FloatingPoint>
				<FloatingPoint size="20">	0.909325	0.813489	0.500867	0.866663	0.52177	0.920653	0.270831	0.70373	0.949799	0.922002	0.604133	0.974561	0.273095	0.997862	0.432567	0.582027	0.612153	0.990278	0.33274	0.862486</FloatingPoint>
			</Individual>
			<Individual size="2">
				<FitnessMax value="8.37465"/>
				<FloatingPoint size="50">	3.4987	0.500742	3.61161	3.4742	3.53853	2.46559	0.617663	3.45257	3.41877	3.59734	2.46877	0.802086	3.42865	3.39344	3.31644	3.58196	1.34576	3.55815	2.64584	2.46719	3.56952	0.62446	3.5702	5.41012	4.54058	3.53173	0.53933	3.52728	5.54262	5.52615	2.50598	0.64894	3.36874	4.40869	4.45742	3.59344	1.5417	3.38586	2.40536	2.27747	3.7544	0.553253	3.40368	5.33371	5.46809	2.51149	0.617805	3.67031	5.61673	4.58715</FloatingPoint>
				<FloatingPoint size="20">	0.894793	0.81564	0.202914	0.860002	0.631622	0.927837	0.232428	0.67817	0.952129	0.921683	0.281399	0.97463	0.891404	0.997862	0.51537	0.566243	0.919598	0.988294	0.300485	0.873318</FloatingPoint>
			</Individual>
			<Individual size="2">
				<FitnessMax value="8.25963"/>
				<FloatingPoint size="50">	3.48864	0.508469	3.6134	3.47669	3.53808	2.43922	0.569098	3.45328	3.40571	3.50671	2.44602	0.643603	3.48849	3.2842	3.00706	3.58209	1.3465	3.55449	2.4393	2.40539	3.57481	0.629575	3.56852	5.46415	4.54105	3.43156	0.573914	3.49561	5.58202	5.56183	2.50698	0.648965	3.36734	4.41229	4.45742	3.59271	1.64803	3.38568	2.39806	2.28029	3.75039	0.461032	3.41498	5.33468	5.46789	2.51202	0.614777	3.67048	5.63174	4.58897</FloatingPoint>
				<FloatingPoint size="20">	0.532428	0.817485	0.44266	0.889585	0.561861	0.924059	0.306334	0.773844	0.950297	0.923541	0.546624	0.974321	0.613712	0.997862	0.436994	0.139863	0.382744	0.989658	0.28359	0.869588</FloatingPoint>
			</Individual>
			<Individual size="2">
				<FitnessMax value="8.28024"/>
				<FloatingPoint size="50">	3.49557	0.498835	3.60709	3.48513	3.53736	2.51458	0.581984	3.45691	3.40805	3.62318	2.44301	0.725264	3.64394	3.52052	3.30549	3.57604	1.3456	3.57118	2.56417	2.50151	3.55258	0.606277	3.56036	5.37944	4.54115	3.52639	0.589392	3.59992	5.57833	5.52696	2.51226	0.649062	3.3556	4.41358	4.45745	3.594	1.57468	3.37724	2.49516	2.26728	3.75533	0.61009	3.47328	5.33035	5.46654	2.51184	0.632714	3.66996	5.63634	4.59027</FloatingPoint>
				<FloatingPoint size="20">	0.913536	0.817078	0.49064	0.862202	0.501443	0.932148	0.254551	0.661928	0.95201	0.922262	0.697129	0.974596	0.704132	0.997862	0.506463	0.455691	0.188588	0.988469	0.325107	0.868635</FloatingPoint>
			</Individual>
			<Individual size="2">
				<FitnessMax value="0.762711"/>
				<FloatingPoint size="50">	3.48802	0.494978	3.6076	3.48535	3.53047	2.51521	0.577283	3.4568	3.40766	3.62403	2.44609	0.714723	3.58155	3.49738	3.30541	3.57911	1.34565	3.57142	2.55379	2.50201	3.55397	0.580325	3.55944	5.38611	4.54079	3.51672	0.593664	3.58353	5.57725	5.52918	2.51171	0.649067	3.35554	4.41304	4.45745	3.59644	1.57114	3.39582	2.50251	2.27221	3.75431	0.576809	3.45434	5.32542	5.46524	4.82365	0.632804	3.66999	5.64354	4.58927</FloatingPoint>
				<FloatingPoint size="20">	0.917748	0.815697	0.512867	0.861188	0.495956	0.933642	0.188532	0.628542	0.952187	0.921085	0.845538	0.974632	0.991975	0.997862	0.595049	0.719737	0.137178	0.987471	0.342693	0.865688</FloatingPoint>
			</Individual>
			<Individual size="2">
				<FitnessMax value="8.37465"/>
				<FloatingPoint size="50">	3.48864	0.367997	3.6137	3.46308	3.54274	2.46722	0.580587	3.45372	3.40518	3.63149	2.51521	0.764228	3.35241	3.508	3.31482	3.57784	1.34541	3.56637	2.47495	2.50508	3.56922	0.566845	3.5531	5.45036	4.54044	3.38928	0.491113	3.58342	5.56664	5.54158	2.50403	0.648982	3.35054	4.41331	4.4574	3.59728	1.47669	3.38026	2.4118	2.26923	3.75998	0.669727	3.37709	5.33052	5.46613	2.51001	0.623052	3.67017	5.58916	4.58408</FloatingPoint>
				<FloatingPoint size="20">	0.909325	0.821061	0.501425	0.879785	0.547358	0.922374	0.417741	0.699597	0.951509	0.923929	0.277275	0.974424	0.954884	0.997862	0.220003	0.585998	0.167482	0.991886	0.596675	0.888733</FloatingPoint>
			</Individual>
			<Individual size="2">
				<FitnessMax value="8.37465"/>
				<FloatingPoint size="50">	3.48864	0.508469	3.6134	3.47669	3.53808	2.43922	0.569098	3.45328	3.40571	3.50671	2.44602	0.643603	3.48849	3.2842	3.00706	3.58209	1.3465	3.55449	2.4393	2.40539	3.57481	0.629575	3.56852	5.46415	4.54105	3.43156	0.573914	3.49561	5.58202	5.56183	2.50698	0.648965	3.36734	4.41229	4.45742	3.59271	1.64803	3.38568	2.39806	2.28029	3.75039	0.461032	3.41498	5.33468	5.46789	2.51202	0.614777	3.67048	5.63174	4.58897</FloatingPoint>
				<FloatingPoint size="20">	0.915047	0.821061	0.501425	0.879785	0.547358	0.922374	0.417741	0.628542	0.951509	0.923929	0.845538	0.974632	0.866154	0.997862	0.539151	0.585998	0.137178	0.991886	0.285379	0.888733</FloatingPoint>
			</Individual>
			<Individual size="2">
				<FitnessMax value="8.37465"/>
				<FloatingPoint size="50">	3.51253	0.509268	3.58047	3.47956	3.5406	2.45093	0.569538	3.45352	3.40577	3.53953	2.445	0.644093	3.49868	3.24677	3.60491	3.58208	1.34643	3.55749	2.49938	2.41158	3.57068	0.626226	3.56815	5.41485	4.541	3.43514	0.571225	3.49847	5.58053	5.55412	2.50683	0.648879	3.36937	4.41235	4.45743	3.59553	1.64483	3.3336	2.39842	2.28132	3.74557	0.455711	3.41512	5.33381	5.46938	2.51794	0.621397	3.67036	5.6473	4.58932</FloatingPoint>
				<FloatingPoint size="20">	0.829839	0.817421	0.425708	0.881357	0.552127	0.910647	0.806436	0.700041	0.950924	0.923464	0.45698	0.974363	0.694682	0.997862	0.345081	0.597776	0.228987	0.990884	0.442814	0.877642</FloatingPoint>
			</Individual>
			<Individual size="2">
				<FitnessMax value="8.37465"/>
				<FloatingPoint size="50">	3.49099	0.509072	3.59699	3.47897	3.54039	2.09771	0.569122	3.45338	3.40572	3.52059	2.44526	0.643921	3.49439	3.26867	3.53225	3.58209	1.3465	3.55738	2.45357	2.40829	3.57197	0.628648	3.56842	5.41531	4.54104	3.43394	0.571481	3.4973	5.58099	5.55563	2.50683	0.648887	3.36847	4.41232	4.45742	3.59405	1.64649	3.3858	2.39837	2.28099	3.74954	0.503317	3.41503	5.33402	5.46791	2.51216	0.616007	3.67047	5.64709	4.58912</FloatingPoint>
				<FloatingPoint size="20">	0.894793	0.814308	0.509815	0.86118	0.590858	0.930974	0.193914	0.666962	0.950156	0.921212	0.336105	0.974585	0.685389	0.997862	0.445769	0.663816	0.230328	0.988186	0.228969	0.86837</FloatingPoint>
			</Individual>
			<Individual size="2">
				<FitnessMax value="8.25059"/>
				<FloatingPoint size="50">	3.49399	0.508674	3.61011	3.47928	3.53762	2.46927	0.569098	3.45328	2.64998	3.50671	2.44602	0.264742	3.48849	3.2842	3.00706	3.58209	1.3465	3.55449	2.4393	2.40539	3.57481	0.629575	3.56852	5.46415	4.54105	3.43156	0.576736	3.5188	5.58044	5.49249	2.50774	0.648884	3.36934	4.40574	4.45741	3.59473	1.64604	3.38591	2.3983	2.28104	3.74961	0.429914	3.41615	5.33382	5.46937	2.51583	0.624717	3.67015	5.52978	4.58943</FloatingPoint>
				<FloatingPoint size="20">	0.894793	0.833626	0.487198	0.860842	0.501132	0.93285	0.285372	0.638294	0.95218	0.923359	0.698677	0.974487	0.746924	0.997862	0.53437	0.604955	0.446016	0.98989	0.282508	0.869108</FloatingPoint>
			</Individual>
			<Individual size="2">
				<FitnessMax value="8.37465"/>
				<FloatingPoint size="50">	3.48864	0.508469	3.6134	3.47669	3.53808	2.43922	0.569098	3.45328	3.40571	3.50671	2.44602	0.643603	3.48849	3.2842	3.00706	3.58209	1.3465	3.55449	2.4393	2.40539	3.57481	0.629575	3.56852	5.46415	4.54105	3.43156	0.573914	3.49561	5.58202	5.56183	2.50698	0.648965	3.36734	4.41229	4.45742	3.59271	1.64803	3.38568	2.39806	2.28029	3.75039	0.461032	3.41498	5.33468	5.46789	2.51202	0.614777	3.67048	5.63174	4.58897</FloatingPoint>
				<FloatingPoint size="20">	0.915047	0.821061	0.501425	0.879785	0.547358	0.922374	0.417741	0.628542	0.951509	0.923929	0.845538	0.974632	0.991975	0.997862	0.539151	0.585998	0.137178	0.991886	0.285379	0.888733</FloatingPoint>
			</Individual>
			<Individual size="2">
				<FitnessMax value="8.37465"/>
				<FloatingPoint size="50">	3.51253	0.477421	3.61602	3.45926	3.54121	2.45478	0.595659	3.45468	3.40666	3.63313	2.53507	0.782363	3.48686	3.39542	3.30596	3.58289	1.34597	3.56511	2.5838	2.50469	3.55784	0.626845	3.56465	5.46635	4.54056	3.43394	0.571481	3.4973	5.58099	5.55563	2.50683	0.648887	3.36847	4.41232	4.45742	3.59405	1.64649	3.3858	2.39837	2.28099	3.74954	0.503317	3.41503	5.33402	5.46791	2.51216	0.616007	3.67047	5.64709	4.58912</FloatingPoint>
				<FloatingPoint size="20">	0.911766	0.815624	0.449226	0.867105	0.531781	0.922519	0.300006	0.692477	0.950203	0.924408	0.558205	0.97464	0.491315	0.997862	0.325407	0.612892	0.500025	0.98949	0.300153	0.867793</FloatingPoint>
			</Individual>
			<Individual size="2">
				<FitnessMax value="8.36262"/>
				<FloatingPoint size="50">	3.49557	0.498835	3.60709	3.48513	3.53736	2.51458	0.581984	3.45691	3.40805	3.62318	2.44301	0.725264	3.64394	3.52052	3.30549	3.57604	1.3456	3.57118	2.56417	2.50151	3.55258	0.606277	3.56036	5.37944	4.54115	3.52639	0.589392	3.59992	5.57833	5.52696	2.51226	0.649062	3.3556	4.41358	4.45745	3.594	1.57468	3.37724	2.49516	2.26728	3.75533	0.61009	3.47328	5.33035	5.46654	2.51184	0.632714	3.66996	5.60302	4.58579</FloatingPoint>
				<FloatingPoint size="20">	0.869173	0.871837	0.501809	0.898293	0.665013	0.921235	0.270287	0.699313	0.949185	0.924079	0.947964	0.974496	0.62371	0.997862	0.495581	0.62958	0.319871	0.989927	0.283551	0.869023</FloatingPoint>
			</Individual>
			<Individual size="2">
				<FitnessMax value="8.37465"/>
				<FloatingPoint size="50">	3.47848	0.490821	3.61077	3.48567	3.51271	2.51653	0.575137	3.45651	3.40701	3.62807	2.45149	0.712824	3.50319	3.48585	3.30518	3.57933	1.34566	3.57193	2.46792	2.50266	3.56196	0.545449	3.55027	5.41347	4.5403	3.49969	0.595054	3.57296	5.57678	5.53106	2.50566	0.649099	3.35332	4.41115	4.45745	3.60207	1.56823	3.45695	2.50808	2.27265	3.75283	0.574362	3.44852	5.32456	5.46437	2.7038	0.632828	3.67003	5.65716	4.58915</FloatingPoint>
				<FloatingPoint size="20">	0.908646	0.815697	0.512867	0.861188	0.495956	0.933642	0.188532	0.628542	0.952187	0.921085	0.845538	0.974721	0.991975	0.997862	0.147482	0.719737	0.137178	0.987471	0.535965	0.865688</FloatingPoint>
			</Individual>
			<Individual size="2">
				<FitnessMax value="8.37465"/>
				<FloatingPoint size="50">	3.49399	0.508674	3.61011	3.47928	3.53762	2.46927	0.569098	3.45328	3.40571	3.50671	2.44602	0.264742	3.48849	3.2842	3.00706	3.58209	1.3465	3.55449	2.4393	2.40539	3.57481	0.629575	3.56852	5.46415	4.54105	3.43156	0.576736	3.5188	5.58044	5.49249	2.50774	0.648884	3.36934	4.40574	4.45741	3.59473	1.64604	3.38591	2.3983	2.28104	3.74961	0.429914	3.41615	5.33382	5.46937	2.51583	0.624717	3.67015	5.52978	4.58943</FloatingPoint>
				<FloatingPoint size="20">	0.829839	0.817421	0.425708	0.901296	0.579189	0.921213	0.314936	0.811601	0.949833	0.923848	0.572094	0.974214	0.789729	0.997862	0.442728	0.604955	0.446016	0.98989	0.282508	0.869108</FloatingPoint>
			</Individual>
			<Individual size="2">
				<FitnessMax value="8.36262"/>
				<FloatingPoint size="50">	3.50594	0.514282	3.61371	3.46829	3.53768	2.49455	0.568184	3.45376	3.40536	3.50435	2.44579	0.68035	3.48792	3.6452	3.34388	3.57929	1.34614	3.5544	2.45367	2.39141	3.57768	0.629509	3.56511	5.44996	4.54106	3.42328	0.584753	3.5796	5.68008	5.54804	2.50502	0.648967	3.36796	4.41253	4.45742	3.58839	1.42487	3.38332	2.42407	2.28067	3.75045	0.575308	3.41294	5.33255	5.4682	2.51023	0.612421	3.67	5.6335	4.52708</FloatingPoint>
				<FloatingPoint size="20">	0.167043	0.814353	0.501809	0.898293	0.665013	0.921235	0.270287	0.700742	0.949956	0.92273	0.614885	0.974257	0.59047	0.997862	0.348005	0.601276	0.252717	0.990924	0.308182	0.868925</FloatingPoint>
			</Individual>
			<Individual size="2">
				<FitnessMax value="8.15878"/>
				<FloatingPoint size="50">	3.49985	0.358166	0.00857817	3.46895	3.54888	2.4667	0.568519	3.43176	3.41598	3.62422	2.45126	0.761154	3.47772	3.43634	3.3121	3.5813	1.34568	3.56665	2.48026	2.49614	3.56481	0.596717	3.56377	5.39457	4.54038	3.48752	0.549961	3.55168	5.57678	5.52839	2.50617	0.64902	3.36957	4.40968	4.45743	3.59585	1.58997	3.3996	2.40827	2.27851	3.7537	0.497815	3.42663	5.33337	5.46828	2.66513	0.629803	3.66994	5.65807	4.59038</FloatingPoint>
				<FloatingPoint size="20">	0.909325	0.821061	0.501425	0.879785	0.547358	0.922374	0.832613	0.699597	0.951509	0.923929	0.277275	0.974424	0.954884	0.997862	0.220003	0.585998	0.167482	0.991886	0.596675	0.888733</FloatingPoint>
			</Individual>
			<Individual size="2">
				<FitnessMax value="8.37465"/>
				<FloatingPoint size="50">	3.47956	0.480716	3.6139	3.47441	3.54437	2.42023	0.566934	3.4554	3.40534	3.63242	2.56947	0.741515	3.34479	3.45396	3.31587	3.58349	1.34581	3.55635	2.40167	2.51477	3.57258	0.553876	3.54842	5.58118	4.54106	3.37463	0.537155	3.64769	5.58033	5.56663	2.51096	0.648962	3.3545	4.4124	4.45737	3.59562	1.53848	3.34852	2.39941	2.26956	3.76389	0.465038	3.3976	5.33455	5.47381	2.51236	0.622947	3.66947	5.55148	4.58657</FloatingPoint>
				<FloatingPoint size="20">	0.908646	0.845198	0.493889	0.829734	0.567997	0.925394	0.411242	0.695412	0.95143	0.923057	0.5262	0.974979	0.167631	0.997862	0.338377	0.572817	0.409383	0.990193	0.282214	0.871953</FloatingPoint>
			</Individual>
			<Individual size="2">
				<FitnessMax value="8.27692"/>
				<FloatingPoint size="50">	3.49399	0.508674	3.61241	3.47928	3.5405	2.46927	0.569098	3.45328	3.40618	3.62644	2.52399	0.264742	3.32927	3.2842	3.00706	3.5837	1.3465	3.55449	2.4393	2.51719	3.57481	0.629575	3.56852	5.46415	4.54105	3.39416	0.624292	3.5188	5.58187	5.57791	2.51522	0.648884	3.35769	4.41577	4.45741	3.59294	1.65377	3.38585	2.3983	2.27917	3.74961	0.411457	3.41657	5.33382	5.47577	2.51255	0.624717	3.66936	5.52978	4.59263</FloatingPoint>
				<FloatingPoint size="20">	0.829839	0.503974	0.425708	0.901296	0.579189	0.921213	0.314936	0.811601	0.949833	0.923848	0.572094	0.974214	0.789729	0.997862	0.442728	0.604955	0.446016	0.98989	0.282508	0.869108</FloatingPoint>
			</Individual>
			<Individual size="2">
				<FitnessMax value="8.37465"/>
				<FloatingPoint size="50">	3.4987	0.476026	3.60658	3.4979	3.52448	2.4987	0.682566	3.45006	3.44017	3.66334	2.44887	0.814533	3.43553	3.48287	3.32211	3.5788	1.3456	3.55776	2.88971	2.51231	3.52049	0.522143	3.57338	5.37286	4.54046	3.51746	0.451542	3.49537	5.57207	5.48743	2.50674	0.648903	3.37359	4.40216	4.45743	3.60059	1.4902	3.38577	2.39897	2.27843	3.77241	0.415519	3.41615	5.33465	5.46961	2.68447	0.632971	3.66938	5.66309	4.59499</FloatingPoint>
				<FloatingPoint size="20">	0.916654	0.815701	0.501889	0.896507	0.00757332	0.915021	0.0852488	0.700777	0.95018	0.922983	0.548144	0.974181	0.700602	0.997862	0.551568	0.589212	0.158061	0.995737	0.280209	0.889582</FloatingPoint>
			</Individual>
			<Individual size="2">
				<FitnessMax value="8.3734"/>
				<FloatingPoint size="50">	3.47731	0.361795	3.61454	3.46865	3.54742	2.4757	0.576068	3.45413	3.40647	3.63296	2.53578	0.831073	3.34545	3.51207	3.55924	3.57994	1.34531	3.56661	2.5029	2.50616	3.5703	0.596825	3.55602	5.4681	4.5405	3.34944	0.524333	3.60493	5.57089	5.53633	2.50186	0.648969	3.35292	4.41496	4.45738	3.59584	1.4371	3.38214	2.4075	2.26872	3.76041	0.616685	3.38627	5.33177	5.46781	2.50982	0.624212	3.67018	5.5725	4.58339</FloatingPoint>
				<FloatingPoint size="20">	0.852883	0.820276	0.512665	0.875462	0.539335	0.92349	0.392677	0.863294	0.952123	0.922009	0.573568	0.974439	0.662892	0.997862	0.362576	0.591645	0.170982	0.989282	0.303976	0.878953</FloatingPoint>
			</Individual>
			<Individual size="2">
				<FitnessMax value="8.37465"/>
				<FloatingPoint size="50">	3.50304	0.488204	3.61349	3.47053	3.53944	2.42335	0.594929	3.4529	3.40593	3.62927	2.49001	0.64415	3.46498	3.37642	3.44505	3.60066	1.34616	3.55888	2.51372	2.49515	3.57403	0.600551	3.51878	5.39556	4.54088	3.47707	0.592814	3.57133	5.55739	5.55263	2.50508	0.646135	3.36618	4.41053	4.45741	3.59544	1.47452	3.34903	2.41911	2.27568	3.74126	0.496261	3.41828	5.32482	5.46784	2.51346	0.627818	3.67017	5.58376	4.6053</FloatingPoint>
				<FloatingPoint size="20">	0.928851	0.816973	0.466486	0.870396	0.436804	0.952418	0.0946835	0.755349	0.950295	0.923495	0.74812	0.97438	0.860698	0.997862	0.207906	0.607694	0.218548	0.989674	0.321336	0.868801</FloatingPoint>
			</Individual>
			<Individual size="2">
				<FitnessMax value="8.37465"/>
				<FloatingPoint size="50">	3.49399	0.508674	3.61011	3.47928	3.53762	2.46927	0.569098	3.45328	3.40571	3.50671	2.44602	0.643603	3.48849	3.2842	3.00706	3.58209	1.3465	3.55449	2.4393	2.40539	3.57481	0.629575	3.56852	5.46415	4.54105	3.43156	0.573914	3.49561	5.58202	5.56183	2.50698	0.648965	3.36734	4.41229	4.45742	3.59271	1.64803	3.38568	2.39806	2.28029	3.75039	0.461032	3.41498	5.33468	5.46789	2.51202	0.614777	3.67048	5.63174	4.58897</FloatingPoint>
				<FloatingPoint size="20">	0.915047	0.821061	0.501425	0.820064	0.547358	0.922374	0.417741	0.628542	0.951509	0.923929	0.845538	0.974632	0.991975	0.997862	0.539151	0.585998	0.137178	0.991886	0.285379	0.888733</FloatingPoint>
			</Individual>
			<Individual size="2">
				<FitnessMax value="8.37465"/>
				<FloatingPoint size="50">	3.47956	0.484745	3.61241	3.45828	3.5405	2.47816	0.601122	3.45473	3.40532	3.62644	2.52399	0.691314	3.33569	3.48096	3.45925	3.5795	1.34559	3.56448	2.45166	2.51502	3.57309	0.574287	3.40963	5.44105	4.54087	3.49844	0.621198	3.56124	5.58333	5.56918	2.50558	0.648967	3.36062	4.40853	4.45742	3.59848	1.37652	3.30268	2.42634	2.27391	3.75441	0.575354	3.48336	5.33324	5.46819	2.51134	0.619404	3.67096	5.62421	4.65406</FloatingPoint>
				<FloatingPoint size="20">	0.869173	0.849756	0.501809	0.898293	0.665013	0.921235	0.270287	0.700742	0.949956	0.92273	0.611692	0.974257	0.59047	0.997862	0.348005	0.601276	0.348836	0.990924	0.308182	0.868925</FloatingPoint>
			</Individual>
			<Individual size="2">
				<FitnessMax value="8.37465"/>
				<FloatingPoint size="50">	3.4542	0.349142	3.61626	3.48	3.55696	2.493	0.566849	3.45499	3.40911	3.63596	2.57775	0.967439	3.33123	3.5204	3.30309	3.58424	1.34509	3.56709	2.55994	2.50836	3.57251	0.657987	3.56197	5.50428	4.54062	3.26816	0.592102	3.64881	5.57955	5.52564	2.49742	0.648944	3.35776	4.41832	4.45736	3.5929	1.35634	3.38597	2.39872	2.26768	3.76128	0.508476	3.40501	5.33433	5.47124	2.50945	0.626579	3.67019	5.53851	4.58198</FloatingPoint>
				<FloatingPoint size="20">	0.843918	0.816764	0.504184	0.866708	0.592539	0.921432	0.220473	0.685571	0.951402	0.923606	0.232106	0.97412	0.90222	0.997862	0.272503	0.585986	0.164581	0.988964	0.332498	0.877116</FloatingPoint>
			</Individual>
			<Individual size="2">
				<FitnessMax value="8.05063"/>
				<FloatingPoint size="50">	3.4542	0.349142	3.61626	3.48	3.55696	2.493	0.566849	3.45499	3.40911	3.63596	2.57775	0.967439	3.33123	3.5204	3.30309	3.58424	1.34521	3.56709	2.55994	2.50836	3.57251	0.657987	3.56197	5.50428	4.54062	3.26816	0.592102	3.64881	5.57955	5.52564	2.49742	0.648944	3.35776	4.41832	4.45736	6.85195	1.35634	3.38597	2.39872	2.26768	3.76128	0.508476	3.40501	5.33433	5.47124	2.50945	0.626579	3.67019	5.53851	4.21404</FloatingPoint>
				<FloatingPoint size="20">	0.822017	0.818141	0.509962	0.89555	0.491111	0.922282	0.401261	0.651087	0.951712	0.923831	0.318309	0.974371	0.642337	0.997862	0.351924	0.58857	0.209674	0.656709	0.447136	0.874915</FloatingPoint>
			</Individual>
			<Individual size="2">
				<FitnessMax value="7.63179"/>
				<FloatingPoint size="50">	3.4542	0.485042	3.61334	3.46307	3.54243	2.45741	0.583675	3.45002	3.40518	3.63091	2.50911	0.741738	3.42573	3.51036	3.30665	3.5754	1.22309	3.56483	2.48306	2.50547	3.569	0.634791	3.56478	5.37417	4.54044	3.48324	0.585843	3.55938	5.56249	5.54161	2.5067	0.648987	3.35966	4.4138	4.4574	3.60053	1.50604	3.38262	2.44598	2.27039	3.75896	0.669163	3.31983	5.33026	5.46583	2.51438	0.629561	3.67012	5.5897	4.58595</FloatingPoint>
				<FloatingPoint size="20">	0.920944	0.816376	0.483806	0.861613	0.497997	0.932728	0.221502	0.684554	0.952171	0.9237	0.64766	0.0258345	0.63449	0.997862	0.193322	0.706083	0.239783	0.988052	0.375787	0.68934</FloatingPoint>
			</Individual>
			<Individual size="2">
				<FitnessMax value="8.37465"/>
				<FloatingPoint size="50">	3.49031	0.497344	3.61068	3.48399	3.52224	2.49636	0.621313	3.45541	3.41598	3.62422	2.45126	0.761154	3.47772	3.43634	3.3121	3.5813	1.34568	3.56665	2.48026	2.49614	3.56481	0.596717	3.56377	5.39457	4.54038	3.48752	0.549961	3.55168	5.57678	5.52839	2.50617	0.64902	3.36957	4.40968	4.45743	3.59585	1.58997	3.3996	2.40827	2.27851	3.7537	0.497815	3.42663	5.33337	5.46828	2.66513	0.629803	3.66994	5.65807	4.59038</FloatingPoint>
				<FloatingPoint size="20">	0.908646	0.815697	0.512867	0.861188	0.495956	0.933642	0.188532	0.628542	0.952187	0.921085	0.845538	0.974721	0.877324	0.997862	0.147482	0.719737	0.137178	0.987471	0.535965	0.865688</FloatingPoint>
			</Individual>
			<Individual size="2">
				<FitnessMax value="8.37465"/>
				<FloatingPoint size="50">	3.4542	0.349142	3.61626	3.48	3.55696	2.493	0.566849	3.45499	3.40911	3.63596	2.57775	0.967439	3.33123	3.5204	3.30309	3.58424	1.34509	3.56709	2.55994	2.50836	3.57251	0.657987	3.56197	5.50428	4.54062	3.26816	0.592102	3.64881	5.57955	5.52564	2.49742	0.648944	3.35776	4.41832	4.45736	3.5929	1.35634	3.38597	2.39872	2.26768	3.76128	0.508476	3.40501	5.33433	5.47124	2.50945	0.626579	3.67019	5.53851	4.58198</FloatingPoint>
				<FloatingPoint size="20">	0.909325	0.821061	0.501425	0.879785	0.547358	0.922374	0.417741	0.699597	0.951509	0.923929	0.277275	0.974424	0.458148	0.997862	0.220003	0.585998	0.167482	0.991886	0.285379	0.888733</FloatingPoint>
			</Individual>
			<Individual size="2">
				<FitnessMax value="8.37465"/>
				<FloatingPoint size="50">	3.49399	0.508674	3.61011	3.47928	3.53762	2.46927	0.625147	3.45186	3.42289	3.58516	2.44622	0.808795	3.40885	3.39277	3.32	3.58164	1.34569	3.55579	2.66694	2.45444	3.57349	0.623648	3.57208	5.391	4.54059	3.48126	0.529396	3.50178	5.57684	5.52458	2.50627	0.648929	3.37037	4.4064	4.45743	3.59271	1.65084	3.38585	2.39729	2.27973	3.75226	0.542047	3.41349	5.33339	5.46809	2.51167	0.615165	3.67043	5.62912	4.58754</FloatingPoint>
				<FloatingPoint size="20">	0.894793	0.81564	0.202914	0.860002	0.631622	0.927837	0.232428	0.67817	0.952129	0.921683	0.281399	0.97463	0.891404	0.997862	0.51537	0.566243	0.834599	0.988294	0.300485	0.873318</FloatingPoint>
			</Individual>
			<Individual size="2">
				<FitnessMax value="6.99523"/>
				<FloatingPoint size="50">	3.50304	0.488204	3.61349	3.47053	3.53944	2.42335	0.594929	3.4529	3.40593	3.62927	2.49001	0.64415	3.46498	3.37642	3.44505	3.60066	1.34616	3.55888	2.51372	2.49515	3.57403	0.600551	3.51878	5.39556	4.54088	3.47707	0.592814	3.57133	5.55739	5.55263	2.50508	0.646135	3.36618	4.41053	4.45741	3.59544	1.47452	3.34903	2.41911	2.27568	3.74126	0.496261	3.41828	5.32482	5.46784	2.51346	0.627818	3.67017	5.58376	4.6053</FloatingPoint>
				<FloatingPoint size="20">	0.928851	0.816973	0.466486	0.870396	0.436804	0.952418	0.0946835	0.755349	0.950295	0.923495	0.74812	0.97438	0.860698	0.997862	0.298074	0.603564	0.240539	0.990479	0.31287	0.0234047</FloatingPoint>
			</Individual>
			<Individual size="2">
				<FitnessMax value="8.37465"/>
				<FloatingPoint size="50">	3.2082	0.3458	3.61661	3.45631	3.54331	2.48655	0.566919	3.45524	3.40781	3.62999	2.55169	0.799546	3.33322	3.51661	3.31089	3.58386	1.34599	3.56612	2.55363	2.50476	3.57419	0.682049	3.56138	5.54664	4.54035	3.86058	0.594884	3.65137	5.57657	5.53814	2.50358	0.648944	3.35773	4.41706	4.45734	3.59291	1.14869	3.3859	2.39879	2.26574	3.76136	0.771567	3.45571	5.34002	5.4575	2.50942	0.62004	3.67023	5.59976	4.58332</FloatingPoint>
				<FloatingPoint size="20">	0.911336	0.816731	0.448641	0.860245	0.559649	0.927769	0.291603	0.691225	0.952129	0.922095	0.588151	0.974474	0.788862	0.997862	0.518974	0.502334	0.230646	0.987097	0.276011	0.870804</FloatingPoint>
			</Individual>
			<Individual size="2">
				<FitnessMax value="8.37465"/>
				<FloatingPoint size="50">	3.48891	0.49985	3.60882	3.48378	3.52493	2.50792	0.628167	3.45347	3.42355	3.64585	2.44896	0.843405	3.4162	3.49359	3.28991	3.58026	1.34527	3.56451	2.68125	2.50307	3.56707	0.581586	3.56179	5.36565	4.54021	3.51533	0.535812	3.54045	5.57422	5.5092	2.50561	0.648997	3.35723	4.41429	4.45745	3.60499	1.47832	3.42148	2.46413	2.26979	3.36616	0.629402	3.44001	5.32439	5.46584	2.6075	0.816405	3.67001	5.63079	4.58924</FloatingPoint>
				<FloatingPoint size="20">	0.908646	0.815697	0.512867	0.861188	0.495956	0.933642	0.188532	0.628542	0.952187	0.921085	0.845538	0.974721	0.991975	0.997862	0.147482	0.719737	0.137178	0.987471	0.535965	0.865688</FloatingPoint>
			</Individual>
			<Individual size="2">
				<FitnessMax value="8.37465"/>
				<FloatingPoint size="50">	3.48853	0.508622	3.61334	3.47678	3.53806	2.43887	0.568812	3.45328	3.40571	3.50558	2.446	0.643176	3.48848	3.28244	3.36472	3.58212	1.34651	3.55445	2.43919	2.40468	3.57482	0.629592	3.56854	5.46436	4.54106	3.43096	0.582348	3.49502	5.58252	5.56194	2.50699	0.648964	3.36738	4.41228	4.45742	3.59266	1.65046	3.38566	2.39781	2.28035	3.75035	0.575277	3.41505	5.3347	5.46789	2.51202	0.614735	3.67048	5.63181	4.58899</FloatingPoint>
				<FloatingPoint size="20">	0.848456	0.816191	0.369013	0.865006	0.476423	0.909461	0.313823	0.812023	0.947983	0.920517	0.572412	0.974852	0.672735	0.997862	0.357104	0.609718	0.174054	0.987567	0.27756	0.865024</FloatingPoint>
			</Individual>
			<Individual size="2">
				<FitnessMax value="8.37465"/>
				<FloatingPoint size="50">	3.47372	0.501491	3.61151	3.45786	3.48943	2.36286	0.566825	3.45465	3.40631	3.60959	2.54691	0.539202	3.27776	3.46876	3.54385	3.58364	1.34533	3.60781	2.39964	2.53767	3.57661	0.541728	3.36002	5.2777	4.54093	3.41767	0.625698	3.60842	5.58211	5.56888	2.48548	0.649097	3.3611	4.40656	4.45737	3.59265	1.01605	3.2762	2.49693	2.27851	3.70411	0.349961	3.50121	5.30689	5.4682	2.50999	0.64922	3.67073	5.63761	4.67491</FloatingPoint>
				<FloatingPoint size="20">	0.912186	0.831443	0.48755	0.866155	0.507141	0.933721	0.232731	0.672869	0.951548	0.922237	0.663182	0.974509	0.69216	0.997862	0.255352	0.602113	0.240464	0.98887	0.332646	0.870824</FloatingPoint>
			</Individual>
			<Individual size="2">
				<FitnessMax value="8.37465"/>
				<FloatingPoint size="50">	3.49985	0.358166	3.61792	3.46895	3.54888	2.4667	0.568519	3.43176	3.4072	3.62894	2.46921	0.730422	3.38721	3.49095	3.32454	3.5834	1.34587	3.5639	2.3942	2.50799	3.57314	0.749557	3.56389	5.57769	4.54034	3.46398	0.602195	3.65413	5.57587	5.55	2.5112	0.648947	3.3577	4.41646	4.45734	3.59292	1.14829	3.38588	2.39892	2.26322	3.76201	0.847136	3.45687	5.34003	5.45217	2.5092	0.617807	3.67028	5.71897	4.5857</FloatingPoint>
				<FloatingPoint size="20">	0.909325	0.821061	0.501425	0.879785	0.547358	0.922374	0.832613	0.699597	0.951509	0.923929	0.277275	0.974424	0.954884	0.997862	0.220003	0.585998	0.167482	0.991886	0.596675	0.888733</FloatingPoint>
			</Individual>
			<Individual size="2">
				<FitnessMax value="8.37465"/>
				<FloatingPoint size="50">	3.50248	0.445855	3.59841	3.47744	3.5387	2.46196	0.569001	3.45342	3.42579	3.57839	2.52497	0.657163	3.47274	3.3151	3.55087	3.58251	1.34621	3.55792	2.46108	2.41987	3.57363	0.628536	3.50709	5.40643	4.54094	3.44954	0.57465	3.53596	5.58308	5.56154	2.50715	0.648968	3.36435	4.41389	4.45738	3.59297	1.6204	3.35399	2.39945	2.26325	3.73359	0.860885	3.41053	5.33483	5.46583	2.51159	0.615003	3.67045	5.66743	4.58821</FloatingPoint>
				<FloatingPoint size="20">	0.908618	0.817675	0.48437	0.86044	0.528722	0.922529	0.314331	0.698411	0.952131	0.924621	0.606159	0.974125	0.630243	0.997862	0.519075	0.630283	0.242257	0.984461	0.275003	0.868862</FloatingPoint>
			</Individual>
			<Individual size="2">
				<FitnessMax value="8.37465"/>
				<FloatingPoint size="50">	3.48891	0.49985	3.60882	3.48378	3.52493	2.50792	0.628167	3.45347	3.42355	3.64585	2.44896	0.843405	3.4162	3.49359	3.28991	3.58026	1.34527	3.56451	2.68125	2.50307	3.56707	0.581586	3.56179	5.36565	4.54021	3.51533	0.535812	3.54045	5.57422	5.5092	2.50561	0.648997	3.35723	4.41429	4.45745	3.60499	1.47832	3.42148	2.46413	2.26979	3.36616	0.629402	3.44001	5.32439	5.46584	2.6075	0.816405	3.67001	5.63079	4.58924</FloatingPoint>
				<FloatingPoint size="20">	0.851919	0.815657	0.35682	0.860543	0.593359	0.928513	0.190387	0.651656	0.95215	0.921599	0.340017	0.974678	0.922977	0.997862	0.463065	0.598288	0.212966	0.987828	0.48434	0.867284</FloatingPoint>
			</Individual>
			<Individual size="2">
				<FitnessMax value="8.37465"/>
				<FloatingPoint size="50">	3.49934	0.508879	3.60687	3.48188	3.53716	2.49932	0.681197	3.45043	3.44008	3.66362	2.44642	0.973987	3.32921	3.50133	3.27463	3.58119	1.34488	3.55708	2.89458	2.50348	3.57218	0.617722	3.57565	5.31784	4.54012	3.53096	0.47657	3.50795	5.57167	5.48734	2.50557	0.648894	3.36113	4.41744	4.45746	3.60792	1.38842	3.38601	2.42019	2.26693	3.75441	0.684442	3.4315	5.32422	5.46731	2.5112	0.630261	3.66999	5.60441	4.58932</FloatingPoint>
				<FloatingPoint size="20">	0.822802	0.81295	0.501888	0.859391	0.167968	0.922393	0.329989	0.699313	0.949185	0.924079	0.947964	0.974496	0.62371	0.997862	0.495581	0.62958	0.319871	0.989927	0.283551	0.869023</FloatingPoint>
			</Individual>
			<Individual size="2">
				<FitnessMax value="8.14249"/>
				<FloatingPoint size="50">	3.48864	0.485042	3.6134	3.45577	3.54243	2.45741	0.607774	3.45002	0.86865	3.63091	2.50911	0.741738	3.48849	3.49994	3.30665	3.58209	1.3465	3.56483	2.4393	2.50547	3.57314	0.629575	3.55727	5.37417	4.54105	3.48324	0.585843	3.64169	5.5741	5.54161	2.50698	0.648965	3.35966	4.40722	4.4574	3.59271	1.16471	3.38596	2.44598	2.27039	3.75039	0.669163	3.41498	5.33468	5.46789	2.51202	0.614777	3.67012	5.63174	4.5896</FloatingPoint>
				<FloatingPoint size="20">	0.889906	0.820487	0.489262	0.870083	0.499676	0.925997	0.401109	0.694943	0.951448	0.923852	0.401654	0.974506	0.635354	0.997862	0.336823	0.591975	0.15409	0.989378	0.286852	0.878509</FloatingPoint>
			</Individual>
			<Individual size="2">
				<FitnessMax value="8.37465"/>
				<FloatingPoint size="50">	3.50889	0.382424	3.61479	3.47865	3.55965	2.45692	0.57662	3.39843	3.40816	3.63174	2.47183	0.873169	3.40235	3.4874	3.30312	3.58345	1.34585	3.56403	2.49394	2.50845	3.57229	0.656881	3.56409	5.54664	4.54035	3.86058	0.594884	3.65137	5.57657	5.53814	2.50358	0.648944	3.35773	4.41706	4.45734	3.59291	1.14869	3.3859	2.39879	2.26574	3.76136	0.771567	3.45571	5.34002	5.4575	2.50942	0.62004	3.67011	5.59976	4.58332</FloatingPoint>
				<FloatingPoint size="20">	0.909325	0.821061	0.501425	0.879785	0.547358	0.922374	0.832613	0.699597	0.951509	0.923929	0.277275	0.974424	0.954884	0.997862	0.220003	0.585998	0.167482	0.991886	0.596675	0.888733</FloatingPoint>
			</Individual>
			<Individual size="2">
				<FitnessMax value="8.37465"/>
				<FloatingPoint size="50">	3.49557	0.498835	3.60709	3.48513	3.53736	2.51458	0.581984	3.45691	3.40805	3.62318	2.44301	0.725264	3.64394	3.52052	3.30549	3.57604	1.3456	3.57118	2.56417	2.50151	3.55258	0.606277	3.56036	5.37944	4.54115	3.52639	0.589392	3.59992	5.57833	5.52696	2.51226	0.649062	3.3556	4.41358	4.45745	3.594	1.57468	3.37724	2.49516	2.26728	3.75533	0.61009	3.47328	5.33035	5.46654	2.51184	0.632714	3.66996	5.63634	4.59027</FloatingPoint>
				<FloatingPoint size="20">	0.917748	0.815697	0.512867	0.861188	0.495956	0.933642	0.188532	0.628542	0.952187	0.921085	0.845538	0.974632	0.991975	0.997862	0.595049	0.719737	0.137178	0.987471	0.342693	0.865688</FloatingPoint>
			</Individual>
			<Individual size="2">
				<FitnessMax value="8.37465"/>
				<FloatingPoint size="50">	3.50142	0.491357	3.61506	3.46611	3.53963	2.47816	0.601122	3.45373	3.40532	3.63215	2.44828	0.691314	3.48905	3.48096	3.33876	3.5795	1.34601	3.5584	2.45166	2.48441	3.57309	0.627634	3.56624	5.44105	4.54086	3.49844	0.569324	3.56124	5.52601	5.54913	2.50558	0.648967	3.36372	4.41381	4.45742	3.59848	1.37652	3.38412	2.42634	2.27391	3.75441	0.575354	3.40826	5.33324	5.46819	2.51134	0.619404	3.66992	5.62421	4.58658</FloatingPoint>
				<FloatingPoint size="20">	0.924428	0.849756	0.486534	0.898293	0.520595	0.921235	0.270287	0.700742	0.949956	0.92273	0.0892551	0.974973	0.59047	0.997862	0.348005	0.572839	0.458838	0.990169	0.287063	0.871716</FloatingPoint>
			</Individual>
			<Individual size="2">
				<FitnessMax value="7.9679"/>
				<FloatingPoint size="50">	3.51253	0.477421	3.61602	3.45926	3.54121	2.45478	0.595659	3.45468	3.40666	3.63313	2.53507	0.782363	3.48686	3.39542	3.30596	3.58289	1.34597	3.56511	2.5838	2.50469	3.55784	0.626845	3.56465	5.46635	4.54056	3.6801	0.568532	3.60224	5.44203	5.53076	2.50513	0.648972	3.36395	4.41541	4.45741	3.59559	1.22083	3.38587	2.42907	2.27081	3.7607	0.586195	3.37484	5.33465	5.46809	2.51095	0.625569	3.66997	5.58033	4.58599</FloatingPoint>
				<FloatingPoint size="20">	0.911517	0.816561	0.464478	0.86735	0.494407	0.932546	0.235344	0.696372	0.95027	0.924192	0.604177	0.9745	0.598636	0.152141	0.414966	0.612479	0.263762	0.987638	0.295926	0.868304</FloatingPoint>
			</Individual>
			<Individual size="2">
				<FitnessMax value="8.28084"/>
				<FloatingPoint size="50">	3.4987	0.476026	3.60658	3.4979	3.52448	2.4987	0.682566	3.45006	3.44017	3.66334	2.44887	0.814533	3.43553	3.48287	3.32211	3.5788	1.3456	3.55776	2.88971	2.51231	3.52049	0.522143	3.57338	5.37286	4.54046	3.51746	0.451542	3.49537	5.57207	5.48743	2.50674	0.648903	3.37359	4.40216	4.45743	3.60059	1.4902	3.38577	2.39897	2.27843	3.77241	0.415519	3.41615	5.33465	5.46961	2.68447	0.632971	3.66938	5.66309	4.59499</FloatingPoint>
				<FloatingPoint size="20">	0.869173	0.817171	0.50748	0.87446	0.462277	0.799984	0.272923	0.690379	0.951834	0.922383	0.701346	0.974629	0.5864	0.997862	0.532226	0.653801	0.164029	0.987959	0.302351	0.865813</FloatingPoint>
			</Individual>
			<Individual size="2">
				<FitnessMax value="8.37465"/>
				<FloatingPoint size="50">	3.48864	0.508469	3.6134	3.47669	3.53808	2.43922	0.569098	3.45328	3.40571	3.50671	2.44602	0.643603	3.48849	3.2842	3.00706	3.58209	1.3465	3.55449	2.4393	2.40539	3.57481	0.629575	3.56852	5.46415	4.54105	3.43156	0.573914	3.49561	5.58202	5.56183	2.50698	0.648965	3.36734	4.41229	4.45742	3.59271	1.64803	3.38568	2.39806	2.28029	3.75039	0.461032	3.41498	5.33468	5.46789	2.51202	0.614777	3.67048	5.63174	4.58897</FloatingPoint>
				<FloatingPoint size="20">	0.909325	0.818458	0.468412	0.863216	0.505174	0.930653	0.32057	0.695313	0.951833	0.923439	0.548721	0.97456	0.41629	0.997862	0.417876	0.593654	0.239999	0.989468	0.30752	0.871582</FloatingPoint>
			</Individual>
			<Individual size="2">
				<FitnessMax value="8.36262"/>
				<FloatingPoint size="50">	3.47956	0.484745	3.61241	3.45828	3.5405	2.37894	0.566935	3.45473	3.40618	3.62644	2.52399	0.84832	3.32927	3.44992	3.30512	3.5837	1.34632	3.55009	2.33454	2.51719	3.57535	0.635666	3.58132	5.58577	4.54154	3.39416	0.624292	3.6566	5.58187	5.57791	2.51522	0.648968	3.35769	4.41577	4.45734	3.59294	1.65377	3.38585	2.39894	2.27917	3.77203	0.411457	3.41657	5.33558	5.47577	2.51255	0.631609	3.66936	5.54008	4.59263</FloatingPoint>
				<FloatingPoint size="20">	0.424844	0.817094	0.434547	0.89708	0.580415	0.922239	0.302218	0.796401	0.949867	0.923571	0.547295	0.974253	0.669897	0.997862	0.443048	0.61114	0.42335	0.989711	0.276882	0.869031</FloatingPoint>
			</Individual>
			<Individual size="2">
				<FitnessMax value="8.37465"/>
				<FloatingPoint size="50">	3.48837	0.371002	3.61089	3.48589	3.53985	2.51433	0.592446	3.45638	3.42459	3.63228	2.50874	0.737767	3.41459	3.50514	3.30068	3.57981	1.34544	3.56353	2.55119	2.4496	3.54666	0.546116	3.56128	5.4492	4.54054	3.31093	0.453521	3.49514	5.57977	5.53745	2.50328	0.648956	3.34966	4.41007	4.45741	3.60043	1.55854	3.35353	2.40974	2.272	3.75466	0.464177	3.40937	5.33402	5.46803	2.51184	0.614932	3.67048	5.59243	4.58616</FloatingPoint>
				<FloatingPoint size="20">	0.928851	0.815024	0.498966	0.877718	0.54457	0.921103	0.350067	0.67652	0.951099	0.922997	0.456613	0.974619	0.39914	0.997862	0.524713	0.600686	0.262164	0.991758	0.330551	0.870357</FloatingPoint>
			</Individual>
			<Individual size="2">
				<FitnessMax value="8.37465"/>
				<FloatingPoint size="50">	3.49399	0.508674	3.61011	3.47928	3.53762	2.46927	0.625147	3.45186	3.42289	3.58516	2.44622	0.808795	3.40885	3.39277	3.32	3.58164	1.34569	3.55579	2.66694	2.45444	3.57349	0.623648	3.57208	5.391	4.54059	3.48126	0.529396	3.50178	5.57684	5.52458	2.50627	0.648929	3.37037	4.4064	4.45743	3.59271	1.65084	3.38585	2.39729	2.27973	3.76121	0.493303	3.41578	5.33513	5.47183	2.51228	0.623193	3.66992	5.65909	4.5908</FloatingPoint>
				<FloatingPoint size="20">	0.840814	0.818728	0.501673	0.872648	0.506817	0.92949	0.376011	0.67821	0.952107	0.922492	0.394867	0.974467	0.771508	0.997862	0.164814	0.684072	0.146227	0.989604	0.584449	0.898057</FloatingPoint>
			</Individual>
			<Individual size="2">
				<FitnessMax value="8.37465"/>
				<FloatingPoint size="50">	3.49399	0.508674	3.61011	3.47928	3.53762	2.46927	0.569098	3.45328	3.40571	3.50671	2.44602	0.264742	3.48849	3.2842	3.00706	3.58209	1.3465	3.55449	2.4393	2.40539	3.57481	0.629575	3.56852	5.46415	4.54105	3.43156	0.624292	3.6566	5.58187	5.57791	2.51522	0.648968	3.35769	4.41577	4.45734	3.59294	1.65377	3.38585	2.39894	2.27917	3.77203	0.411457	3.41657	5.33558	5.47577	2.51255	0.631609	3.66936	5.54008	4.59263</FloatingPoint>
				<FloatingPoint size="20">	0.869173	0.849756	0.501809	0.898293	0.665013	0.921235	0.270287	0.700742	0.949956	0.92273	0.572733	0.974257	0.59047	0.997862	0.348005	0.601276	0.348836	0.990924	0.308182	0.868925</FloatingPoint>
			</Individual>
			<Individual size="2">
				<FitnessMax value="8.06339"/>
				<FloatingPoint size="50">	3.45701	0.357149	3.61565	3.48113	3.55491	2.49336	0.574152	3.45468	3.41107	3.63769	2.56961	0.95779	3.33781	3.51803	3.30429	3.5839	1.34512	3.5665	2.58075	2.50861	3.56923	0.649414	3.56269	5.49598	4.54061	3.28389	0.583232	3.63913	5.57907	5.52322	2.49801	0.648941	0.795086	4.4173	4.45736	3.59339	1.36479	3.38596	2.39873	2.26836	3.76198	0.50261	3.40572	5.33435	5.47113	2.5205	0.626982	3.67014	5.54637	4.5828</FloatingPoint>
				<FloatingPoint size="20">	0.909325	0.821061	0.501425	0.879785	0.547358	0.922374	0.417741	0.699597	0.951509	0.923929	0.347915	0.974424	0.954884	0.997862	0.220003	0.585998	0.167482	0.991886	0.596675	0.888733</FloatingPoint>
			</Individual>
			<Individual size="2">
				<FitnessMax value="8.37465"/>
				<FloatingPoint size="50">	3.50248	0.445855	3.59841	3.47744	3.5387	2.46196	0.569001	3.45342	3.42579	3.57839	2.52497	0.657163	3.47274	3.3151	3.55087	3.58251	1.34621	3.55792	2.46108	2.41987	3.57363	0.628536	3.50709	5.40643	4.54094	3.44954	0.57465	3.53596	5.58308	5.56154	2.50715	0.648968	3.36435	4.41389	4.45738	3.59297	1.6204	3.35399	2.39945	2.26325	3.73359	0.860885	3.41053	5.33483	5.46583	2.51159	0.615003	3.67045	5.66743	4.58821</FloatingPoint>
				<FloatingPoint size="20">	0.894793	0.833626	0.487198	0.860842	0.501132	0.93285	0.285372	0.638294	0.95218	0.923359	0.698677	0.974487	0.746924	0.997862	0.53437	0.687581	0.173549	0.98497	0.300549	0.86835</FloatingPoint>
			</Individual>
			<Individual size="2">
				<FitnessMax value="8.26377"/>
				<FloatingPoint size="50">	3.50889	0.332932	3.61637	3.4631	3.54393	2.50484	0.566852	3.45534	3.40483	3.63177	2.60171	0.773631	3.34254	3.50796	3.31861	3.58317	1.34551	3.56682	2.44651	2.50471	3.56965	0.550498	3.54599	5.46678	4.54043	3.36223	0.241967	3.64195	5.57659	5.54121	2.50218	0.648949	3.34899	4.41277	4.45739	3.59556	1.39555	3.37942	2.41029	2.26607	3.76005	0.674378	3.45093	5.33527	5.46827	2.50941	0.619297	3.67023	5.58465	4.58376</FloatingPoint>
				<FloatingPoint size="20">	0.424844	0.817094	0.434547	0.879785	0.580415	0.922374	0.417741	0.796401	0.951509	0.923571	0.547295	0.974253	0.954884	0.997862	0.220003	0.585998	0.42335	0.991886	0.596675	0.775842</FloatingPoint>
			</Individual>
			<Individual size="2">
				<FitnessMax value="8.37465"/>
				<FloatingPoint size="50">	3.49771	0.298053	3.61686	3.4532	3.53872	2.47973	0.566861	3.45655	3.4019	3.63168	2.50706	0.642624	3.3335	3.48675	3.51645	3.58308	1.34575	3.563	2.33541	2.50433	3.57613	0.632846	3.42942	5.44913	4.53993	3.4114	0.62209	3.60067	5.57972	5.56839	2.51412	0.649136	3.35755	4.40903	4.45737	3.59286	1.36952	3.31395	2.39831	2.26727	3.70492	0.619375	3.42901	5.33567	5.45264	2.50945	0.610816	3.67076	5.71715	4.5862</FloatingPoint>
				<FloatingPoint size="20">	0.869173	0.849756	0.486534	0.851145	0.520595	0.924516	0.385587	0.71348	0.951174	0.923079	0.0892551	0.974973	0.496095	0.997862	0.511566	0.572839	0.458838	0.990169	0.287063	0.871716</FloatingPoint>
			</Individual>
			<Individual size="2">
				<FitnessMax value="8.37465"/>
				<FloatingPoint size="50">	3.49476	0.48764	3.60789	3.50305	3.52433	2.51329	0.63563	3.45563	3.42906	3.62112	2.44903	0.756916	3.46983	3.47475	3.29722	3.57778	1.3457	3.56162	2.88856	2.44146	3.53417	0.566854	3.57016	5.37367	4.54045	3.49215	0.500638	3.49439	5.57309	5.51732	2.5076	0.648956	3.36437	4.40227	4.45745	3.60101	1.64803	3.38568	2.4118	2.26923	3.75998	0.669727	3.37709	5.33052	5.46613	2.51001	0.623052	3.67017	5.58916	4.58408</FloatingPoint>
				<FloatingPoint size="20">	0.909325	0.821061	0.501425	0.879785	0.547358	0.922374	0.417741	0.699597	0.951509	0.923929	0.277275	0.974424	0.954884	0.997862	0.220003	0.585998	0.0675805	0.991886	0.596675	0.888733</FloatingPoint>
			</Individual>
			<Individual size="2">
				<FitnessMax value="8.37465"/>
				<FloatingPoint size="50">	3.49934	0.508879	3.60687	3.48188	3.53716	2.49932	0.681197	3.45043	3.44008	3.66362	2.44642	0.973987	3.32921	3.50133	3.27463	3.58119	1.34488	3.55708	2.85882	2.50595	3.5725	0.612231	3.56007	5.31494	4.54018	3.52277	0.487345	3.51521	5.57242	5.49323	2.50412	0.648909	3.36113	4.41665	4.45745	3.60682	1.36151	3.37808	2.42573	2.26776	3.75078	0.660274	3.43654	5.32297	5.46738	2.51112	0.631631	3.67004	5.60681	4.59551</FloatingPoint>
				<FloatingPoint size="20">	0.911269	0.817498	0.479731	0.867596	0.457033	0.942573	0.170683	0.700267	0.950338	0.923976	0.650149	0.97436	0.996506	0.997862	0.504524	0.612067	0.236055	0.985787	0.291699	0.868815</FloatingPoint>
			</Individual>
			<Individual size="2">
				<FitnessMax value="8.37465"/>
				<FloatingPoint size="50">	3.49399	0.508674	3.61011	3.47928	3.53762	2.46927	0.625147	3.45186	3.42289	3.58516	2.44622	0.808795	3.40885	3.39277	3.32	3.58164	1.34569	3.55579	2.66694	2.45444	3.57349	0.623648	3.57208	5.391	4.54059	3.48126	0.529396	3.50178	5.57684	5.52458	2.50627	0.648929	3.37037	4.4064	4.45743	3.59271	1.65084	3.38585	2.39729	2.27973	3.76121	0.493303	3.41578	5.33513	5.47183	2.51228	0.623193	3.66992	5.65909	4.5908</FloatingPoint>
				<FloatingPoint size="20">	0.869601	0.816334	0.493161	0.864919	0.455953	0.924304	0.10553	0.641671	0.950868	0.92226	0.719089	0.973596	0.429696	0.997862	0.508156	0.599554	0.245935	0.988621	0.269246	0.867745</FloatingPoint>
			</Individual>
			<Individual size="2">
				<FitnessMax value="8.37465"/>
				<FloatingPoint size="50">	3.48624	0.499748	3.61044	3.48248	3.52516	2.4929	0.572117	3.4549	3.40636	3.56739	2.44875	0.488783	3.49584	3.38503	3.15612	3.58071	1.34608	3.56321	2.45361	2.45403	3.56838	0.587512	3.5594	5.43881	4.54068	3.46563	0.585895	3.54588	5.57861	5.51177	2.5067	0.648991	3.36133	4.40844	4.45743	3.5984	1.60714	3.42143	2.45319	2.27684	3.75122	0.502138	3.43234	5.32919	5.46687	2.60981	0.628772	3.67009	5.59347	4.58929</FloatingPoint>
				<FloatingPoint size="20">	0.908646	0.815697	0.512867	0.861188	0.495956	0.933642	0.188532	0.628542	0.952187	0.921085	0.845538	0.974721	0.991975	0.997862	0.147482	0.719737	0.137178	0.987471	0.535965	0.865688</FloatingPoint>
			</Individual>
			<Individual size="2">
				<FitnessMax value="8.37465"/>
				<FloatingPoint size="50">	3.49031	0.485099	3.61515	3.46275	3.54091	2.48743	0.609839	3.45422	3.40521	3.63329	2.49061	0.735867	3.48982	3.49778	3.31829	3.57677	1.50058	3.56186	2.51863	2.4946	3.56488	0.625359	3.56554	5.42255	4.54063	3.57792	0.560459	3.59184	5.44238	5.53932	2.50458	0.64897	3.36366	4.41461	4.45742	3.6027	1.34994	3.38364	2.43182	2.27026	3.75789	0.575389	3.38298	5.33199	5.46829	2.51102	0.624504	3.66986	5.60302	4.58579</FloatingPoint>
				<FloatingPoint size="20">	0.869173	0.849756	0.501809	0.898293	0.665013	0.921235	0.270287	0.699313	0.949185	0.924079	0.947964	0.974496	0.62371	0.997862	0.495581	0.62958	0.319871	0.989927	0.283551	0.869023</FloatingPoint>
			</Individual>
			<Individual size="2">
				<FitnessMax value="8.37465"/>
				<FloatingPoint size="50">	3.47372	0.501491	3.61151	3.45786	3.48943	2.36286	0.566825	3.45465	3.40631	3.60959	2.54691	0.539202	3.32846	3.46876	3.54385	3.58364	1.34533	3.60781	2.39964	2.53767	3.57661	0.541728	3.36002	5.2777	4.54093	3.41767	0.625698	3.60842	5.58211	5.56888	2.48548	0.649097	3.3611	4.40656	4.45737	3.59265	1.01605	3.2762	2.49693	2.27851	3.70411	0.349961	3.50121	5.30689	5.4682	2.50999	0.64922	3.67073	5.63761	4.67491</FloatingPoint>
				<FloatingPoint size="20">	0.928851	0.816973	0.466486	0.870396	0.436804	0.952418	0.0946835	0.755349	0.950295	0.923495	0.74812	0.97438	0.860698	0.997862	0.499655	0.607694	0.218548	0.989674	0.321336	0.868801</FloatingPoint>
			</Individual>
			<Individual size="2">
				<FitnessMax value="8.06339"/>
				<FloatingPoint size="50">	3.51253	0.477421	3.61602	3.45926	3.54121	2.45478	0.595659	3.45468	3.40666	3.63313	2.53507	0.782363	3.48686	3.39542	3.30309	3.58424	1.34509	3.56709	2.55994	2.50836	3.57251	0.657987	3.56197	5.50428	4.54062	3.26816	0.592102	3.64881	5.57955	5.52564	2.49742	0.648944	3.35776	3.96335	4.45736	3.5929	1.35634	3.38597	2.39872	2.26768	3.76128	0.508476	3.40501	5.33433	5.47124	2.50945	0.626579	3.67019	5.53851	4.58198</FloatingPoint>
				<FloatingPoint size="20">	0.909325	0.821061	0.501425	0.879785	0.547358	0.922374	0.417741	0.699597	0.951509	0.923929	0.347915	0.974424	0.954884	0.997862	0.220003	0.585998	0.167482	0.991886	0.596675	0.888733</FloatingPoint>
			</Individual>
			<Individual size="2">
				<FitnessMax value="7.71757"/>
				<FloatingPoint size="50">	3.48864	0.508469	3.6134	3.47669	3.53808	2.43922	0.569098	3.45328	3.40571	3.50671	2.44602	0.643603	3.48849	3.2842	3.00706	3.58209	1.3465	3.55449	2.4393	2.40539	3.57481	0.629575	3.56852	5.46415	4.54105	3.43156	0.573914	3.49561	5.58202	5.56183	2.50698	0.648965	3.36734	4.41229	4.45742	3.59271	1.64803	3.38568	2.39806	2.28029	3.75039	0.461032	3.41498	5.33468	5.46789	2.51202	0.614777	3.67048	1.69037	4.58897</FloatingPoint>
				<FloatingPoint size="20">	0.907951	0.816082	0.49962	0.859491	0.189144	0.927504	0.323327	0.698441	0.949675	0.924046	0.880532	0.974539	0.422147	0.997862	0.467086	0.602426	0.258565	0.989512	0.298423	0.87057</FloatingPoint>
			</Individual>
			<Individual size="2">
				<FitnessMax value="8.37465"/>
				<FloatingPoint size="50">	3.47372	0.501491	3.61472	3.46839	3.51409	2.42363	0.56716	3.45462	3.40557	3.61249	2.51315	0.541349	3.35167	3.45304	3.50768	3.58402	1.34567	3.59025	2.36646	2.52786	3.57598	0.588976	3.47132	5.43309	4.54124	3.40569	0.62521	3.63334	5.58199	5.57349	2.50047	0.649032	3.35935	4.4112	4.45736	3.59279	1.33666	3.33132	2.44767	2.26888	3.73262	0.667865	3.44552	5.32375	5.46709	2.50977	0.625845	3.67048	5.58976	4.63228</FloatingPoint>
				<FloatingPoint size="20">	0.827085	0.817498	0.479731	0.867596	0.457033	0.942573	0.170683	0.700267	0.950338	0.923976	0.650149	0.97436	0.705956	0.997862	0.504524	0.612067	0.236055	0.985787	0.291699	0.868815</FloatingPoint>
			</Individual>
			<Individual size="2">
				<FitnessMax value="8.37465"/>
				<FloatingPoint size="50">	3.48864	0.508469	3.6134	3.45577	3.53865	2.43922	0.607774	3.45328	3.06011	3.64037	2.46172	0.956482	3.48849	3.49994	3.32937	3.58209	1.3465	3.55449	2.4393	2.50454	3.57314	0.629575	3.55727	5.46415	4.54105	3.52789	0.573914	3.64169	5.5741	5.56183	2.50698	0.648965	3.35928	4.40722	4.45736	3.59271	1.16471	3.38596	2.39885	2.28029	3.75039	0.827558	3.41498	5.33468	5.46789	2.51202	0.614777	3.66979	5.63174	4.5896</FloatingPoint>
				<FloatingPoint size="20">	0.909325	0.821061	0.501425	0.879785	0.452628	0.922374	0.417741	0.699597	0.951509	0.923929	0.277275	0.974424	0.458148	0.997862	0.436231	0.585998	0.14695	0.991886	0.285379	0.888733</FloatingPoint>
			</Individual>
			<Individual size="2">
				<FitnessMax value="8.3734"/>
				<FloatingPoint size="50">	3.49399	0.508674	3.61011	3.47928	3.53762	2.46927	0.569098	3.45328	3.40571	3.50671	2.44602	0.264742	3.48849	3.2842	3.00706	3.58209	1.3465	3.55449	2.4393	2.40539	3.57481	0.629575	3.56852	5.46415	4.54105	3.43156	0.624292	3.6566	5.58187	5.57791	2.51522	0.648968	3.35769	4.41577	4.45734	3.59294	1.65377	3.38585	2.39894	2.27917	3.77203	0.411457	3.41657	5.33558	5.47577	2.51255	0.631609	3.66936	5.54008	4.59263</FloatingPoint>
				<FloatingPoint size="20">	0.842102	0.816129	0.511374	0.8897	0.511437	0.92891	0.313828	0.809132	0.951732	0.923679	0.621369	0.974432	0.677527	0.997862	0.154069	0.647947	0.223701	0.988211	0.233455	0.867787</FloatingPoint>
			</Individual>
			<Individual size="2">
				<FitnessMax value="8.37465"/>
				<FloatingPoint size="50">	3.50142	0.491357	3.61506	3.46611	3.53963	2.47816	0.601122	3.45373	3.40532	3.63215	2.44828	0.691314	3.48905	3.48096	3.33876	3.5795	1.34601	3.5584	2.45166	2.48441	3.57309	0.627634	3.56624	5.44105	4.54086	3.49844	0.569324	3.56124	5.52601	5.54913	2.50558	0.648967	3.36372	4.41381	4.45742	3.59848	1.37652	3.38412	2.42634	2.27391	3.75441	0.575354	3.40826	5.33324	5.46819	2.51134	0.619404	3.66992	5.62421	4.58658</FloatingPoint>
				<FloatingPoint size="20">	0.894793	0.814603	0.502391	0.895076	0.510137	0.928643	0.230129	0.652388	0.950312	0.921366	0.682296	0.974301	0.0104199	0.997862	0.172183	0.69807	0.194443	0.990685	0.406585	0.865904</FloatingPoint>
			</Individual>
			<Individual size="2">
				<FitnessMax value="8.37465"/>
				<FloatingPoint size="50">	3.47956	0.382424	3.61241	3.47865	3.5405	2.45692	0.57662	3.39843	3.40618	3.62644	2.52399	0.84832	3.40235	3.44992	3.30512	3.58345	1.34632	3.56403	2.49394	2.50845	3.57535	0.635666	3.58132	5.3264	4.54154	3.39416	0.589904	3.61339	5.58187	5.52702	2.51522	0.648968	3.35814	4.41242	4.45734	3.59389	1.65377	3.3857	2.39894	2.27917	3.75649	0.411457	3.3526	5.32913	5.46023	2.51255	0.631609	3.67019	5.54008	4.21717</FloatingPoint>
				<FloatingPoint size="20">	0.829839	0.817421	0.425708	0.901296	0.579189	0.921213	0.314936	0.801554	0.949833	0.923848	0.572094	0.974214	0.668078	0.997862	0.442728	0.604955	0.446016	0.98989	0.282508	0.869108</FloatingPoint>
			</Individual>
			<Individual size="2">
				<FitnessMax value="8.37465"/>
				<FloatingPoint size="50">	3.49399	0.508674	3.61011	3.47928	3.53762	2.46927	0.625147	3.45186	3.42289	3.58516	2.44622	0.808795	3.40885	3.39277	3.32	3.58164	1.34569	3.55579	2.66694	2.45444	3.57349	0.623648	3.57208	5.391	4.54059	3.48126	0.529396	3.50178	5.57684	5.52458	2.50627	0.648929	3.37037	4.4064	4.45743	3.59271	1.65084	3.38585	2.39729	2.27973	3.75226	0.542047	3.41349	5.33339	5.46809	2.51167	0.6148	3.67043	5.62912	4.58754</FloatingPoint>
				<FloatingPoint size="20">	0.894793	0.81564	0.202914	0.860002	0.631622	0.927837	0.232428	0.67817	0.952129	0.921683	0.281399	0.97463	0.891404	0.997862	0.51537	0.566243	0.834599	0.988294	0.267193	0.873318</FloatingPoint>
			</Individual>
			<Individual size="2">
				<FitnessMax value="7.7324"/>
				<FloatingPoint size="50">	3.49099	0.509072	3.59699	3.47897	3.54039	2.09771	0.569122	3.45338	3.40572	3.52059	2.44526	0.643921	3.49439	3.26867	3.53225	3.58209	1.3465	3.55738	2.45357	2.40829	3.57197	0.628648	3.56842	1.87874	4.54104	3.43394	0.571481	3.4973	5.58099	5.55563	2.50683	0.648887	3.36847	4.41232	4.45742	3.59405	1.64649	3.3858	2.39837	2.28099	3.74954	0.503317	3.41503	5.33402	5.46791	2.51216	0.616007	3.67047	5.64709	4.58912</FloatingPoint>
				<FloatingPoint size="20">	0.908953	0.842082	0.502977	0.862165	0.606768	0.92788	0.240403	0.684211	0.949992	0.92131	0.390199	0.974354	0.600601	0.997862	0.412869	0.661645	0.324927	0.988697	0.251088	0.868918</FloatingPoint>
			</Individual>
			<Individual size="2">
				<FitnessMax value="8.37465"/>
				<FloatingPoint size="50">	3.47956	0.484745	3.61241	3.45828	3.5405	2.37894	0.566935	3.45473	3.40618	3.62644	2.52399	0.596701	3.33569	3.46579	3.45925	3.58444	1.34559	3.56448	2.39883	2.51502	3.57627	0.574287	3.40963	5.33725	4.54087	3.4241	0.621198	3.60839	5.58333	5.56918	2.49252	0.649066	3.36062	4.40853	4.45737	3.5927	1.12086	3.30268	2.47325	2.27695	3.71661	0.452107	3.48336	5.31452	5.46639	2.50983	0.638612	3.67096	5.64401	4.65406</FloatingPoint>
				<FloatingPoint size="20">	0.928851	0.816973	0.466486	0.870396	0.436804	0.952418	0.0946835	0.755349	0.950295	0.923495	0.74812	0.97438	0.860698	0.997862	0.529672	0.607694	0.218548	0.989674	0.321336	0.868801</FloatingPoint>
			</Individual>
			<Individual size="2">
				<FitnessMax value="8.06339"/>
				<FloatingPoint size="50">	3.51253	0.477421	3.61602	3.45926	3.54121	2.45478	0.595659	3.45468	3.40666	3.63313	2.53507	0.782363	3.48686	3.39542	3.30596	3.58289	1.34597	3.56511	2.5838	2.50469	3.55784	0.626845	3.56465	5.46635	4.54056	3.6801	0.568532	3.60224	5.44203	5.53076	6.63898	0.648972	3.36395	4.41541	4.45741	3.59559	1.22083	3.38587	2.42907	2.27081	3.7607	0.586195	3.37484	5.33465	5.46809	2.51095	0.625569	3.66997	5.58033	4.58599</FloatingPoint>
				<FloatingPoint size="20">	0.911766	0.815624	0.449226	0.867105	0.531781	0.922519	0.300006	0.692477	0.950203	0.923929	0.277275	0.974424	0.954884	0.997862	0.220003	0.585998	0.167482	0.991886	0.596675	0.888733</FloatingPoint>
			</Individual>
			<Individual size="2">
				<FitnessMax value="8.37465"/>
				<FloatingPoint size="50">	3.4542	0.41393	3.61324	3.45625	3.54269	2.48726	0.577025	3.45589	3.41854	3.63115	2.54217	0.892018	3.33289	3.50637	3.31862	3.58318	1.34602	3.55881	2.61818	2.50459	3.57318	0.68608	3.55955	5.44917	4.54011	3.6546	0.564016	3.64901	5.57487	5.50153	2.51318	0.648915	3.35857	4.41649	4.45734	3.5928	1.15034	3.38593	2.3988	2.26979	3.76671	0.777413	3.44611	5.33778	5.46114	2.50991	0.628107	3.67009	5.60927	4.58637</FloatingPoint>
				<FloatingPoint size="20">	0.875873	0.842219	0.627048	0.872333	0.00950153	0.916861	0.330321	0.672621	0.949846	0.923489	0.280776	0.974498	0.469363	0.997862	0.293704	0.5961	0.28223	0.989704	0.27942	0.868799</FloatingPoint>
			</Individual>
			<Individual size="2">
				<FitnessMax value="8.17197"/>
				<FloatingPoint size="50">	3.50889	0.505967	3.61305	3.45577	3.53865	2.49096	0.607774	3.45605	3.42099	3.64037	2.46172	0.956482	3.32985	3.49994	3.32937	3.58272	1.34619	3.55726	2.64863	2.50454	3.57314	0.749268	3.55727	5.43881	4.54001	3.52789	0.552893	3.64169	5.5741	5.49668	2.5144	0.648905	3.35928	4.40722	4.45736	3.59272	1.16471	3.38596	2.39885	2.27016	3.77191	0.827558	3.43627	5.33622	5.46494	2.50995	0.630055	3.66979	5.69548	4.5896</FloatingPoint>
				<FloatingPoint size="20">	0.896952	0.84401	0.495465	0.845157	0.474777	0.92491	0.378159	0.685435	0.950133	0.923119	0.449134	0.974921	0.440613	0.997862	0.294659	0.0911582	0.364468	0.990178	0.27961	0.87163</FloatingPoint>
			</Individual>
			<Individual size="2">
				<FitnessMax value="8.27567"/>
				<FloatingPoint size="50">	3.49557	0.498835	3.60709	3.48513	3.53736	2.51458	0.581984	3.45691	3.40805	3.62318	2.44301	0.725264	3.64394	3.52052	3.30549	3.57604	1.3456	3.57118	2.56417	2.50151	3.55258	0.606277	3.56036	5.37944	4.54115	3.52639	0.589392	3.59992	5.57833	5.52696	2.51226	0.649062	3.3556	4.41358	4.45745	3.594	1.57468	3.37724	2.49516	2.26728	3.75533	0.61009	3.47328	5.33035	5.46654	2.51184	0.632714	3.66996	5.63634	4.59027</FloatingPoint>
				<FloatingPoint size="20">	0.877682	0.81295	0.501888	0.859391	0.167968	0.922393	0.329989	0.699313	0.949185	0.924079	0.947964	0.974496	0.62371	0.997862	0.495581	0.62958	0.446671	0.989927	0.283551	0.869023</FloatingPoint>
			</Individual>
			<Individual size="2">
				<FitnessMax value="7.84672"/>
				<FloatingPoint size="50">	3.47956	0.382424	3.61241	3.47865	3.5405	2.45692	0.57662	3.39843	3.40618	3.62644	2.52399	0.84832	3.40235	3.44992	3.30512	3.58345	1.34632	3.56403	2.49394	2.50845	3.57535	0.635666	3.58132	5.3264	4.54154	3.39416	0.589904	3.61339	5.58187	5.52702	2.51522	0.648968	3.35814	4.41242	4.45734	3.59389	1.65377	3.3857	2.39894	2.27917	3.75649	0.411457	3.3526	5.32913	6.42879	2.51255	0.631609	3.67019	5.54008	4.21717</FloatingPoint>
				<FloatingPoint size="20">	0.917748	0.815697	0.512867	0.861188	0.495956	0.933642	0.188532	0.628542	0.952187	0.921085	0.845538	0.974632	0.991975	0.997862	0.595049	0.719737	0.137178	0.987471	0.342693	0.865688</FloatingPoint>
			</Individual>
			<Individual size="2">
				<FitnessMax value="8.37465"/>
				<FloatingPoint size="50">	3.33481	0.333547	3.61637	3.47569	3.54339	2.22696	0.566913	3.45647	3.40686	3.63131	2.58413	0.765087	3.33978	3.51495	3.3199	3.58276	1.34583	3.56678	2.51717	2.50447	3.57267	0.546226	3.55992	5.51784	4.54083	3.34018	0.285411	3.64322	5.57753	5.54091	2.50221	0.648951	3.3556	4.41284	4.45738	3.59414	1.30284	3.322	2.40301	2.26656	3.76093	0.540256	3.44623	5.33554	5.45764	2.50941	0.620026	3.67032	5.58568	4.5837</FloatingPoint>
				<FloatingPoint size="20">	0.851919	0.815833	0.36786	0.866876	0.469971	0.908508	0.310271	0.818671	0.947747	0.920378	0.581555	0.974852	0.686554	0.997862	0.351527	0.61198	0.150286	0.987499	0.276325	0.864568</FloatingPoint>
			</Individual>
			<Individual size="2">
				<FitnessMax value="8.37465"/>
				<FloatingPoint size="50">	3.49399	0.508674	3.61011	3.47928	3.53762	2.46927	0.569098	3.45328	3.40571	3.50671	2.44602	0.643603	3.48849	3.2842	3.00706	3.58209	1.3465	3.55449	2.4393	2.40539	3.57481	0.629575	3.56852	5.46415	4.54105	3.60915	0.573914	3.49561	5.58202	5.56183	2.50698	0.648965	3.36734	4.41229	4.45742	3.59271	1.64803	3.38568	2.39806	2.28029	3.75039	0.461032	3.41498	5.33468	5.46789	2.51202	0.614777	3.67048	5.63174	4.58897</FloatingPoint>
				<FloatingPoint size="20">	0.918142	0.81943	0.513239	0.845015	0.601913	0.926182	0.350148	0.644779	0.95207	0.922484	0.733277	0.974672	0.947568	0.997862	0.541889	0.616997	0.196451	0.99065	0.29071	0.886138</FloatingPoint>
			</Individual>
			<Individual size="2">
				<FitnessMax value="8.14249"/>
				<FloatingPoint size="50">	3.48864	0.508469	3.6134	3.45577	3.53865	2.43922	0.607774	3.45328	3.06011	3.64037	2.46172	0.956482	3.48849	3.49994	1.25805	3.58209	1.3465	3.55449	2.4393	2.50454	3.57314	0.629575	3.55727	5.46415	4.54105	3.52789	0.573914	3.64169	5.5741	5.56183	2.50698	0.648965	3.35928	4.40722	4.45736	3.59271	1.16471	3.38596	2.39885	2.28029	3.75039	0.827558	3.41498	5.33468	5.46789	2.51202	0.614777	3.66979	5.63174	4.5896</FloatingPoint>
				<FloatingPoint size="20">	0.90369	0.820779	0.493141	0.870867	0.521143	0.923163	0.589254	0.697831	0.951506	0.923895	0.321912	0.974485	0.902123	0.997862	0.312178	0.588709	0.16122	0.991291	0.558052	0.879587</FloatingPoint>
			</Individual>
			<Individual size="2">
				<FitnessMax value="8.37465"/>
				<FloatingPoint size="50">	3.45909	0.32544	3.61609	3.47654	3.54439	2.11104	0.566849	3.45652	3.40234	3.6335	2.60582	0.723905	3.34505	3.50551	3.32345	3.57983	1.34542	3.567	2.40646	2.50434	3.56878	0.531452	3.51071	5.46585	4.54097	3.30032	0.213839	3.63972	5.58014	5.54256	2.49984	0.648953	3.34841	4.41191	4.4574	3.59705	1.45097	3.3074	2.41489	2.26694	3.75909	0.503006	3.38715	5.33399	5.47005	2.5094	0.619266	3.67052	5.57667	4.58474</FloatingPoint>
				<FloatingPoint size="20">	0.851919	0.815833	0.36786	0.866876	0.469971	0.908508	0.310271	0.818671	0.947747	0.920378	0.581555	0.974852	0.686554	0.997862	0.351527	0.61198	0.150286	0.987499	0.276325	0.864568</FloatingPoint>
			</Individual>
			<Individual size="2">
				<FitnessMax value="8.37465"/>
				<FloatingPoint size="50">	3.50889	0.505967	3.61305	3.45577	3.53865	2.49096	0.607774	3.45605	3.42099	3.64037	2.46172	0.956482	3.32985	3.49994	3.32937	3.58272	1.34619	3.55726	2.64863	2.50454	3.57314	0.749268	3.55727	5.43881	4.54001	3.52789	0.552893	3.64169	5.5741	5.49668	2.5144	0.648905	3.35928	4.40722	4.45736	3.59272	1.16471	3.38596	2.39885	2.27016	3.77191	0.827558	3.43627	5.33622	5.46494	2.50995	0.630055	3.66979	5.69548	4.5896</FloatingPoint>
				<FloatingPoint size="20">	0.875873	0.842219	0.627048	0.872333	0.00950153	0.916861	0.330321	0.672621	0.949846	0.923489	0.280776	0.974498	0.469363	0.997862	0.293704	0.5961	0.28223	0.989704	0.27942	0.868799</FloatingPoint>
			</Individual>
			<Individual size="2">
				<FitnessMax value="8.37465"/>
				<FloatingPoint size="50">	3.50248	0.421606	3.61786	3.47879	3.53849	2.48336	0.567505	3.45457	3.40485	3.61442	2.47946	0.544329	3.37561	3.43618	3.46792	3.58437	1.346	3.57272	2.33454	2.51719	3.57535	0.635666	3.58132	5.58577	4.54154	3.39416	0.624292	3.6566	5.58187	5.57791	2.51522	0.648968	3.35769	4.41577	4.45734	3.59294	1.65377	3.38585	2.39894	2.25954	3.76074	0.977901	3.39064	5.34037	5.46601	2.50957	0.602823	3.67024	5.54318	4.5901</FloatingPoint>
				<FloatingPoint size="20">	0.916184	0.819291	0.504765	0.877817	0.202586	0.922706	0.196551	0.697822	0.950967	0.924044	0.56373	0.97474	0.461408	0.997862	0.905501	0.582879	0.257796	0.989845	0.29747	0.868221</FloatingPoint>
			</Individual>
			<Individual size="2">
				<FitnessMax value="8.37465"/>
				<FloatingPoint size="50">	3.47372	0.501491	3.61151	3.45786	3.48943	2.36286	0.566825	3.45465	3.40631	3.60959	2.54691	0.539202	3.32846	3.46876	3.54385	3.58364	1.34533	3.60781	2.39964	2.53767	3.57661	0.541728	3.36002	5.2777	4.54093	3.41767	0.625698	3.60842	5.58211	5.56888	2.48548	0.649097	3.3611	4.40656	4.45737	3.59265	1.01605	3.2762	2.49693	2.27851	3.70411	0.349961	3.50121	5.30689	5.4682	2.50999	0.64922	3.67073	5.63761	4.67491</FloatingPoint>
				<FloatingPoint size="20">	0.909325	0.831598	0.481808	0.865378	0.48557	0.936568	0.177585	0.706948	0.950402	0.923501	0.271282	0.974494	0.660604	0.997862	0.505397	0.584509	0.330487	0.990043	0.29008	0.870134</FloatingPoint>
			</Individual>
			<Individual size="2">
				<FitnessMax value="8.37465"/>
				<FloatingPoint size="50">	3.49476	0.48764	3.60789	3.50305	3.52433	2.51329	0.63563	3.45563	3.42906	3.62112	2.44903	0.756916	3.46983	3.47475	3.29722	3.57778	1.3457	3.56162	2.88856	2.44146	3.53417	0.566854	3.57016	5.37367	4.54045	3.49215	0.500638	3.49439	5.57309	5.51732	2.5076	0.648956	3.36437	4.40227	4.45745	3.60101	1.64803	3.38568	2.39806	2.28029	3.75039	0.461032	3.41498	5.33468	5.46789	2.51202	0.614777	3.67048	5.63174	4.58897</FloatingPoint>
				<FloatingPoint size="20">	0.915047	0.821061	0.501425	0.879785	0.547358	0.922374	0.417741	0.628542	0.951509	0.923929	0.845538	0.974632	0.991975	0.997862	0.539151	0.585998	0.137178	0.991886	0.163083	0.888733</FloatingPoint>
			</Individual>
			<Individual size="2">
				<FitnessMax value="8.37465"/>
				<FloatingPoint size="50">	3.48864	0.508469	3.6134	3.45577	3.53865	2.43922	0.607774	3.45328	3.06011	3.64037	2.46172	0.956482	3.48849	3.49994	3.32937	3.58209	1.3465	3.55449	2.4393	2.50454	3.57314	0.629575	3.55727	5.46415	4.54105	3.52789	0.573914	3.64169	5.5741	5.56183	2.50698	0.648965	3.35928	4.40722	4.45736	3.59271	1.16471	3.38596	2.39885	2.28029	3.75039	0.827558	3.41498	5.33468	5.46789	2.51202	0.614777	3.66979	5.63174	4.5896</FloatingPoint>
				<FloatingPoint size="20">	0.889906	0.820487	0.489262	0.870083	0.499676	0.925997	0.401109	0.694943	0.951448	0.923852	0.401654	0.974506	0.635354	0.997862	0.336823	0.591975	0.15409	0.989378	0.286852	0.878509</FloatingPoint>
			</Individual>
			<Individual size="2">
				<FitnessMax value="8.37465"/>
				<FloatingPoint size="50">	3.49399	0.508674	3.61011	3.47928	3.53762	2.46927	0.569098	3.45328	3.40571	3.50671	2.44602	0.264742	3.48849	3.2842	3.00706	3.58209	1.3465	3.55449	2.4393	2.40539	3.57481	0.629575	3.56852	5.46415	4.54105	3.43156	0.624292	3.6566	5.58187	5.57791	2.51522	0.648968	3.35769	4.41577	4.45734	3.59294	1.65377	3.38585	2.39894	2.27917	3.77203	0.411457	3.41657	5.33558	5.47577	2.51255	0.631609	3.66936	5.54008	4.59263</FloatingPoint>
				<FloatingPoint size="20">	0.829839	0.817421	0.425708	0.901296	0.579189	0.921213	0.314936	0.811601	0.949833	0.923848	0.572094	0.974214	0.668078	0.997862	0.442728	0.604955	0.446016	0.98989	0.282508	0.869108</FloatingPoint>
			</Individual>
			<Individual size="2">
				<FitnessMax value="8.37465"/>
				<FloatingPoint size="50">	3.50248	0.445855	3.59841	3.47744	3.5387	2.46196	0.569001	3.45342	3.42579	3.57839	2.52497	0.657163	3.47274	3.3151	3.55087	3.58251	1.34621	3.55792	2.46108	2.41987	3.57363	0.628536	3.50709	5.40643	4.54094	3.44954	0.57465	3.53596	5.58308	5.56154	2.50715	0.648968	3.36435	4.41389	4.45738	3.59297	1.6204	3.35399	2.39945	2.26325	3.73359	0.860885	3.41053	5.33483	5.46583	2.51159	0.615003	3.67045	5.66743	4.58821</FloatingPoint>
				<FloatingPoint size="20">	0.876282	0.815697	0.512867	0.861188	0.495956	0.933642	0.188532	0.624045	0.952187	0.921073	0.845538	0.974659	0.924465	0.997862	0.365058	0.659132	0.164824	0.987674	0.16744	0.865856</FloatingPoint>
			</Individual>
		</Deme>
	</Population>
</ECF>
