<?xml version="1.0" encoding="ISO-8859-1"?>
<ECF milestone="Mon Jun 18 08:52:04 2018
">
	<Registry>
		<Entry key="1FloatingPoint.dimension">20</Entry>
		<Entry key="1FloatingPoint.lbound">0</Entry>
		<Entry key="1FloatingPoint.ubound">1</Entry>
		<Entry key="FloatingPoint.dimension">50</Entry>
		<Entry key="FloatingPoint.lbound">0</Entry>
		<Entry key="FloatingPoint.ubound">6.99</Entry>
		<Entry key="SteadyStateTournament.tsize">3</Entry>
		<Entry key="batch.logfile_">*</Entry>
		<Entry key="batch.remaining_">0</Entry>
		<Entry key="batch.repeats">1</Entry>
		<Entry key="batch.singlemilestone">1</Entry>
		<Entry key="batch.statsfile">stats/ohlc_bitfinex_iotusd_86400_10_100_0.2_0.7.csv</Entry>
		<Entry key="data.balance">16.3878</Entry>
		<Entry key="data.input">data/train/ohlc_bitfinex_iotusd_86400.csv</Entry>
		<Entry key="data.test">data/test/ohlc_bitfinex_iotusd_86400.csv</Entry>
		<Entry key="fuzzy.langvars">conf/ohlc_bitfinex_iotusd_86400.conf</Entry>
		<Entry key="fuzzy.numrules">10</Entry>
		<Entry key="fuzzy.threshold">0.7</Entry>
		<Entry key="log.frequency">10</Entry>
		<Entry key="log.level">3</Entry>
		<Entry key="milestone.elapsedtime_">171</Entry>
		<Entry key="milestone.filename">milestones/ohlc_bitfinex_iotusd_86400_10_100_0.2_0.7.txt</Entry>
		<Entry key="milestone.generation_">2999</Entry>
		<Entry key="mutation.indprob">0.2</Entry>
		<Entry key="operator.logfile">log/ohlc_bitfinex_iotusd_86400_10_100_0.2_0.7.csv</Entry>
		<Entry key="population.size">100</Entry>
		<Entry key="term.eval">300000</Entry>
	</Registry>
	<Population size="1">
		<HallOfFame size="1">
			<Individual size="2" gen="2929">
				<FitnessMax value="2.51655"/>
				<FloatingPoint size="50">	2.53813	0.790043	2.77154	1.80879	2.85255	3.87239	3.18136	4.06922	2.25798	2.49662	4.63751	1.35009	2.61556	5.37665	4.43636	4.2373	2.76315	3.07401	3.22392	3.43873	4.44448	4.52396	3.3537	2.88827	2.74606	3.9849	3.09221	4.37706	2.98872	4.19181	2.30988	0.290212	2.69614	1.49536	2.77977	5.09208	3.92841	3.87909	5.34111	5.0478	2.61326	0.166793	2.92397	2.94631	2.96849	3.22477	4.42505	1.68297	3.86641	4.32655</FloatingPoint>
				<FloatingPoint size="20">	0.418765	0.978572	0.56933	0.478854	0.41533	0.846293	0.53559	0.322219	0.453633	0.325284	0.660538	0.144131	0.623101	0.953075	0.55093	0.852141	0.324427	0.946129	0.591696	0.359342</FloatingPoint>
			</Individual>
		</HallOfFame>
		<Deme size="100">
			<HallOfFame size="1">
				<Individual size="2" gen="2929">
					<FitnessMax value="2.51655"/>
					<FloatingPoint size="50">	2.53813	0.790043	2.77154	1.80879	2.85255	3.87239	3.18136	4.06922	2.25798	2.49662	4.63751	1.35009	2.61556	5.37665	4.43636	4.2373	2.76315	3.07401	3.22392	3.43873	4.44448	4.52396	3.3537	2.88827	2.74606	3.9849	3.09221	4.37706	2.98872	4.19181	2.30988	0.290212	2.69614	1.49536	2.77977	5.09208	3.92841	3.87909	5.34111	5.0478	2.61326	0.166793	2.92397	2.94631	2.96849	3.22477	4.42505	1.68297	3.86641	4.32655</FloatingPoint>
					<FloatingPoint size="20">	0.418765	0.978572	0.56933	0.478854	0.41533	0.846293	0.53559	0.322219	0.453633	0.325284	0.660538	0.144131	0.623101	0.953075	0.55093	0.852141	0.324427	0.946129	0.591696	0.359342</FloatingPoint>
				</Individual>
			</HallOfFame>
			<Individual size="2">
				<FitnessMax value="2.51655"/>
				<FloatingPoint size="50">	2.53812	0.790038	2.77154	1.81261	2.85248	3.87533	3.39076	4.29107	2.49851	3.15406	4.64039	1.36695	2.56273	5.37666	4.43636	3.72335	2.76007	3.21774	3.21963	3.40926	4.29597	4.52409	3.31044	2.90865	3.34004	6.14496	3.63569	4.38147	3.34976	4.16841	2.12739	0.28992	2.69614	1.49375	2.77977	5.09099	3.92678	3.88012	5.36418	5.05052	2.61327	0.166937	2.92397	2.94631	2.96849	3.00912	3.86525	1.69403	3.46457	1.50712</FloatingPoint>
				<FloatingPoint size="20">	0.36205	0.955614	0.37689	0.486032	0.422745	0.846282	0.613709	0.335653	0.414211	0.528898	0.774364	0.188508	0.590495	0.944768	0.516213	0.886141	0.260518	0.946122	0.552777	0.439453</FloatingPoint>
			</Individual>
			<Individual size="2">
				<FitnessMax value="2.51655"/>
				<FloatingPoint size="50">	2.53812	0.790038	2.77154	1.81099	2.85255	3.80358	3.64077	4.08762	2.65659	3.24704	4.64058	1.36727	2.56109	5.37666	4.43636	3.74353	2.75715	3.22758	3.2252	3.42089	4.30368	4.52412	0.782748	2.90997	3.47691	3.93258	3.156	4.38717	3.15955	4.14834	2.31939	0.289668	2.69614	1.49342	2.77977	5.09174	3.91307	3.87993	5.38354	5.05213	2.61327	0.16808	2.92397	2.94631	2.96849	3.28554	4.21281	1.68471	3.65706	4.32626</FloatingPoint>
				<FloatingPoint size="20">	0.362614	0.978573	0.612641	0.447116	0.424391	0.846282	0.506106	0.39145	0.450519	0.514373	0.734297	0.113502	0.569426	0.944362	0.513703	0.887022	0.35883	0.946122	0.145427	0.435479</FloatingPoint>
			</Individual>
			<Individual size="2">
				<FitnessMax value="2.51655"/>
				<FloatingPoint size="50">	2.53812	0.790038	2.77154	1.81164	2.85255	3.77959	3.2809	4.31678	2.53095	2.85061	4.63969	1.367	2.58272	5.37666	4.43636	3.74184	2.76292	3.33175	3.22299	3.50081	4.28463	4.52412	3.36439	2.91308	3.40657	3.92442	3.10685	4.4022	3.12506	4.1918	2.32274	0.289784	2.69614	1.49313	2.77977	5.09229	3.81037	3.87989	5.36684	5.05072	2.61327	0.167188	2.92397	2.94631	2.96849	3.34013	4.31091	1.72877	1.74835	3.93455</FloatingPoint>
				<FloatingPoint size="20">	0.36205	0.968062	0.424678	0.425924	0.433208	0.846282	0.53501	0.409583	0.437211	0.564422	0.72299	0.122365	0.580599	0.943736	0.502892	0.886679	0.237783	0.946122	0.557864	0.439476</FloatingPoint>
			</Individual>
			<Individual size="2">
				<FitnessMax value="2.51655"/>
				<FloatingPoint size="50">	2.53812	0.790037	2.77154	1.81036	2.85255	3.95742	3.28006	4.02364	2.35493	3.34852	4.63924	1.36681	2.55996	5.37666	4.43636	3.85528	2.75356	3.17086	3.22192	3.3909	4.3004	4.52406	3.35404	2.90963	3.25696	3.85237	3.13606	4.3873	3.18862	4.1434	2.31631	0.289981	2.69614	1.49323	2.77977	5.09208	3.8818	3.87999	5.36982	5.05093	2.61327	0.16723	2.92397	2.94631	2.96849	3.23411	4.04263	2.08138	3.55819	4.26115</FloatingPoint>
				<FloatingPoint size="20">	0.359562	0.978573	0.452319	0.428805	0.434709	0.846282	0.681822	0.381343	0.445687	0.526176	0.677111	0.115421	0.666031	0.944504	0.503739	0.887334	0.300869	0.946122	0.571273	0.439107</FloatingPoint>
			</Individual>
			<Individual size="2">
				<FitnessMax value="2.51655"/>
				<FloatingPoint size="50">	2.53812	0.790038	2.77154	1.81279	2.8525	3.81479	3.45043	4.33532	2.42338	3.13196	4.64067	1.36767	2.55708	5.37666	4.43636	3.70951	2.76039	3.18879	3.21936	3.41959	4.29438	4.52411	3.29752	2.90788	3.4044	6.70599	3.13397	4.38039	3.43807	4.1913	2.08111	0.289906	2.69614	1.49386	2.77977	5.09068	3.96589	3.88016	5.36388	5.05043	2.61327	0.166846	2.92397	2.94631	2.96849	2.92082	3.78407	1.69292	3.45223	0.810469</FloatingPoint>
				<FloatingPoint size="20">	0.36205	0.955614	0.37689	0.486032	0.422745	0.846282	0.613709	0.335653	0.414211	0.528898	0.774364	0.188508	0.590495	0.944768	0.516213	0.886141	0.260518	0.946122	0.552777	0.439453</FloatingPoint>
			</Individual>
			<Individual size="2">
				<FitnessMax value="2.51655"/>
				<FloatingPoint size="50">	2.53812	0.790037	2.77154	1.81034	2.85255	3.94161	3.34722	4.28116	2.36017	3.2654	4.63966	1.36921	2.55439	5.37666	4.43636	3.86832	0.388417	3.17072	3.22177	3.4014	4.30028	4.52396	3.34793	2.90924	3.33863	3.67234	3.11517	4.38759	3.1921	4.17681	2.31729	0.28982	2.69614	1.49321	2.77977	5.09195	3.88102	3.8801	5.36398	5.05065	2.61327	0.167167	2.92397	2.94631	2.96849	3.19298	4.03156	2.32973	3.47693	3.82651</FloatingPoint>
				<FloatingPoint size="20">	0.362336	0.977491	0.438512	0.464557	0.425904	0.846281	0.555511	0.386855	0.444955	0.510979	0.735371	0.119362	0.569616	0.944145	0.509662	0.886509	0.377553	0.946123	0.566844	0.444409</FloatingPoint>
			</Individual>
			<Individual size="2">
				<FitnessMax value="2.51655"/>
				<FloatingPoint size="50">	2.53812	0.790038	2.77154	1.81099	2.85255	3.80358	3.64077	4.08762	2.65659	3.24704	4.64058	1.36727	2.56109	5.37666	4.43636	3.74353	2.75715	3.22758	3.2252	3.42089	4.30368	4.52412	0.782748	2.90997	3.47691	3.93258	3.156	4.38717	3.15955	4.14834	2.31939	0.289668	2.69614	1.49342	2.77977	5.09174	3.91307	3.87993	5.38354	5.05213	2.61327	0.16808	2.92397	2.94631	2.96849	3.28554	4.21281	1.68471	3.65706	4.32626</FloatingPoint>
				<FloatingPoint size="20">	0.366628	0.978573	0.47288	0.447116	0.424391	0.846282	0.506106	0.39145	0.450519	0.514373	0.734297	0.113502	0.569426	0.944362	0.513703	0.887022	0.35883	0.946122	0.541657	0.450647</FloatingPoint>
			</Individual>
			<Individual size="2">
				<FitnessMax value="2.51655"/>
				<FloatingPoint size="50">	2.53812	0.790037	2.77154	1.81036	2.85255	3.95742	3.28006	4.02364	2.35493	3.34852	4.63924	1.36681	2.55996	5.37666	4.43636	3.85528	2.75356	3.17086	3.22192	3.3909	4.3004	4.52406	3.35404	2.90963	3.25696	3.85237	3.13606	4.3873	3.18862	4.1434	2.31631	0.289981	2.69614	1.49323	2.77977	5.09208	3.8818	3.87999	5.36982	5.05093	2.61327	0.16723	2.92397	2.94631	2.96849	3.23411	4.04263	2.08138	3.55819	4.26115</FloatingPoint>
				<FloatingPoint size="20">	0.359562	0.978573	0.458398	0.416905	0.437011	0.846283	0.696341	0.379993	0.445881	0.530201	0.661681	0.114377	0.691566	0.944599	0.50217	0.887552	0.28056	0.946122	0.572446	0.437703</FloatingPoint>
			</Individual>
			<Individual size="2">
				<FitnessMax value="2.51655"/>
				<FloatingPoint size="50">	2.53812	0.790038	2.77154	1.81051	2.85253	3.69951	3.27276	4.01237	2.44146	2.9728	4.63939	1.36659	2.57401	5.37665	4.43636	3.86976	2.7566	3.16059	3.22248	3.38929	4.29136	4.52412	3.31462	2.91211	3.47047	3.88684	3.1612	4.3882	2.65795	4.33067	2.31586	0.289824	2.69614	1.49293	2.77977	5.09214	3.88541	3.87999	5.36503	5.05062	2.61327	0.167187	2.92397	2.94631	2.9676	3.28105	4.2462	1.84147	3.25734	4.04737</FloatingPoint>
				<FloatingPoint size="20">	0.423909	0.952841	0.511042	0.450845	0.429773	0.846279	0.535718	0.401598	0.419568	0.521031	0.729655	0.125084	0.797879	0.944244	0.484565	0.886403	0.265225	0.946122	0.563418	0.449724</FloatingPoint>
			</Individual>
			<Individual size="2">
				<FitnessMax value="1.91931"/>
				<FloatingPoint size="50">	2.53812	0.790038	2.77154	1.81279	2.8525	3.81479	3.45043	4.33532	2.42338	3.13196	4.64067	1.36767	2.55708	5.37666	4.43636	3.70951	2.76039	3.18879	3.21936	3.41959	4.29438	4.52411	3.29752	2.90788	3.4044	6.70599	3.13397	4.38039	3.43807	4.1913	2.08111	0.289906	2.69614	1.49386	2.77977	5.09068	3.96589	3.88016	5.36388	5.05043	2.61327	0.166846	2.92397	2.94631	2.96849	2.92082	3.78407	1.69292	3.45223	0.810469</FloatingPoint>
				<FloatingPoint size="20">	0.360154	0.975155	0.395977	0.460073	0.422862	0.846282	0.588475	0.361353	0.432017	0.520255	0.758312	0.120471	0.576231	0.147741	0.514902	0.886688	0.344168	0.946122	0.547034	0.442318</FloatingPoint>
			</Individual>
			<Individual size="2">
				<FitnessMax value="2.51655"/>
				<FloatingPoint size="50">	2.53812	0.790038	2.77154	1.81123	2.85254	3.72265	3.22096	3.99281	2.49783	3.40015	4.64016	1.36714	2.55058	5.37666	4.43636	3.84629	2.7569	3.25525	3.22998	3.4455	4.30447	4.52413	3.36747	2.90832	3.40634	3.83841	3.1027	4.45347	3.15124	4.19176	2.32583	0.289786	2.69614	1.49322	2.77977	5.09222	3.81037	3.87989	5.36684	5.05072	2.61327	0.167188	2.92397	2.94631	2.96849	3.34013	4.31091	1.72877	1.74835	3.93455</FloatingPoint>
				<FloatingPoint size="20">	0.360154	0.978573	0.427083	0.462655	0.422136	0.846283	0.699645	0.406317	0.429534	0.756993	0.675113	0.118512	0.580824	0.944599	0.50217	0.887552	0.28056	0.946122	0.572446	0.437703</FloatingPoint>
			</Individual>
			<Individual size="2">
				<FitnessMax value="2.51655"/>
				<FloatingPoint size="50">	2.53812	0.790038	2.77154	1.8103	2.85255	3.84332	3.63031	4.34661	2.36525	2.97728	4.64113	1.37045	2.5489	5.37665	4.43636	3.64572	2.76437	2.48197	3.22027	4.03685	4.29276	4.52413	3.2501	2.91185	3.16528	3.94583	3.11558	4.38492	3.51176	4.19114	2.31172	0.28997	2.69614	1.4937	2.77977	5.09142	3.87699	3.87996	5.36308	5.05047	2.61327	0.167147	2.92397	2.94631	2.96849	3.13179	4.11863	1.69069	4.10268	3.46507</FloatingPoint>
				<FloatingPoint size="20">	0.363618	0.971876	0.358107	0.518907	0.421159	0.846283	0.525743	0.403762	0.446347	0.682116	0.761394	0.115898	0.582834	0.944257	0.463744	0.886437	0.253117	0.946122	0.586116	0.440811</FloatingPoint>
			</Individual>
			<Individual size="2">
				<FitnessMax value="2.51655"/>
				<FloatingPoint size="50">	2.53812	0.790038	2.77154	1.81164	2.85246	3.65105	3.19081	4.05687	2.50185	3.3512	4.63966	1.37253	2.57001	5.37666	4.43636	3.89486	2.74974	3.15011	3.22385	3.38056	4.29421	4.52412	3.09822	3.31639	3.44095	3.85553	3.71488	4.38722	3.07	3.99681	2.26069	0.289965	2.69614	1.51148	2.77977	5.0919	3.90959	3.87988	5.40785	5.05067	2.61327	0.167033	2.92397	2.94631	2.94535	3.1414	3.83282	1.7361	3.61826	4.32598</FloatingPoint>
				<FloatingPoint size="20">	0.35703	0.913984	0.513829	0.450288	0.423569	0.846282	0.585651	0.347196	0.439593	0.521356	0.741999	0.118524	0.669865	0.944074	0.513133	0.886468	0.275459	0.946122	0.562567	0.442691</FloatingPoint>
			</Individual>
			<Individual size="2">
				<FitnessMax value="2.51655"/>
				<FloatingPoint size="50">	2.53812	0.790038	2.77154	1.81164	2.85246	3.65105	3.19081	4.05687	2.50185	3.3512	4.63966	1.37253	2.57001	5.37666	4.43636	3.89486	2.74974	3.15011	3.22385	3.38056	4.29421	4.52412	3.09822	3.31639	3.44095	3.85553	3.71488	4.38722	3.07	3.99681	2.26069	0.289965	2.69614	1.51148	2.77977	5.0919	3.90959	3.87988	5.40785	5.05067	2.61327	0.167033	2.92397	2.94631	2.94535	3.1414	3.83282	1.7361	3.61826	4.32598</FloatingPoint>
				<FloatingPoint size="20">	0.35703	0.913984	0.513829	0.457285	0.427381	0.846282	0.473616	0.288327	0.473017	0.550038	0.741999	0.118524	0.669865	0.944074	0.515445	0.885952	0.275459	0.946123	0.641527	0.437457</FloatingPoint>
			</Individual>
			<Individual size="2">
				<FitnessMax value="2.51655"/>
				<FloatingPoint size="50">	2.53812	0.790038	2.77154	1.81099	2.85255	3.80358	3.64077	4.08762	2.65659	3.24704	4.64058	1.36727	2.56109	5.37666	4.43636	3.74353	2.75715	3.22758	3.2252	3.42089	4.30368	4.52412	0.782748	2.90997	3.47691	3.93258	3.156	4.38717	3.15955	4.14834	2.31939	0.289668	2.69614	1.49342	2.77977	5.09174	3.91307	3.87993	5.38354	5.05213	2.61327	0.16808	2.92397	2.94631	2.96849	3.28554	4.21281	1.68471	3.65706	4.32626</FloatingPoint>
				<FloatingPoint size="20">	0.362276	0.97174	0.395851	0.448551	0.423697	0.846282	0.645835	0.366802	0.420369	0.525311	0.79684	0.117282	0.578439	0.944227	0.517775	0.886634	0.305006	0.946122	0.545821	0.456906</FloatingPoint>
			</Individual>
			<Individual size="2">
				<FitnessMax value="2.51655"/>
				<FloatingPoint size="50">	2.53812	0.790038	2.77154	1.81123	2.85254	3.72265	3.22096	3.99281	2.49783	3.40015	4.64016	1.36714	2.55058	5.37666	4.43636	3.84629	2.7569	3.25525	3.22998	3.4455	4.30447	4.52413	3.36747	2.90832	3.40634	3.83841	3.1027	4.45347	3.15124	4.19176	2.32583	0.289786	2.69614	1.49322	2.77977	5.09222	3.81037	3.87989	5.36684	5.05072	2.61327	0.167188	2.92397	2.94631	2.96849	3.34013	4.31091	1.72877	1.74835	3.93455</FloatingPoint>
				<FloatingPoint size="20">	0.359562	0.974471	0.446566	0.430703	0.430599	0.846283	0.667083	0.368437	0.438205	0.529354	0.689925	0.117195	0.698927	0.94409	0.511163	0.887534	0.29581	0.946122	0.560789	0.437911</FloatingPoint>
			</Individual>
			<Individual size="2">
				<FitnessMax value="2.51655"/>
				<FloatingPoint size="50">	2.53812	0.79004	2.77154	1.81052	2.85252	3.92785	3.30343	4.03534	2.47997	3.15421	4.63753	1.3655	2.58966	5.37666	4.43636	3.85315	2.82732	3.49851	3.22232	3.39837	4.26467	4.52402	3.36714	2.91036	3.23274	3.91462	3.14416	4.38712	3.23037	4.13783	2.3164	0.290077	2.69614	1.49279	2.77977	5.09221	3.87074	3.87993	5.36617	5.05076	2.61327	0.167925	2.92397	2.94631	2.96849	3.15967	4.24087	1.69875	3.85902	2.79769</FloatingPoint>
				<FloatingPoint size="20">	0.352255	0.969097	0.406174	0.429101	0.433889	0.846283	0.603564	0.368553	0.435481	0.526481	0.680744	0.11726	0.554239	0.944195	0.487688	0.886486	0.281604	0.946122	0.597856	0.434984</FloatingPoint>
			</Individual>
			<Individual size="2">
				<FitnessMax value="2.51655"/>
				<FloatingPoint size="50">	2.53812	0.790038	2.77154	1.81267	2.85251	3.80734	3.45883	4.31806	2.43779	3.12871	4.64058	1.36751	2.55813	5.37666	4.43636	3.71798	2.76029	3.19126	3.21942	3.41742	4.29473	4.52411	3.29959	2.90784	3.39197	6.57494	3.1326	4.38067	3.41857	4.18679	2.09172	0.289908	2.69614	1.49383	2.77977	5.09075	3.96117	3.88015	5.36399	5.05043	2.61327	0.676044	2.92397	2.94631	2.96849	2.94104	3.80079	1.70015	3.45679	0.971071</FloatingPoint>
				<FloatingPoint size="20">	0.36205	0.955614	0.37689	0.486032	0.422745	0.846282	0.613709	0.335653	0.414211	0.528898	0.774364	0.188508	0.590495	0.944768	0.516213	0.886141	0.260518	0.946122	0.552777	0.439453</FloatingPoint>
			</Individual>
			<Individual size="2">
				<FitnessMax value="2.51655"/>
				<FloatingPoint size="50">	2.53812	0.790038	2.77154	1.81036	2.85245	3.96957	3.14726	4.15838	2.63523	3.11711	4.64073	1.36604	2.57908	5.37665	4.43636	3.77925	2.76278	2.51987	3.2204	3.46958	4.29506	4.52403	3.35683	2.91185	3.11921	2.89322	5.23805	4.38559	3.26892	4.15769	2.31632	0.289973	2.69614	1.49337	2.77977	5.09209	3.82893	3.87997	5.36308	5.05054	2.61327	0.167277	2.92397	2.94631	2.96849	3.15921	4.2244	1.6992	3.39206	4.74397</FloatingPoint>
				<FloatingPoint size="20">	0.362336	0.978854	0.449104	0.462396	0.333378	0.846283	0.524055	0.388919	0.444871	0.491913	0.738325	0.122184	0.569955	0.944069	0.505001	0.88625	0.393033	0.946123	0.560894	0.449454</FloatingPoint>
			</Individual>
			<Individual size="2">
				<FitnessMax value="2.51655"/>
				<FloatingPoint size="50">	2.53812	0.790038	2.77154	1.81096	2.85253	3.83622	3.4831	4.08723	2.37769	2.68231	4.64025	1.36945	2.55534	5.37666	4.43636	3.66396	2.91924	3.06196	3.21904	3.42621	4.29095	4.52412	3.41805	2.91167	3.27446	3.94573	3.16937	4.38638	3.45899	4.18764	2.32384	0.289984	2.69614	1.49358	2.77977	5.09183	3.89543	3.87996	5.36492	5.0506	2.61327	0.167149	2.92397	2.94631	2.96849	3.16201	4.1866	1.69056	4.03792	3.20257</FloatingPoint>
				<FloatingPoint size="20">	0.339398	0.961614	0.291467	0.538613	0.422443	0.846284	0.624241	0.340754	0.434435	0.500459	0.756097	0.116105	0.603089	0.944012	0.459607	0.886331	0.171535	0.946122	0.557963	0.455305</FloatingPoint>
			</Individual>
			<Individual size="2">
				<FitnessMax value="2.51655"/>
				<FloatingPoint size="50">	2.53812	0.790038	2.77154	1.8103	2.85255	3.84332	5.39183	4.34661	2.36525	2.97728	4.64113	1.37045	2.5489	5.37665	4.43636	3.86973	2.75645	3.1595	3.2203	3.40727	4.29811	4.52393	3.34566	2.9073	3.47862	3.62844	3.10312	4.38814	3.20394	4.19178	2.31788	0.289796	2.69614	1.49316	2.77977	5.09183	3.87931	3.8801	5.36152	5.05058	2.61327	0.167101	2.92397	2.94631	2.96849	3.17603	4.02956	2.66726	3.44548	3.79892</FloatingPoint>
				<FloatingPoint size="20">	0.390657	0.970721	0.430106	0.472284	0.426297	0.846281	0.624377	0.3865	0.444953	0.510492	0.735446	0.119434	0.569625	0.944143	0.509543	0.886502	0.377948	0.946123	0.566692	0.444537</FloatingPoint>
			</Individual>
			<Individual size="2">
				<FitnessMax value="2.51655"/>
				<FloatingPoint size="50">	2.53812	0.790038	2.77154	1.8121	2.85245	3.89142	3.34412	4.21867	2.51341	3.18887	4.63947	1.3649	2.5829	5.37666	4.43636	3.7507	2.75975	3.28231	3.21982	3.36867	4.29738	4.52409	3.34842	2.9095	3.20346	4.06504	4.96845	4.38226	3.02361	4.12816	2.23279	0.289922	2.69614	1.49348	2.77976	5.09164	3.83406	3.87999	5.3643	5.05069	2.61327	0.167047	2.92397	2.94631	2.96849	3.23009	4.19297	1.69519	3.28929	1.65658</FloatingPoint>
				<FloatingPoint size="20">	0.358429	0.965176	0.36354	0.451133	0.430029	0.846283	0.531112	0.61773	0.427355	0.523592	0.698226	0.120546	0.601932	0.944297	0.494923	0.886871	0.280345	0.946122	0.587547	0.43756</FloatingPoint>
			</Individual>
			<Individual size="2">
				<FitnessMax value="2.51655"/>
				<FloatingPoint size="50">	2.53812	0.790038	2.77154	1.81056	2.85254	3.73252	3.39588	3.93536	2.39002	2.56813	4.6374	1.35915	2.55992	5.37665	4.43636	3.87284	2.9296	2.98032	3.22206	3.40171	4.26349	4.52401	3.454	2.90982	3.33895	3.92071	3.11108	4.38728	3.23901	4.18472	2.32469	0.289898	2.69614	1.49277	2.77977	5.09238	3.89738	3.87994	5.36645	5.05077	2.61327	0.168027	2.92397	2.94631	2.96849	3.14426	4.2665	1.69104	3.9471	1.40242</FloatingPoint>
				<FloatingPoint size="20">	0.353614	0.950097	0.472474	0.420009	0.434899	0.846283	0.711145	0.362159	0.438858	0.504396	0.748185	0.119978	0.870197	0.944045	0.498541	0.885923	0.242759	0.946122	0.541657	0.450647</FloatingPoint>
			</Individual>
			<Individual size="2">
				<FitnessMax value="2.51655"/>
				<FloatingPoint size="50">	2.53812	0.790038	2.77154	1.81164	2.85255	3.77959	3.2809	4.31678	2.53095	2.85061	4.63969	1.367	2.58272	5.37666	4.43636	3.74184	2.76292	3.33175	3.22299	3.50081	4.28463	4.52412	3.36439	2.91308	3.40657	3.92442	3.10685	4.4022	3.12506	4.1918	2.32274	0.289784	2.69614	1.49313	2.77977	5.09229	3.87748	3.87985	5.36448	5.05058	2.61327	0.166741	2.92397	2.94631	2.96849	3.34089	4.26686	1.68723	3.83493	3.84129</FloatingPoint>
				<FloatingPoint size="20">	0.36205	0.968062	0.424678	0.425924	0.433208	0.846282	0.53501	0.409583	0.437211	0.564422	0.72299	0.122365	0.580599	0.943736	0.502892	0.886679	0.237783	0.946122	0.557864	0.439476</FloatingPoint>
			</Individual>
			<Individual size="2">
				<FitnessMax value="2.51655"/>
				<FloatingPoint size="50">	2.53812	0.790038	2.77154	1.81146	2.85251	3.81849	3.20245	4.06331	2.44225	3.25815	4.63879	1.36817	2.56735	5.37666	4.43636	3.73211	2.75899	3.29087	3.22242	3.39754	4.2943	4.52413	3.29894	2.90823	3.55825	5.52505	3.03585	4.46923	3.40593	4.22469	2.31247	0.289901	2.69614	1.49383	2.77977	5.09177	3.94267	3.87997	5.36432	5.05075	2.61327	0.166977	2.92397	2.94631	2.96849	3.20047	3.92246	1.69807	3.31304	4.11079</FloatingPoint>
				<FloatingPoint size="20">	0.36205	0.955614	0.37689	0.486032	0.422745	0.846282	0.613709	0.335653	0.414211	0.528898	0.774364	0.177138	0.590495	0.944768	0.516213	0.886141	0.260518	0.946122	0.552777	0.439453</FloatingPoint>
			</Individual>
			<Individual size="2">
				<FitnessMax value="2.51655"/>
				<FloatingPoint size="50">	2.53812	0.790037	2.77154	1.81302	2.85236	4.10039	3.40032	4.52793	2.63083	3.64465	4.64166	1.37217	2.6148	5.37666	4.43636	3.61195	2.55396	3.33454	3.21646	3.33486	4.35391	4.52445	3.29087	2.90444	3.01578	3.91135	6.64799	4.37978	2.93684	4.06927	2.13816	0.289765	2.69614	1.49379	2.77976	5.09046	3.80508	3.87985	5.36891	5.05068	2.61327	0.168237	2.92397	2.94631	2.96844	3.1883	4.16629	1.70207	2.79651	1.12339</FloatingPoint>
				<FloatingPoint size="20">	0.359562	0.978573	0.458398	0.416905	0.437011	0.846283	0.524055	0.388919	0.444871	0.491913	0.738325	0.122184	0.569955	0.944069	0.505001	0.88625	0.393033	0.946123	0.560894	0.449454</FloatingPoint>
			</Individual>
			<Individual size="2">
				<FitnessMax value="2.51655"/>
				<FloatingPoint size="50">	2.53812	0.79004	2.77154	1.81052	2.85252	3.92785	3.30343	4.03534	2.47997	3.15421	4.63753	1.3655	2.58966	5.37666	4.43636	3.85315	2.82732	3.49851	3.22232	3.39837	4.26467	4.52402	3.36714	2.91036	3.23274	3.91462	3.14416	4.38712	3.23037	4.13783	2.3164	0.290077	2.69614	1.49279	2.77977	5.09221	3.87074	3.87993	5.36617	5.05076	2.61327	0.167925	2.92397	2.94631	2.96849	3.15967	4.24087	1.69875	3.85902	2.79769</FloatingPoint>
				<FloatingPoint size="20">	0.352255	0.969097	0.406174	0.429101	0.433889	0.846283	0.603564	0.368553	0.435481	0.526481	0.680744	0.115685	0.640194	0.944439	0.498461	0.887166	0.28046	0.946122	0.581285	0.437326</FloatingPoint>
			</Individual>
			<Individual size="2">
				<FitnessMax value="2.51655"/>
				<FloatingPoint size="50">	2.53812	0.790038	2.77154	1.81056	2.85253	6.36376	3.27561	4.08467	2.25007	3.87152	4.64097	1.37002	2.55136	5.37666	4.43636	3.67909	2.75625	3.19407	3.22191	3.42599	4.29216	4.52412	3.02908	2.9035	3.82111	3.97733	4.00725	4.44556	2.58489	4.18814	2.32697	0.289851	2.69614	1.49258	2.77977	5.09224	3.88795	3.87991	5.36557	5.05054	2.61327	0.163925	2.92397	2.94631	2.96757	3.18145	4.03153	1.69744	3.56176	4.29728</FloatingPoint>
				<FloatingPoint size="20">	0.359562	0.978573	0.458398	0.416905	0.437011	0.846283	0.524055	0.388919	0.444871	0.491913	0.738325	0.122184	0.569955	0.944069	0.505001	0.88625	0.393033	0.946123	0.560894	0.449454</FloatingPoint>
			</Individual>
			<Individual size="2">
				<FitnessMax value="2.51655"/>
				<FloatingPoint size="50">	2.53813	0.790038	2.77154	1.81189	2.85237	4.12392	3.1457	4.10935	2.80703	3.24478	4.63926	1.36399	2.5859	5.37666	4.43636	3.78021	2.75878	3.33665	3.2207	3.36681	4.30252	4.524	3.36352	2.91184	3.07571	3.84109	5.69602	4.38592	2.9871	4.07703	2.31741	0.289975	2.69614	1.49332	2.77976	5.09227	3.76618	3.87997	5.36539	5.05088	2.61327	0.167312	2.92397	2.94631	2.96849	3.37953	4.23891	1.70035	3.26087	4.36889</FloatingPoint>
				<FloatingPoint size="20">	0.350571	0.952841	0.309475	0.450845	0.429773	0.846284	0.535718	0.322663	0.419568	0.493196	0.725548	0.107712	0.610469	0.944244	0.448224	0.886403	0.265225	0.946122	0.563418	0.461645</FloatingPoint>
			</Individual>
			<Individual size="2">
				<FitnessMax value="2.51655"/>
				<FloatingPoint size="50">	2.53812	0.790038	2.77154	1.81186	2.85244	3.9304	3.20156	4.05895	2.53574	3.19197	4.63931	1.36785	2.58169	5.37666	4.43636	3.74153	2.75472	3.32563	3.22105	3.36899	4.29852	4.52412	3.31648	2.9119	3.26851	3.87582	4.94591	4.4276	3.04118	4.14854	2.31763	0.289913	2.69614	1.49319	2.77977	5.09196	3.84218	3.87995	5.36637	5.05092	2.61327	0.167673	2.92397	2.94631	2.96849	3.36959	4.31078	1.70175	3.19631	4.28682</FloatingPoint>
				<FloatingPoint size="20">	0.361486	0.962537	0.583831	0.419529	0.424066	0.846282	0.524685	0.364624	0.40272	0.525899	0.690389	0.322182	0.605041	0.944733	0.514147	0.886495	0.306977	0.946122	0.563325	0.439044</FloatingPoint>
			</Individual>
			<Individual size="2">
				<FitnessMax value="2.51655"/>
				<FloatingPoint size="50">	2.53812	0.790038	2.77154	1.81123	2.85249	3.95123	3.31282	4.04051	2.53597	3.32356	4.64017	1.3672	2.55808	5.37666	4.43636	3.7859	2.76055	3.13076	3.22683	3.39835	4.30383	4.52407	3.34569	2.90886	3.3844	3.84373	4.32137	4.40132	3.25883	4.18505	2.3178	0.289875	2.69614	1.49327	2.77977	5.09214	3.80771	3.87993	5.36652	5.05071	2.61327	0.167205	2.92397	2.94631	2.96849	3.33884	4.28285	1.70884	3.08016	4.09188</FloatingPoint>
				<FloatingPoint size="20">	0.360154	0.978573	0.427083	0.486032	0.422136	0.846283	0.699645	0.335653	0.414211	0.528898	0.774364	0.118512	0.590495	0.944768	0.516213	0.887552	0.260518	0.946122	0.552777	0.439453</FloatingPoint>
			</Individual>
			<Individual size="2">
				<FitnessMax value="1.91931"/>
				<FloatingPoint size="50">	2.53812	0.790038	2.77154	1.81049	2.85254	4.59573	3.28473	4.15626	2.32212	3.61789	4.64096	1.36972	2.55195	5.37666	4.43636	3.8278	0.679527	3.18882	3.22177	3.41256	4.29436	4.52406	3.33132	2.90657	3.51442	3.68104	3.34844	4.42714	2.63774	4.1829	2.32583	0.289838	2.69614	1.49291	2.77977	5.09199	3.88647	3.87998	5.36479	5.05059	2.61327	0.165563	2.92397	2.94631	2.96807	3.1876	4.03156	2.12115	3.50312	4.28046</FloatingPoint>
				<FloatingPoint size="20">	0.359562	0.115947	0.458398	0.416905	0.437011	0.846283	0.524055	0.388919	0.444871	0.491913	0.738325	0.122184	0.569955	0.944069	0.505001	0.88625	0.393033	0.946123	0.560894	0.449454</FloatingPoint>
			</Individual>
			<Individual size="2">
				<FitnessMax value="2.51655"/>
				<FloatingPoint size="50">	2.53812	0.790038	2.77154	1.8103	2.85255	3.84332	3.63031	4.34661	2.36525	2.97728	4.64113	1.37045	2.5489	5.37665	4.43636	3.86973	2.75645	3.1595	3.2203	3.40727	4.29811	4.52393	3.34566	2.9073	3.47862	3.62844	3.10312	4.38814	3.20394	4.19178	2.31788	0.289796	2.69614	1.49316	2.77977	5.09183	3.87931	3.8801	5.36152	5.05058	2.61327	0.167101	2.92397	2.94631	2.96849	3.17603	4.02956	2.66726	3.44548	3.79892</FloatingPoint>
				<FloatingPoint size="20">	0.39147	0.970515	0.429366	0.473733	0.426017	0.846281	0.627003	0.386437	0.444955	0.510979	0.735371	0.119362	0.569616	0.944145	0.509662	0.886509	0.377553	0.946123	0.566844	0.444409</FloatingPoint>
			</Individual>
			<Individual size="2">
				<FitnessMax value="2.51655"/>
				<FloatingPoint size="50">	2.53812	0.79004	2.77154	1.81023	2.85246	3.77019	3.21513	6.19662	2.59964	3.23619	4.64206	1.36714	2.60833	5.37665	4.43636	3.84966	2.74884	3.68319	3.22464	3.34893	4.28378	4.5241	3.36721	2.90708	3.79922	3.82234	3.11403	4.38631	3.29916	4.13602	2.31537	0.289979	2.69614	1.49283	2.77977	5.09192	3.90819	3.87987	5.36926	5.05068	2.61327	0.168125	2.92397	2.94631	2.96849	3.27669	4.11335	1.69676	3.56106	3.91734</FloatingPoint>
				<FloatingPoint size="20">	0.362336	0.978854	0.449104	0.462396	0.333378	0.846283	0.524055	0.388919	0.444871	0.491913	0.738325	0.122184	0.569955	0.944069	0.505001	0.88625	0.393033	0.946123	0.560894	0.449454</FloatingPoint>
			</Individual>
			<Individual size="2">
				<FitnessMax value="2.02352"/>
				<FloatingPoint size="50">	1.9807	0.790038	2.77154	1.81231	2.85252	3.7757	3.22849	4.18986	2.60519	3.11399	4.64048	1.3655	2.5729	5.37666	4.43636	3.74613	2.75979	3.2532	3.22008	3.39108	4.2992	4.52414	3.32982	2.90734	3.39617	4.43347	4.73708	4.38056	3.23048	4.10107	2.09201	0.289901	2.69614	1.49369	2.77977	5.09176	3.8649	3.87993	5.36549	5.05084	2.61327	0.166987	2.92397	2.94631	2.96849	3.21277	4.0897	1.69143	3.77976	1.06557</FloatingPoint>
				<FloatingPoint size="20">	0.36205	0.955614	0.37689	0.486032	0.422745	0.846282	0.613709	0.335653	0.414211	0.528898	0.774364	0.177138	0.590495	0.944768	0.516213	0.886141	0.260518	0.946122	0.552777	0.439453</FloatingPoint>
			</Individual>
			<Individual size="2">
				<FitnessMax value="2.51655"/>
				<FloatingPoint size="50">	2.53812	0.790038	2.77154	1.8133	2.85249	3.84332	3.27608	4.34661	2.36525	2.75911	4.64113	1.37045	2.55323	5.37666	4.43636	3.64572	2.76437	3.16853	3.21631	3.41295	4.29276	4.52413	3.2501	2.91185	3.88566	3.94583	3.96538	4.3883	0.0756475	4.19154	2.32367	0.290121	2.69614	1.49251	2.77977	5.09232	3.92586	3.88	5.36481	5.05053	2.61327	0.166753	2.92397	2.94631	2.96849	3.1779	4.40418	1.68185	3.60865	4.32628</FloatingPoint>
				<FloatingPoint size="20">	0.365518	0.956512	0.463179	0.41667	0.423965	0.846282	0.51998	0.365965	0.401796	0.526132	0.689029	0.331526	0.605367	0.944733	0.515343	0.886485	0.308365	0.946122	0.563862	0.438439</FloatingPoint>
			</Individual>
			<Individual size="2">
				<FitnessMax value="2.51655"/>
				<FloatingPoint size="50">	2.53812	0.790038	2.77154	1.81189	2.85255	3.73883	3.22351	4.20302	2.80703	3.07786	4.63926	1.36399	2.58503	5.37666	4.43636	3.8948	2.75878	3.25674	3.2207	3.36681	4.30252	4.5242	3.34126	2.90716	3.07571	3.95053	6.19723	4.38606	2.9871	4.07703	2.30629	0.289975	2.69614	1.49285	2.77977	5.09172	3.81739	3.87991	5.36852	5.05093	2.61327	0.167293	2.92397	2.94631	2.96849	3.24336	4.24884	1.68973	4.41211	0.283277</FloatingPoint>
				<FloatingPoint size="20">	0.362276	0.974204	0.253692	0.452544	0.422964	0.846285	0.616617	0.285452	0.401588	0.531572	0.691995	0.114904	0.580509	0.944312	0.499901	0.886228	0.253051	0.946122	0.561614	0.44327</FloatingPoint>
			</Individual>
			<Individual size="2">
				<FitnessMax value="2.51655"/>
				<FloatingPoint size="50">	2.53812	0.790038	2.77154	1.81126	2.85253	3.81908	3.24041	4.01419	2.43327	2.95587	4.63865	1.36435	2.55379	5.37666	4.43636	3.85469	2.80778	3.31313	3.22249	3.40011	4.29276	4.52391	3.37701	2.90852	3.45762	4.31869	3.05852	4.44564	3.29174	4.20699	2.32131	0.289847	2.69614	1.49364	2.77977	5.09194	3.92637	3.88001	5.36356	5.05073	2.61327	0.167903	2.92397	2.94631	2.96849	3.26012	4.08878	1.69697	3.49935	4.14596</FloatingPoint>
				<FloatingPoint size="20">	0.36205	0.955614	0.37689	0.486032	0.422745	0.846282	0.613709	0.335653	0.414211	0.528898	0.774364	0.177138	0.590495	0.944768	0.516213	0.886141	0.260518	0.946122	0.552777	0.439453</FloatingPoint>
			</Individual>
			<Individual size="2">
				<FitnessMax value="2.51655"/>
				<FloatingPoint size="50">	2.53812	0.79004	2.77154	1.81023	2.85246	3.77019	3.21513	6.19662	2.59964	3.23619	4.64206	1.36714	2.60833	5.37665	4.43636	3.84966	2.74884	3.68319	3.22464	3.34893	4.28378	4.5241	3.36721	2.90708	3.79922	3.82234	3.11403	4.38631	3.29916	4.13602	2.31537	0.289979	2.69614	1.49276	2.77977	5.09189	3.9186	3.87985	5.37007	5.0507	2.61327	0.168236	2.92397	2.94631	2.96849	3.29212	4.09876	1.69644	3.58325	3.80876</FloatingPoint>
				<FloatingPoint size="20">	0.35968	0.977722	0.419687	0.461999	0.59494	0.846283	0.705788	0.301828	0.391042	0.52433	0.69927	0.123676	0.635392	0.943647	0.498075	0.886128	0.228504	0.946122	0.582006	0.438678</FloatingPoint>
			</Individual>
			<Individual size="2">
				<FitnessMax value="2.51655"/>
				<FloatingPoint size="50">	2.53813	0.790038	2.77154	1.81189	2.85237	4.12392	3.1457	4.10935	2.80703	3.24478	4.63926	1.36399	2.5859	5.37666	4.43636	3.78021	2.75878	3.33665	3.2207	3.36681	4.30252	4.524	3.36352	2.91184	3.07571	3.84109	5.69602	4.38592	2.9871	4.07703	2.31741	0.289975	2.69614	1.49332	2.77976	5.09227	3.76618	3.87997	5.36539	5.05088	2.61327	0.167312	2.92397	2.94631	2.96849	3.37953	4.23891	1.70035	3.26087	4.36889</FloatingPoint>
				<FloatingPoint size="20">	0.339177	0.952138	0.312708	0.450928	0.428301	0.846283	0.447338	0.358076	0.422207	0.551926	0.728897	0.11726	0.554239	0.944244	0.448224	0.886403	0.265225	0.946122	0.563418	0.461645</FloatingPoint>
			</Individual>
			<Individual size="2">
				<FitnessMax value="2.51655"/>
				<FloatingPoint size="50">	2.53812	0.790038	2.77154	1.81118	2.85255	3.82721	3.28927	3.92925	2.39264	2.80744	4.63755	1.35852	2.55214	5.37666	4.43636	3.87379	2.94759	3.33455	3.22299	3.40249	4.24547	4.52376	3.38463	2.91381	3.4066	3.92912	3.10994	4.38777	3.0804	4.18503	2.32408	0.289782	2.69614	1.49314	2.77977	5.09274	3.86331	3.88012	5.36017	5.05069	2.61327	0.168294	2.92397	2.94631	2.96849	3.26577	4.20907	1.68902	3.75347	4.16138</FloatingPoint>
				<FloatingPoint size="20">	0.339619	0.973294	0.466985	0.443753	0.433768	0.846283	0.712459	0.373535	0.437875	0.624238	0.711109	0.122037	0.676965	0.943872	0.48129	0.886074	0.238261	0.946122	0.563944	0.441923</FloatingPoint>
			</Individual>
			<Individual size="2">
				<FitnessMax value="2.51655"/>
				<FloatingPoint size="50">	2.53812	0.790038	2.77154	1.81144	2.8524	4.05539	3.30072	4.18135	2.3717	3.28451	4.63989	1.36686	2.58014	5.37666	4.43636	3.78336	2.75652	3.18607	3.22127	3.40577	4.29621	4.52405	3.30948	2.90998	3.17982	4.72891	3.11596	4.38313	3.31326	4.21067	2.17931	0.289942	2.69614	1.49333	2.77977	5.09113	3.93223	3.87999	5.36568	5.05104	2.61327	0.167238	2.92397	2.94631	2.97004	3.12041	3.9365	1.77092	3.4629	3.41781</FloatingPoint>
				<FloatingPoint size="20">	0.36205	0.955614	0.37689	0.486032	0.422745	0.846282	0.613709	0.335653	0.414211	0.528898	0.774364	0.188508	0.590495	0.944768	0.516213	0.886141	0.260518	0.946122	0.552777	0.439453</FloatingPoint>
			</Individual>
			<Individual size="2">
				<FitnessMax value="2.51655"/>
				<FloatingPoint size="50">	2.53812	0.790037	2.77154	1.8103	2.85255	3.65526	3.63031	3.99989	2.32526	3.12646	4.63704	1.36734	2.56214	5.37665	4.43636	3.86925	2.75581	3.07158	3.22053	3.40058	4.2937	4.52405	3.3097	2.91221	3.47625	3.68066	3.12291	4.42989	3.20546	4.34494	2.3182	0.28981	2.69614	1.49315	2.77977	5.09181	3.87786	3.88005	5.3642	5.0506	2.61327	0.167105	2.92397	2.94631	2.96771	3.23356	4.12926	2.30423	3.44458	3.8126</FloatingPoint>
				<FloatingPoint size="20">	0.423909	0.952841	0.511042	0.450845	0.429773	0.846279	0.535718	0.401598	0.419568	0.521031	0.729655	0.125084	0.797879	0.944244	0.484565	0.886403	0.265225	0.946122	0.563418	0.449724</FloatingPoint>
			</Individual>
			<Individual size="2">
				<FitnessMax value="2.41662"/>
				<FloatingPoint size="50">	2.53812	0.79004	2.77154	1.81023	2.85246	3.77019	3.21513	6.19662	2.59964	3.23619	4.64206	1.36714	5.57841	5.37665	4.43636	3.84966	2.74884	3.68319	3.22464	3.34893	4.28378	4.5241	3.36721	2.90708	3.79922	3.82234	3.11403	4.38631	3.29916	4.13602	2.31537	0.289979	2.69614	1.49276	2.77977	5.09189	3.9186	3.87985	5.37007	5.0507	2.61327	0.168236	2.92397	2.94631	2.96849	3.29212	4.09876	1.69644	3.58325	3.80876</FloatingPoint>
				<FloatingPoint size="20">	0.361244	0.975603	0.319677	0.456302	0.491327	0.846284	0.652063	0.291962	0.397396	0.528693	0.694887	0.118391	0.602326	0.944048	0.499175	0.886188	0.243293	0.946122	0.56972	0.441444</FloatingPoint>
			</Individual>
			<Individual size="2">
				<FitnessMax value="2.51655"/>
				<FloatingPoint size="50">	2.53812	0.790038	2.77154	1.81101	2.85251	3.90308	3.5964	4.12508	2.63281	3.19813	4.64044	1.36723	2.56528	5.37666	4.43636	3.73959	2.75976	3.15867	3.22437	3.40761	4.30184	4.5241	1.28049	2.91106	3.39149	3.89713	3.16079	4.38636	3.25867	4.14121	2.31719	0.28985	2.69614	1.49342	2.77977	5.09182	3.86697	3.87993	5.3765	5.05102	2.61327	0.167508	2.92397	2.94631	2.96849	3.2863	4.21285	1.69247	3.83498	4.33904</FloatingPoint>
				<FloatingPoint size="20">	0.362236	0.955843	0.404263	0.476594	0.423307	0.846282	0.608845	0.340923	0.403986	0.525386	0.776537	0.162059	0.581228	0.944272	0.517788	0.886999	0.262477	0.946122	0.537195	0.468035</FloatingPoint>
			</Individual>
			<Individual size="2">
				<FitnessMax value="2.51655"/>
				<FloatingPoint size="50">	2.53812	0.790037	2.77154	1.81316	2.85235	3.96587	3.40773	4.55428	2.65346	3.63116	4.6417	1.3723	2.61857	5.37666	4.43636	3.60796	2.54194	3.34289	3.21614	3.32945	4.35758	4.52447	3.30643	2.9045	2.96792	3.90743	6.80494	4.37587	2.95776	4.06221	2.12694	0.28976	2.69614	1.49387	2.77976	5.09036	3.80015	3.87984	5.3691	5.05069	2.61327	0.168493	2.92397	2.94631	2.96849	3.18871	4.1743	1.70235	2.75103	0.934759</FloatingPoint>
				<FloatingPoint size="20">	0.361486	0.962537	0.340867	0.474623	0.426011	0.846283	0.615353	0.338789	0.420522	0.521427	0.716598	0.142098	0.598754	0.944741	0.491113	0.886693	0.280226	0.946122	0.552969	0.450692</FloatingPoint>
			</Individual>
			<Individual size="2">
				<FitnessMax value="2.51655"/>
				<FloatingPoint size="50">	2.53812	0.79004	2.77154	1.81043	2.85244	4.03118	3.17223	4.06719	2.53382	3.3664	4.64051	1.36888	2.61725	5.37666	4.43636	3.8451	2.7492	3.76362	3.22245	3.36808	4.2881	4.52404	3.36268	2.91054	3.15088	3.8783	3.47651	4.38675	3.22963	4.07824	2.31506	0.290083	2.69614	1.49304	2.77977	5.09214	3.80851	3.87992	5.36615	5.05076	2.61327	0.167914	2.92397	2.94631	2.96849	3.33833	4.13533	1.71086	3.60711	4.32636</FloatingPoint>
				<FloatingPoint size="20">	0.352255	0.969097	0.406174	0.429101	0.433889	0.846283	0.603564	0.368553	0.435481	0.526481	0.680744	0.115685	0.640194	0.944439	0.498461	0.887166	0.28046	0.946122	0.581285	0.437326</FloatingPoint>
			</Individual>
			<Individual size="2">
				<FitnessMax value="2.51655"/>
				<FloatingPoint size="50">	2.53812	0.790038	2.77154	1.81056	2.85253	3.85075	3.27561	4.08467	2.25007	3.87152	4.64097	1.37002	2.55136	5.37666	4.43636	3.67909	2.75625	3.19407	3.22191	3.42599	4.29216	4.52412	3.02908	2.9035	3.82111	3.97733	4.00725	4.44556	2.58489	4.18814	2.32697	0.289851	2.69614	1.49258	2.77977	5.09224	3.88795	3.87991	5.36557	5.05054	2.61327	0.163925	2.92397	2.94631	2.96757	3.18145	4.03153	1.69744	3.56176	4.29728</FloatingPoint>
				<FloatingPoint size="20">	0.359562	0.978573	0.458398	0.416905	0.437011	0.846283	0.524055	0.388919	0.444871	0.491913	0.738325	0.122184	0.569955	0.944069	0.505001	0.88625	0.393033	0.946123	0.560894	0.449454</FloatingPoint>
			</Individual>
			<Individual size="2">
				<FitnessMax value="2.51655"/>
				<FloatingPoint size="50">	2.53812	0.790038	2.77154	1.81044	2.85252	3.73927	3.21983	4.09723	2.6461	3.35054	4.64201	1.36658	2.5668	5.37666	4.43636	3.84987	2.75377	3.1865	3.2231	3.43268	4.30362	4.52445	1.8397	2.91204	3.20988	3.96804	3.124	4.38711	2.55183	4.08542	2.31967	0.290074	2.69614	1.49355	2.77977	5.09098	3.92106	3.87991	5.36631	5.05085	2.61327	0.167927	2.92397	2.94631	2.96849	3.27341	4.04657	1.68619	3.67309	4.32634</FloatingPoint>
				<FloatingPoint size="20">	0.365873	0.978725	0.46873	0.456624	0.395675	0.846282	0.511279	0.389418	0.444955	0.510979	0.735371	0.119362	0.569616	0.944145	0.509662	0.886509	0.377553	0.946123	0.566844	0.444409</FloatingPoint>
			</Individual>
			<Individual size="2">
				<FitnessMax value="2.51655"/>
				<FloatingPoint size="50">	2.53812	0.790038	2.77154	1.81099	2.85255	3.80358	3.64077	4.08762	2.65659	3.24704	4.64058	1.36727	2.56109	5.37666	4.43636	3.74353	2.75715	3.22758	3.2252	3.42089	4.30368	4.52412	0.782748	2.90997	3.47691	3.93258	3.156	4.38717	3.15955	4.14834	2.31939	0.289668	2.69614	1.49342	2.77977	5.09174	3.91307	3.87993	5.38354	5.05213	2.61327	0.16808	2.92397	2.94631	2.96849	3.28554	4.21281	1.68471	3.65706	4.32626</FloatingPoint>
				<FloatingPoint size="20">	0.362236	0.955843	0.404263	0.476594	0.423307	0.846282	0.608845	0.340923	0.403986	0.525386	0.776537	0.162059	0.581228	0.944272	0.517788	0.886999	0.262477	0.946122	0.537195	0.468035</FloatingPoint>
			</Individual>
			<Individual size="2">
				<FitnessMax value="2.51655"/>
				<FloatingPoint size="50">	2.53812	0.790038	2.77154	1.8116	2.85255	3.73839	3.28138	4.13003	2.39928	2.92934	4.63906	1.36489	2.56346	5.37665	4.43636	3.88839	2.75909	3.19645	3.22237	3.44365	4.29419	4.52423	3.34573	2.9077	3.28613	3.94048	3.32992	4.38686	2.47141	4.19173	2.31275	0.289573	2.69614	1.49302	2.77977	5.09223	3.90168	3.87997	5.36644	5.0507	2.61327	0.167108	2.92397	2.94631	2.96849	3.25112	4.28572	1.69136	3.02532	4.26253</FloatingPoint>
				<FloatingPoint size="20">	0.360154	0.978573	0.427083	0.462655	0.422136	0.846283	0.729974	0.394456	0.444347	0.489149	0.75686	0.12463	0.891421	0.943646	0.498079	0.885906	0.225815	0.946122	0.555968	0.465029</FloatingPoint>
			</Individual>
			<Individual size="2">
				<FitnessMax value="2.51655"/>
				<FloatingPoint size="50">	2.53812	0.790038	2.77154	1.81036	2.85245	3.96957	3.14726	4.15838	2.63523	3.11711	4.64073	1.36604	2.57908	5.37665	4.43636	3.77925	2.76278	2.51987	3.2204	3.46958	4.29506	4.52403	3.35683	2.91185	3.11921	2.89322	5.23805	4.38559	3.26892	4.15769	2.31632	0.289973	2.69614	1.49337	2.77977	5.09209	3.82893	3.87997	5.36308	5.05054	2.61327	0.167277	2.92397	2.94631	2.96849	3.15921	4.2244	1.6992	3.39206	4.74397</FloatingPoint>
				<FloatingPoint size="20">	0.350094	0.974892	0.442805	0.324131	0.318717	0.846283	0.586473	0.389091	0.319845	0.501106	0.880904	0.122169	0.566503	0.943993	0.500815	0.886562	0.38429	0.946121	0.559496	0.449097</FloatingPoint>
			</Individual>
			<Individual size="2">
				<FitnessMax value="2.51655"/>
				<FloatingPoint size="50">	2.53812	0.790038	2.77154	1.8121	2.85245	3.89142	3.34412	4.21867	2.51341	3.18887	4.63947	1.3649	2.5829	5.37666	4.43636	3.7507	2.75975	3.28231	3.21982	3.36867	4.29738	4.52409	3.34842	2.9095	3.20346	4.06504	4.96845	4.38226	3.02361	4.12816	2.23279	0.289922	2.69614	1.49348	2.77976	5.09164	3.83406	3.87999	5.3643	5.05069	2.61327	0.167047	2.92397	2.94631	2.96849	3.23009	4.19297	1.69519	3.28929	1.65658</FloatingPoint>
				<FloatingPoint size="20">	0.364602	0.961255	0.320907	0.473165	0.426169	0.846283	0.45866	0.866907	0.419229	0.520702	0.715709	0.125407	0.563671	0.944156	0.491385	0.886575	0.280229	0.946122	0.593808	0.437794</FloatingPoint>
			</Individual>
			<Individual size="2">
				<FitnessMax value="2.51655"/>
				<FloatingPoint size="50">	2.53812	0.790038	2.77154	1.81186	2.85255	3.84697	3.24036	4.16895	2.43629	3.10927	4.64052	1.36884	2.55176	5.37666	4.43636	3.82246	2.76033	3.13508	3.22299	3.37565	4.2987	4.52413	3.24301	2.91202	3.54111	3.87932	3.09711	4.38741	2.61734	4.19688	2.32339	0.289853	2.69614	1.49304	2.77977	5.09177	3.83958	3.88006	5.3641	5.05052	2.61327	0.167966	2.92397	2.94631	2.96849	3.18556	4.41816	1.73609	3.32438	4.32632</FloatingPoint>
				<FloatingPoint size="20">	0.369153	0.978573	0.327286	0.459124	0.42077	0.846283	0.686029	0.396499	0.446858	0.505912	0.759012	0.120296	0.51021	0.943721	0.491517	0.886022	0.221264	0.946122	0.483156	0.437056</FloatingPoint>
			</Individual>
			<Individual size="2">
				<FitnessMax value="2.51655"/>
				<FloatingPoint size="50">	2.53812	0.790038	2.77154	1.81056	2.85253	6.36376	3.27561	4.08467	2.25007	3.87152	4.64097	1.37002	2.55136	5.37666	4.43636	3.67909	2.75625	3.19407	3.22191	3.42599	4.29216	4.52412	3.02908	2.9035	3.82111	3.97733	4.00725	4.44556	2.58489	4.18814	2.32697	0.289851	2.69614	1.49258	2.77977	5.09224	3.88795	3.87991	5.36557	5.05054	2.61327	0.163925	2.92397	2.94631	2.96757	3.18145	4.03153	1.69744	3.56176	4.29728</FloatingPoint>
				<FloatingPoint size="20">	0.362276	0.978576	0.457137	0.418101	0.346429	0.846283	0.524055	0.388919	0.444871	0.491913	0.738325	0.122184	0.569955	0.944069	0.505001	0.88625	0.393033	0.946123	0.560894	0.449454</FloatingPoint>
			</Individual>
			<Individual size="2">
				<FitnessMax value="2.51655"/>
				<FloatingPoint size="50">	2.53812	0.790037	2.77154	1.8103	2.85255	3.65526	3.63031	3.96572	2.32223	2.97728	4.63533	1.36544	2.5489	5.37665	4.43636	3.86973	2.75645	2.48197	3.22027	3.41326	4.30523	4.52431	3.5151	2.90757	3.16528	3.92873	3.11192	4.3864	3.23559	4.19186	2.32727	0.289986	2.69614	1.49269	2.77977	5.09151	3.92477	3.8799	5.36701	5.05089	2.61327	0.16726	2.92397	2.94631	2.96849	3.0804	4.33894	1.68991	4.30565	0.342528</FloatingPoint>
				<FloatingPoint size="20">	0.359562	0.978573	0.458398	0.426932	0.430247	0.846279	0.726324	0.394456	0.444347	0.521031	0.75686	0.125084	0.797879	0.943646	0.498079	0.885906	0.225815	0.946122	0.545885	0.465029</FloatingPoint>
			</Individual>
			<Individual size="2">
				<FitnessMax value="2.51655"/>
				<FloatingPoint size="50">	2.53813	0.790038	2.77154	1.81189	2.85237	4.12392	3.1457	4.10935	2.80703	3.24478	4.63926	1.36751	2.55813	5.37666	4.43636	3.71798	2.76029	3.19126	3.21942	3.41742	4.29473	4.52411	3.29959	2.90784	3.39197	6.57494	3.1326	4.38067	3.41857	4.18679	2.09172	0.289908	2.69614	1.49383	2.77977	5.09075	3.96117	3.88015	5.36399	5.05043	2.61327	0.676044	2.92397	2.94631	2.96849	2.94104	3.80079	1.70015	3.45679	0.971071</FloatingPoint>
				<FloatingPoint size="20">	0.36205	0.955614	0.37689	0.486032	0.422745	0.846282	0.613709	0.335653	0.414211	0.528898	0.774364	0.188508	0.590495	0.944768	0.516213	0.886141	0.260518	0.946122	0.552777	0.439453</FloatingPoint>
			</Individual>
			<Individual size="2">
				<FitnessMax value="2.51655"/>
				<FloatingPoint size="50">	2.53812	0.790038	2.77154	1.81156	2.85246	3.98995	3.27286	4.05108	2.63732	3.32247	4.63971	1.36557	2.55583	5.37666	4.43636	3.81325	2.75702	3.37688	3.22759	3.35718	4.30408	4.5241	3.24964	2.91008	3.36312	3.8855	4.39936	4.38755	2.79037	4.17857	2.32162	0.289809	2.69614	1.49317	2.77977	5.0917	3.78828	3.87994	5.36612	5.05143	2.61327	0.167602	2.92397	2.94631	2.96849	3.26676	4.23683	1.71305	3.75727	4.32628</FloatingPoint>
				<FloatingPoint size="20">	0.360154	0.978386	0.389448	0.466882	0.510893	0.846283	0.557449	0.331565	0.42691	0.50441	0.756651	0.286156	0.586903	0.943615	0.498546	0.886109	0.223193	0.946122	0.545002	0.438712</FloatingPoint>
			</Individual>
			<Individual size="2">
				<FitnessMax value="2.51655"/>
				<FloatingPoint size="50">	2.53812	0.790038	2.77154	1.81234	2.85255	3.65526	3.63031	3.96572	2.32223	2.97728	4.63533	1.36544	2.5489	5.37665	4.43636	3.86973	2.75645	2.48197	3.22027	3.41326	4.30523	4.52431	3.5151	2.90757	3.16528	3.92873	3.11192	4.3864	3.23559	4.19186	2.32727	0.289986	2.69614	1.49269	2.77977	5.09151	3.92477	3.8799	5.36701	5.05089	2.61327	0.16726	2.92397	2.94631	2.96849	3.0804	4.33894	1.68991	4.30565	0.342528</FloatingPoint>
				<FloatingPoint size="20">	0.339177	0.952138	0.312708	0.450928	0.428301	0.846283	0.447338	0.358076	0.422207	0.551926	0.728897	0.11726	0.554239	0.944195	0.487688	0.886486	0.281604	0.946122	0.597856	0.434984</FloatingPoint>
			</Individual>
			<Individual size="2">
				<FitnessMax value="2.51655"/>
				<FloatingPoint size="50">	2.53812	0.790038	2.77154	1.81151	2.85245	3.95471	3.28671	4.13615	2.55876	3.15501	4.63971	1.36756	2.57516	5.37666	4.43636	3.72848	2.75785	3.13549	3.22079	3.37853	4.29811	4.5241	3.31206	2.91187	3.20091	3.88388	4.69839	4.40867	3.1417	4.14189	2.31584	0.289944	2.69614	1.49333	2.77977	5.09196	3.82633	3.87994	5.36536	5.05082	2.61327	0.167496	2.92397	2.94631	2.96849	3.33158	4.26606	1.69832	3.52247	4.31436</FloatingPoint>
				<FloatingPoint size="20">	0.36115	0.915033	0.476708	0.457098	0.424313	0.846282	0.410916	0.929347	0.466379	0.538512	0.717314	0.332046	0.664032	0.944102	0.516851	0.886113	0.274973	0.946122	0.627473	0.436013</FloatingPoint>
			</Individual>
			<Individual size="2">
				<FitnessMax value="2.51655"/>
				<FloatingPoint size="50">	2.53812	0.790038	2.77154	1.8103	2.8525	3.84332	3.45043	4.33532	2.42338	3.13196	4.64067	1.36767	2.55708	5.37666	4.43636	3.70951	2.76039	2.48197	3.21936	3.41959	4.29438	4.52411	3.2501	2.90788	3.4044	3.94583	3.11558	4.38039	3.51176	4.1913	2.08111	0.28997	2.69614	1.49386	2.77977	5.09142	3.96589	3.87996	5.36308	5.05043	2.61327	0.167147	2.92397	2.94631	2.96849	2.92082	3.78407	1.69292	3.45223	0.810469</FloatingPoint>
				<FloatingPoint size="20">	0.363618	0.971876	0.358107	0.518907	0.421159	0.846283	0.525743	0.403762	0.446347	0.682116	0.761394	0.115898	0.582834	0.944257	0.463744	0.886437	0.253117	0.946122	0.586116	0.440811</FloatingPoint>
			</Individual>
			<Individual size="2">
				<FitnessMax value="2.51655"/>
				<FloatingPoint size="50">	2.53812	0.790038	2.77154	1.81098	2.85246	3.86306	3.22646	4.04886	2.47593	3.23413	4.64046	1.3681	2.58472	5.37665	4.43636	3.82609	2.75464	3.28233	3.22124	3.37353	4.29463	4.52412	3.28269	2.91061	3.37493	3.8759	4.48678	4.43064	2.82402	4.15899	2.32273	0.289918	2.69614	1.49315	2.77977	5.09194	3.84955	3.87995	5.36651	5.05087	2.61327	0.167673	2.92397	2.94631	2.96131	3.27019	4.2734	1.69962	3.69357	2.97507</FloatingPoint>
				<FloatingPoint size="20">	0.361486	0.962537	0.583831	0.419529	0.424066	0.846282	0.524685	0.364624	0.40272	0.525899	0.690389	0.322182	0.605041	0.944733	0.514147	0.886495	0.306977	0.946122	0.563325	0.439044</FloatingPoint>
			</Individual>
			<Individual size="2">
				<FitnessMax value="2.51655"/>
				<FloatingPoint size="50">	2.53812	0.790038	2.77154	1.81279	2.8525	3.81479	3.45043	4.33532	2.42338	3.13196	4.64067	1.36767	2.55708	5.37666	4.43636	3.70951	2.76039	3.18879	3.21936	3.41959	4.29438	4.52411	3.29752	2.90788	3.4044	6.70599	3.13397	4.38039	3.43807	4.19066	2.08111	0.289906	2.69614	1.49386	2.77977	5.09068	3.96589	3.88016	5.36388	5.05043	2.61327	0.166846	2.92397	2.94631	2.96849	3.87069	3.78407	1.69292	3.45223	0.810469</FloatingPoint>
				<FloatingPoint size="20">	0.356993	0.968112	0.338884	0.479835	0.425835	0.846283	0.615478	0.340164	0.427915	0.514202	0.712738	0.17559	0.601695	0.944729	0.512051	0.886352	0.286211	0.946122	0.554164	0.439537</FloatingPoint>
			</Individual>
			<Individual size="2">
				<FitnessMax value="2.51655"/>
				<FloatingPoint size="50">	2.53812	0.790038	2.77154	1.81186	2.85255	3.84697	3.24036	4.16895	2.43629	3.10927	4.64052	1.36884	2.55176	5.37666	4.43636	3.82246	2.76033	3.13508	3.22299	3.37565	4.2987	4.52413	3.24301	2.91202	3.54111	3.87932	3.09711	4.38741	2.61734	4.19688	2.32339	0.289853	2.69614	1.49304	2.77977	5.09177	3.83958	3.88006	5.3641	5.05052	2.61327	0.167966	2.92397	2.94631	2.96849	3.18556	4.41816	1.73609	3.32438	4.32632</FloatingPoint>
				<FloatingPoint size="20">	0.423909	0.952841	0.511042	0.450845	0.429773	0.846279	0.535718	0.401598	0.419568	0.521031	0.729655	0.125084	0.797879	0.944244	0.484565	0.886403	0.331439	0.946122	0.563418	0.449724</FloatingPoint>
			</Individual>
			<Individual size="2">
				<FitnessMax value="2.51655"/>
				<FloatingPoint size="50">	2.53812	0.790038	2.77154	1.81118	2.85255	3.82721	3.28927	3.92925	2.39264	2.80744	4.63755	1.35852	2.55214	5.37666	4.43636	3.87379	2.94759	3.33455	3.22299	3.40249	4.24547	4.52376	3.38463	2.91381	3.4066	3.92912	3.10994	4.38777	3.0804	4.18503	2.32408	0.289782	2.69614	1.49314	2.77977	5.09274	3.86331	3.88012	5.36017	5.05069	2.61327	0.168294	2.92397	2.94631	2.96849	3.26577	4.20907	1.68902	3.75347	4.16138</FloatingPoint>
				<FloatingPoint size="20">	0.350571	0.978573	0.464212	0.421711	0.435054	0.846282	0.726853	0.410848	0.439203	0.498967	0.728521	0.124095	0.777664	0.94367	0.490919	0.88617	0.230022	0.946122	0.558327	0.445772</FloatingPoint>
			</Individual>
			<Individual size="2">
				<FitnessMax value="0.906724"/>
				<FloatingPoint size="50">	2.53812	0.790038	2.77154	1.81042	2.85252	3.72881	3.27096	4.08511	2.60613	3.32262	4.64139	1.36667	2.56622	5.37666	4.43636	3.85229	2.75403	3.17218	3.22278	3.42868	4.30239	4.5244	2.02283	2.9122	3.23713	3.95338	3.12276	4.38885	2.62262	4.10414	2.31999	0.290039	2.69614	1.4935	2.77977	5.09116	3.91444	3.87993	5.3657	5.05083	2.61327	0.167926	2.92397	2.94631	2.96846	3.27118	4.06366	1.71083	3.67091	4.29202</FloatingPoint>
				<FloatingPoint size="20">	0.423909	0.978573	0.511042	0.426932	0.430247	0.846279	0.726324	0.401598	0.459764	0.521031	0.729655	0.125084	0.797879	0.943957	0.484565	0.885932	0.239014	0.946122	0.545885	0.449724</FloatingPoint>
			</Individual>
			<Individual size="2">
				<FitnessMax value="2.51655"/>
				<FloatingPoint size="50">	2.53812	0.790038	2.77154	1.81279	2.8525	3.81479	3.45043	4.33532	2.42338	3.13196	4.64067	1.36767	2.55708	5.37666	4.43636	3.70951	2.76039	3.18879	3.21936	3.41959	4.29438	4.52411	3.29752	2.90788	3.4044	6.70599	3.13397	4.38039	3.43807	4.1913	2.08111	0.289906	2.69614	1.49386	2.77977	5.09068	3.96589	3.88016	5.36388	5.05043	2.61327	0.166846	2.92397	2.94631	2.96849	2.92082	3.78407	1.69292	3.45223	0.810469</FloatingPoint>
				<FloatingPoint size="20">	0.36205	0.955614	0.37689	0.486032	0.422745	0.846282	0.613709	0.335653	0.414211	0.528898	0.774364	0.177138	0.590495	0.944768	0.516213	0.886141	0.260518	0.946122	0.552777	0.439453</FloatingPoint>
			</Individual>
			<Individual size="2">
				<FitnessMax value="2.51655"/>
				<FloatingPoint size="50">	2.53813	0.790038	2.77154	1.81043	2.85237	4.03118	3.1457	4.10935	2.80703	3.3664	4.63926	1.36888	2.5859	5.37666	4.43636	3.78021	2.7492	3.76362	3.22245	3.36808	4.30252	4.52404	3.36268	2.91184	3.15088	3.84109	5.69602	4.38675	3.22963	4.07824	2.31506	0.290083	2.69614	1.49332	2.77977	5.09227	3.80851	3.87992	5.36539	5.05088	2.61327	0.167914	2.92397	2.94631	2.96849	3.37953	4.13533	1.71086	3.60711	4.36889</FloatingPoint>
				<FloatingPoint size="20">	0.360154	0.978573	0.427083	0.462655	0.422136	0.846283	0.699645	0.406317	0.429534	0.756993	0.675113	0.118512	0.580824	0.944544	0.480064	0.886452	0.281554	0.946122	0.591412	0.437311</FloatingPoint>
			</Individual>
			<Individual size="2">
				<FitnessMax value="2.51655"/>
				<FloatingPoint size="50">	2.53812	0.790038	2.77154	1.81279	2.8525	3.81479	3.24036	4.16895	2.43629	3.13196	4.64052	1.36767	2.55176	5.37666	4.43636	3.70951	2.76039	3.18879	3.21936	3.41959	4.2987	4.52413	3.29752	2.90788	3.54111	6.70599	3.09711	4.38039	3.43807	4.1913	2.08111	0.289853	2.69614	1.49386	2.77977	5.09177	3.96589	3.88006	5.36388	5.05052	2.61327	0.166846	2.92397	2.94631	2.96849	3.18556	3.78407	1.69292	3.32438	4.32632</FloatingPoint>
				<FloatingPoint size="20">	0.36205	0.955614	0.37689	0.486032	0.422745	0.846282	0.613709	0.335653	0.414211	0.528898	0.774364	0.177138	0.590495	0.944768	0.516213	0.886141	0.260518	0.946122	0.552777	0.439453</FloatingPoint>
			</Individual>
			<Individual size="2">
				<FitnessMax value="2.51655"/>
				<FloatingPoint size="50">	2.53812	0.790038	2.77154	1.8121	2.85245	3.89142	3.34412	4.21867	2.51341	3.18887	4.63947	1.3649	2.5829	5.37666	4.43636	3.7507	2.75975	3.28231	3.21982	3.36867	4.29738	4.52409	3.34842	2.9095	3.20346	4.06504	4.96845	4.38226	3.02361	4.12816	2.23279	0.289922	2.69614	1.49348	2.77976	5.09164	3.83406	3.87999	5.3643	5.05069	2.61327	0.167047	2.92397	2.94631	2.96849	3.23009	4.19297	1.69519	3.28929	1.65658</FloatingPoint>
				<FloatingPoint size="20">	0.361486	0.962537	0.340867	0.474623	0.426011	0.846283	0.615353	0.338789	0.420522	0.521427	0.716598	0.142098	0.598754	0.944741	0.491113	0.886693	0.280226	0.946122	0.552969	0.450692</FloatingPoint>
			</Individual>
			<Individual size="2">
				<FitnessMax value="2.51655"/>
				<FloatingPoint size="50">	2.53812	0.790038	2.77154	1.81234	2.85255	3.65526	3.63031	3.96572	2.32223	2.97728	4.63533	1.36544	2.5489	5.37665	4.43636	3.86973	2.75645	2.48197	3.22027	3.41326	4.30523	4.52431	3.5151	2.90757	3.16528	3.92873	3.11192	4.3864	3.23559	4.19186	2.32727	0.289986	2.69614	1.49269	2.77977	5.09151	3.92477	3.8799	5.36701	5.05089	2.61327	0.16726	2.92397	2.94631	2.96849	3.0804	4.33894	1.68991	4.30565	0.342528</FloatingPoint>
				<FloatingPoint size="20">	0.339177	0.952138	0.312708	0.450928	0.428301	0.846283	0.437519	0.348077	0.416869	0.519824	0.714861	0.118026	0.548252	0.944151	0.491821	0.886474	0.280281	0.946122	0.597106	0.436653</FloatingPoint>
			</Individual>
			<Individual size="2">
				<FitnessMax value="2.51655"/>
				<FloatingPoint size="50">	2.53812	0.790038	2.77154	1.81099	2.85255	3.95742	3.64077	4.08762	2.35493	3.34852	4.64058	1.36727	2.55996	5.37666	4.43636	3.74353	2.75715	3.17086	3.22192	3.42089	4.3004	4.52412	3.35404	2.90997	3.47691	3.93258	3.156	4.38717	3.18862	4.1434	2.31939	0.289668	2.69614	1.49342	2.77977	5.09208	3.8818	3.87999	5.36982	5.05093	2.61327	0.16723	2.92397	2.94631	2.96849	3.28554	4.21281	1.68471	3.55819	4.32626</FloatingPoint>
				<FloatingPoint size="20">	0.362614	0.978573	0.612641	0.447116	0.424391	0.846282	0.506106	0.39145	0.450519	0.514373	0.734297	0.113502	0.569426	0.944362	0.513703	0.887022	0.35883	0.946122	0.567589	0.435479</FloatingPoint>
			</Individual>
			<Individual size="2">
				<FitnessMax value="2.51655"/>
				<FloatingPoint size="50">	2.53812	0.790037	2.77154	1.8103	2.85255	3.65526	3.63031	3.99989	2.32526	3.12646	4.63704	1.36734	2.56214	5.37665	4.43636	3.86925	2.75581	3.07158	3.22053	3.40058	4.2937	4.52405	3.3097	2.91221	3.47625	3.68066	3.12291	4.42989	3.20546	4.34494	2.3182	0.28981	2.69614	1.49315	2.77977	5.09181	3.87786	3.88005	5.3642	5.0506	2.61327	0.167105	2.92397	2.94631	2.96771	3.23356	4.12926	2.30423	3.44458	3.8126</FloatingPoint>
				<FloatingPoint size="20">	0.423909	0.978573	0.511042	0.426932	0.430247	0.846279	0.726324	0.401598	0.459764	0.521031	0.729655	0.125084	0.797879	0.943957	0.484565	0.885932	0.239014	0.946122	0.545885	0.449724</FloatingPoint>
			</Individual>
			<Individual size="2">
				<FitnessMax value="2.51655"/>
				<FloatingPoint size="50">	2.53813	0.790038	2.77154	1.81211	2.85252	3.8161	3.60128	4.33145	2.39153	3.0726	4.64064	1.37019	2.54999	5.37665	4.43636	3.65477	2.76358	2.96411	3.21959	3.93634	4.29395	4.52412	3.29559	2.90921	3.29995	4.77064	3.11912	4.38208	3.4643	4.18942	2.26037	0.289931	2.69614	1.49371	2.77977	5.09133	3.9035	3.88015	5.36337	5.05046	2.61327	0.39114	2.92397	2.94631	2.96849	3.09417	4.068	1.69701	3.76845	1.05454</FloatingPoint>
				<FloatingPoint size="20">	0.339398	0.961614	0.291467	0.538613	0.422443	0.846284	0.624241	0.340754	0.434435	0.500459	0.756097	0.116105	0.603089	0.944012	0.459607	0.886331	0.171535	0.946122	0.557963	0.455305</FloatingPoint>
			</Individual>
			<Individual size="2">
				<FitnessMax value="2.51655"/>
				<FloatingPoint size="50">	2.53812	0.79004	2.77154	1.81023	2.85246	3.77019	3.21513	6.19662	2.59964	3.23619	4.64206	1.36714	2.60833	5.37665	4.43636	3.84966	2.74884	3.68319	3.22464	3.34893	4.28378	4.5241	3.36721	2.90708	3.79922	3.82234	3.11403	4.38631	3.29916	4.13602	2.31537	0.289979	2.69614	1.49276	2.77977	5.09189	3.9186	3.87985	5.37007	5.0507	2.61327	0.168236	2.92397	2.94631	2.96849	3.29212	4.09876	1.69644	3.58325	3.80876</FloatingPoint>
				<FloatingPoint size="20">	0.359797	0.978221	0.436473	0.424025	0.583459	0.846283	0.68046	0.305508	0.428983	0.514935	0.708061	0.123103	0.574594	0.944055	0.49901	0.886135	0.33382	0.946123	0.568273	0.447081</FloatingPoint>
			</Individual>
			<Individual size="2">
				<FitnessMax value="2.51655"/>
				<FloatingPoint size="50">	2.53812	0.790037	2.77154	1.8103	2.85255	3.65526	3.63031	3.96572	2.32223	2.97728	4.63533	1.36544	2.5489	5.37665	4.43636	3.86973	2.75645	2.48197	3.22027	3.41326	4.30523	4.52431	3.5151	2.90757	3.16528	3.92873	3.11192	4.3864	3.23559	4.19186	2.32727	0.289986	2.69614	1.49269	2.77977	5.09151	3.92477	3.8799	5.36701	5.05089	2.61327	0.16726	2.92397	2.94631	2.96849	3.0804	4.33894	1.68991	4.30565	0.342528</FloatingPoint>
				<FloatingPoint size="20">	0.423909	0.96823	0.444039	0.411162	0.422962	0.846283	0.68698	0.38669	0.379121	0.699676	0.690658	0.118094	0.574883	0.943988	0.499558	0.886508	0.332392	0.946122	0.556003	0.44535</FloatingPoint>
			</Individual>
			<Individual size="2">
				<FitnessMax value="2.51655"/>
				<FloatingPoint size="50">	2.53812	0.790038	2.77154	1.81189	2.85255	3.73883	3.22351	4.20302	2.80703	3.07786	4.63926	1.36399	2.58503	5.37666	4.43636	3.8948	2.75878	3.25674	3.2207	3.36681	4.30252	4.5242	3.34126	2.90716	3.07571	3.95053	3.105	4.38606	2.9871	4.07703	2.30629	0.289975	2.69614	1.49323	2.77977	5.09227	3.86209	3.87997	5.36716	5.0504	2.61327	0.167238	2.92397	2.94631	2.96849	3.38615	4.16275	1.69733	3.56903	4.33095</FloatingPoint>
				<FloatingPoint size="20">	0.362276	0.974204	0.253692	0.452544	0.422964	0.846285	0.616617	0.285452	0.401588	0.531572	0.691995	0.114904	0.580509	0.944312	0.499901	0.886228	0.253051	0.946122	0.561614	0.44327</FloatingPoint>
			</Individual>
			<Individual size="2">
				<FitnessMax value="2.51655"/>
				<FloatingPoint size="50">	2.53812	0.790038	2.77154	1.81204	2.85253	3.82686	3.46742	4.10578	2.51515	3.16812	4.63803	1.36837	2.56177	5.37666	4.43636	3.83961	2.79062	3.08131	4.16933	3.42208	4.28552	4.52423	3.40469	2.91199	3.27003	4.48757	3.24003	4.38632	3.19716	4.19477	2.27218	0.289812	2.69614	1.49317	2.77977	5.0917	3.85591	3.87998	5.36709	5.05069	2.61327	0.16719	2.92397	2.94631	2.96849	3.2205	4.15971	1.69159	3.65031	1.6</FloatingPoint>
				<FloatingPoint size="20">	0.364602	0.978591	0.465494	0.42706	0.416074	0.84628	0.652525	0.389571	0.444379	0.513969	0.737104	0.120767	0.753834	0.943963	0.500733	0.886457	0.287129	0.946122	0.55202	0.459354</FloatingPoint>
			</Individual>
			<Individual size="2">
				<FitnessMax value="2.41662"/>
				<FloatingPoint size="50">	2.53812	0.790038	2.77154	1.81279	2.8525	3.81479	3.45043	4.33532	2.42338	3.13196	4.64067	1.36767	2.55708	5.37666	4.43636	3.70951	2.76039	3.18879	3.21936	3.41959	4.29438	4.52411	3.29752	2.90788	3.4044	6.70599	3.13397	4.38039	3.43807	4.19066	2.08111	0.289906	2.69614	1.49386	2.77977	5.09068	3.96589	3.88016	5.36388	5.05043	2.61327	0.166846	2.92397	2.94631	2.96849	2.92082	3.78407	1.69292	3.45223	0.810469</FloatingPoint>
				<FloatingPoint size="20">	0.362193	0.967234	0.412997	0.474214	0.378061	0.198192	0.568882	0.362286	0.429541	0.510405	0.756345	0.155346	0.580225	0.944418	0.510607	0.886196	0.326776	0.946123	0.556835	0.444453</FloatingPoint>
			</Individual>
			<Individual size="2">
				<FitnessMax value="2.51655"/>
				<FloatingPoint size="50">	2.53812	0.790038	2.77154	1.81277	2.85251	3.80708	3.30713	4.24705	2.60962	3.11596	4.63982	1.36578	2.57388	5.37666	4.43636	3.80907	2.75969	3.23724	5.1184	3.42905	4.29201	4.52415	3.32585	2.90791	3.25858	5.04774	3.37035	4.38376	3.17911	4.18007	2.21684	0.289661	2.69614	1.49349	2.77977	5.09169	3.89444	3.88006	5.36567	5.05046	2.61327	0.167088	2.92397	2.94631	2.96849	3.19764	4.07058	1.69345	2.88851	2.91672</FloatingPoint>
				<FloatingPoint size="20">	0.359562	0.978573	0.458398	0.416905	0.437011	0.846283	0.729974	0.394456	0.444347	0.489149	0.75686	0.12463	0.891421	0.943646	0.498079	0.885906	0.225815	0.946122	0.555968	0.465029</FloatingPoint>
			</Individual>
			<Individual size="2">
				<FitnessMax value="2.51655"/>
				<FloatingPoint size="50">	2.53812	0.790037	2.77154	1.81287	2.85251	3.82513	3.45746	4.50816	2.5728	3.25411	4.64111	1.36836	2.58029	5.37666	4.43636	3.66842	2.56068	3.34019	3.2178	3.33137	4.34078	4.52437	3.30204	2.90773	2.02216	5.25504	3.83336	4.37863	3.40085	4.10825	2.1129	0.289836	2.69614	1.49383	2.77977	5.09041	3.84264	3.88012	5.36884	5.05066	2.61327	0.385373	2.92397	2.94631	2.96849	3.09204	3.82224	1.70038	3.16875	0.955227</FloatingPoint>
				<FloatingPoint size="20">	0.36205	0.955614	0.37689	0.486032	0.422745	0.846282	0.613709	0.335653	0.414211	0.528898	0.774364	0.188508	0.590495	0.944768	0.516213	0.886141	0.260518	0.946122	0.552777	0.439453</FloatingPoint>
			</Individual>
			<Individual size="2">
				<FitnessMax value="2.51655"/>
				<FloatingPoint size="50">	2.53812	0.790038	2.77154	1.81168	2.85239	4.09056	3.16231	4.10079	2.76321	3.2341	4.63889	1.36458	2.58159	5.37666	4.43636	3.78676	2.75843	3.29123	3.22088	3.36922	4.30059	4.52401	3.31602	2.91271	3.09593	3.84874	5.40086	4.38612	3.01792	2.55074	2.31807	0.289969	2.69614	1.49326	2.77976	5.0922	3.77481	3.87996	5.36407	5.05086	2.61327	0.167319	2.92397	2.94631	2.96711	3.37122	4.2332	1.699	3.3198	4.36381</FloatingPoint>
				<FloatingPoint size="20">	0.339398	0.961614	0.291467	0.538613	0.422443	0.846284	0.687489	0.388306	0.438049	0.501313	0.756605	0.123727	0.585094	0.943714	0.490264	0.885871	0.166186	0.946122	0.52953	0.436897</FloatingPoint>
			</Individual>
			<Individual size="2">
				<FitnessMax value="2.51655"/>
				<FloatingPoint size="50">	2.53812	0.790038	2.77154	1.81206	2.85253	3.79091	3.44355	4.1851	2.42214	3.06048	4.63832	1.36652	2.55978	5.37666	4.43636	3.7331	2.86249	2.99668	2.79503	3.41839	4.26455	4.52406	3.32981	2.90971	3.38137	5.78554	3.13216	4.38364	3.28144	4.19	2.21623	0.289899	2.69614	1.49338	2.77977	5.09073	3.91585	3.88009	5.36556	5.05051	2.61327	0.167947	2.92397	2.94631	2.96849	2.99781	4.08878	1.69146	3.66158	1.34288</FloatingPoint>
				<FloatingPoint size="20">	0.36205	0.955614	0.37689	0.486032	0.422745	0.846282	0.613709	0.335653	0.414211	0.528898	0.774364	0.188508	0.590495	0.944768	0.516213	0.886141	0.260518	0.946122	0.552777	0.439453</FloatingPoint>
			</Individual>
			<Individual size="2">
				<FitnessMax value="2.51655"/>
				<FloatingPoint size="50">	2.53812	0.79004	2.77154	1.81023	2.85246	3.77019	3.21513	6.19662	2.59964	3.23619	4.64206	1.36714	2.60833	5.37665	4.43636	3.84966	2.74884	3.68319	3.22464	3.34893	4.28378	4.5241	3.36721	2.90708	3.79922	3.82234	3.11403	4.38631	3.29916	4.13602	2.31537	0.289979	2.69614	1.49276	2.77977	5.09189	3.9186	3.87985	5.37007	5.0507	2.61327	0.168236	2.92397	2.94631	2.96849	3.29212	4.09876	1.69644	3.58325	3.80876</FloatingPoint>
				<FloatingPoint size="20">	0.360528	0.977722	0.419687	0.461999	0.59494	0.846283	0.705788	0.301828	0.391042	0.52433	0.69927	0.123676	0.635392	0.943647	0.498075	0.886128	0.228504	0.946122	0.582006	0.438678</FloatingPoint>
			</Individual>
			<Individual size="2">
				<FitnessMax value="2.51655"/>
				<FloatingPoint size="50">	2.53812	0.790038	2.77154	1.81234	2.85255	3.72247	3.221	4.1557	2.49765	2.59774	4.63969	1.36916	2.58359	5.37666	4.43636	3.73207	2.75616	3.25554	3.22304	3.45144	4.2904	4.52413	3.36747	2.91077	3.40649	3.90365	3.10704	4.45343	3.1512	4.19183	2.30981	0.289785	2.69614	1.49322	2.77977	5.09222	3.87683	3.87989	5.36626	5.05094	2.61327	0.167188	2.92397	2.94631	2.96849	3.34011	4.27038	1.69591	1.7473	3.9343</FloatingPoint>
				<FloatingPoint size="20">	0.365937	0.978573	0.421623	0.445145	0.42137	0.846283	0.620231	0.391542	0.446679	0.508196	0.759119	0.119846	0.71133	0.943811	0.511604	0.88697	0.247341	0.946122	0.571599	0.443557</FloatingPoint>
			</Individual>
			<Individual size="2">
				<FitnessMax value="2.51655"/>
				<FloatingPoint size="50">	2.53812	0.790037	2.77154	1.8103	2.85255	3.65526	3.63031	3.96572	2.32223	2.97728	4.63533	1.36544	2.5489	5.37665	4.43636	3.86973	2.75645	3.1595	3.2203	3.40727	4.29811	4.52393	3.34566	2.9073	3.47862	3.62844	3.10312	4.38814	3.20394	4.19179	2.31788	0.289796	2.69614	1.49316	2.77977	5.09183	3.87931	3.8801	5.36152	5.05058	2.61327	0.167101	2.92397	2.94631	2.96849	3.17603	4.02956	2.66726	3.44548	3.79892</FloatingPoint>
				<FloatingPoint size="20">	0.423909	0.978573	0.511042	0.426932	0.430247	0.846279	0.726324	0.401598	0.459764	0.521031	0.729655	0.125084	0.797879	0.943957	0.484565	0.885932	0.239014	0.946122	0.545885	0.449724</FloatingPoint>
			</Individual>
			<Individual size="2">
				<FitnessMax value="2.51655"/>
				<FloatingPoint size="50">	2.53812	0.790037	2.77154	1.8103	2.85255	3.65526	3.63031	3.99989	2.32526	3.12646	4.63704	1.36734	2.56214	5.37665	4.43636	3.86925	2.75581	3.07158	3.22053	3.40058	4.2937	4.52405	3.3097	2.91331	3.42867	3.85038	3.11405	4.40112	3.12003	4.2357	2.32221	0.289791	2.69614	1.49314	2.77977	5.09244	3.86792	3.8801	5.36144	5.05066	2.61327	0.167917	2.92397	2.94631	2.96824	3.25557	4.18378	1.88398	3.65559	4.05085</FloatingPoint>
				<FloatingPoint size="20">	0.423909	0.978573	0.511042	0.426932	0.430247	0.846279	0.726324	0.401598	0.459764	0.521031	0.729655	0.125084	0.797879	0.943957	0.484565	0.885932	0.239014	0.946122	0.545885	0.449724</FloatingPoint>
			</Individual>
			<Individual size="2">
				<FitnessMax value="2.51655"/>
				<FloatingPoint size="50">	2.53812	0.790038	2.77154	1.81099	2.85255	3.80358	3.64077	4.08762	2.65659	3.24704	4.64058	1.36727	2.56109	5.37666	4.43636	3.74353	2.75715	3.22758	3.2252	3.42089	4.30368	4.52412	0.782748	2.90997	3.47691	3.93258	3.156	4.38717	3.15955	4.14834	2.31939	0.289668	2.69614	1.49342	2.77977	5.09174	3.91307	3.87993	5.38354	5.05213	2.61327	0.16808	2.92397	2.94631	2.96849	3.28554	4.21281	1.68471	3.65706	4.32626</FloatingPoint>
				<FloatingPoint size="20">	0.362614	0.978573	0.612641	0.447116	0.424391	0.846282	0.506106	0.39145	0.450519	0.514373	0.734297	0.113502	0.569426	0.944362	0.513703	0.887022	0.35883	0.946122	0.567589	0.435479</FloatingPoint>
			</Individual>
			<Individual size="2">
				<FitnessMax value="2.51655"/>
				<FloatingPoint size="50">	2.53812	0.790038	2.77154	1.81109	2.85246	3.98362	3.388	4.22798	2.58614	3.11103	4.64019	1.36722	2.5674	5.37665	4.43636	3.71296	2.76157	2.90931	3.22049	3.38988	4.29764	4.52407	3.30681	2.91185	3.1205	3.89346	4.40397	4.38615	3.26127	4.13399	2.31372	0.289981	2.69614	1.49349	2.77977	5.09197	3.80748	3.87993	5.36416	5.05069	2.61327	0.167286	2.92397	2.94631	2.96849	3.28637	4.21286	1.69425	3.91044	4.34711</FloatingPoint>
				<FloatingPoint size="20">	0.361903	0.968714	0.423075	0.42501	0.432892	0.846282	0.540278	0.41083	0.436603	0.565594	0.724913	0.108221	0.578708	0.943695	0.502442	0.886697	0.2366	0.946122	0.558305	0.439603</FloatingPoint>
			</Individual>
			<Individual size="2">
				<FitnessMax value="2.51655"/>
				<FloatingPoint size="50">	2.53812	0.790038	2.77154	1.81118	2.85234	4.10931	3.19454	4.22905	2.32811	3.31568	4.63861	1.36593	2.58348	5.37666	4.43636	3.78459	2.75459	3.27463	3.22227	3.41204	4.29216	4.52403	3.30215	2.91359	3.07905	4.21831	3.01119	4.38007	3.2991	4.22563	2.17063	0.289918	2.69614	1.49331	2.77976	5.09087	3.93367	3.87997	5.36418	5.05132	2.61327	0.167428	2.92397	2.94631	2.97129	3.44431	4.11966	1.70447	3.45343	4.31672</FloatingPoint>
				<FloatingPoint size="20">	0.36205	0.955614	0.37689	0.486032	0.422745	0.846282	0.613709	0.335653	0.414211	0.528898	0.774364	0.188508	0.590495	0.944768	0.516213	0.886141	0.260518	0.946122	0.552777	0.439453</FloatingPoint>
			</Individual>
			<Individual size="2">
				<FitnessMax value="2.51655"/>
				<FloatingPoint size="50">	2.53812	0.790038	2.77154	1.8116	2.85249	3.97083	3.3003	4.37268	2.48556	2.91261	4.64111	1.35879	2.55597	5.37666	4.43636	3.64277	2.93973	3.33455	3.22277	3.37117	4.29558	4.52405	3.30624	2.91202	3.24891	3.92022	5.78306	4.38379	3.06633	4.07034	2.24409	0.28978	2.69614	1.49326	2.77976	5.09112	3.84647	3.8799	5.36041	5.05068	2.61327	0.168288	2.92397	2.94631	2.96845	3.22051	4.18719	1.69224	3.60033	2.50763</FloatingPoint>
				<FloatingPoint size="20">	0.359562	0.978573	0.458398	0.416905	0.437011	0.846283	0.524055	0.388919	0.444871	0.491913	0.738325	0.122184	0.569955	0.944069	0.505001	0.88625	0.393033	0.946123	0.560894	0.449454</FloatingPoint>
			</Individual>
			<Individual size="2">
				<FitnessMax value="2.51655"/>
				<FloatingPoint size="50">	2.53812	0.790037	2.77154	1.81083	2.85255	3.73963	3.6781	4.07421	2.42347	2.98056	4.63586	1.36786	2.55808	5.37665	4.43636	3.77716	2.75601	3.19235	3.22303	3.42361	4.29873	4.52401	1.44143	2.9095	3.4864	3.90712	3.1562	4.38782	3.2308	4.16652	2.31827	0.289691	2.69614	1.4932	2.77977	5.09181	3.91296	3.88008	5.37748	5.05189	2.61327	0.167803	2.92397	2.94631	2.96849	3.25686	4.18752	2.58415	3.51783	4.0936</FloatingPoint>
				<FloatingPoint size="20">	0.362614	0.978573	0.726341	0.447116	0.424391	0.846282	0.506106	0.39145	0.450519	0.514373	0.734297	0.113502	0.569426	0.944362	0.513703	0.887022	0.35883	0.946122	0.567589	0.435479</FloatingPoint>
			</Individual>
			<Individual size="2">
				<FitnessMax value="2.51655"/>
				<FloatingPoint size="50">	2.53812	0.790038	2.77154	1.81099	2.85255	3.80358	3.64077	4.08762	2.65659	3.24704	4.64058	1.36727	2.56109	5.37666	4.43636	3.74353	2.75715	3.22758	3.2252	3.42089	4.30368	4.52412	0.782748	2.90997	3.47691	3.93258	3.156	4.38717	3.15955	4.14834	2.31939	0.289668	2.69614	1.49342	2.77977	5.09174	3.91307	3.87993	5.38354	5.05213	2.61327	0.16808	2.92397	2.94631	2.96849	3.28554	4.21281	1.68471	3.65706	4.32626</FloatingPoint>
				<FloatingPoint size="20">	0.365937	0.974261	0.485895	0.450288	0.423569	0.846283	0.585651	0.347196	0.439593	0.521356	0.704642	0.114275	0.569477	0.944339	0.513133	0.886468	0.319546	0.946122	0.562567	0.442691</FloatingPoint>
			</Individual>
			<Individual size="2">
				<FitnessMax value="2.51655"/>
				<FloatingPoint size="50">	2.53812	0.790038	2.77154	1.81178	2.85243	4.06842	3.1672	4.13467	2.76147	3.16588	4.63953	1.36756	2.56429	5.37666	4.43636	3.72472	2.75958	3.15928	3.22013	3.41688	4.29681	4.52411	3.30096	2.91041	3.31364	6.10717	3.20457	4.40426	3.17381	4.17624	2.11203	0.28993	2.69614	1.49339	2.77977	5.09093	3.93323	3.88014	5.36412	5.05058	2.61327	0.324727	2.92397	2.94631	2.96849	3.04456	4.23483	1.69888	3.51185	2.47751</FloatingPoint>
				<FloatingPoint size="20">	0.36205	0.955614	0.37689	0.486032	0.422745	0.846282	0.613709	0.335653	0.414211	0.528898	0.774364	0.188508	0.590495	0.944768	0.516213	0.886141	0.260518	0.946122	0.552777	0.439453</FloatingPoint>
			</Individual>
			<Individual size="2">
				<FitnessMax value="2.51655"/>
				<FloatingPoint size="50">	2.53812	0.790038	2.77154	1.81123	2.85254	3.72265	3.22096	3.99281	2.49783	3.40015	4.64016	1.36714	2.55058	5.37666	4.43636	3.84629	2.7569	3.25525	3.22998	3.4455	4.30447	4.52413	3.36747	2.90832	3.40634	3.83841	3.1027	4.45347	3.15124	4.19176	2.32583	0.289786	2.69614	1.49322	2.77977	5.09222	3.81037	3.87989	5.36684	5.05072	2.61327	0.167188	2.92397	2.94631	2.96849	3.34013	4.31091	1.72877	1.74835	3.93455</FloatingPoint>
				<FloatingPoint size="20">	0.360154	0.978573	0.427083	0.486032	0.422136	0.846283	0.699645	0.335653	0.414211	0.528898	0.774364	0.118512	0.590495	0.944768	0.516213	0.887552	0.260518	0.946122	0.552777	0.439453</FloatingPoint>
			</Individual>
			<Individual size="2">
				<FitnessMax value="2.51655"/>
				<FloatingPoint size="50">	2.53812	0.790038	2.77154	1.81068	2.85251	3.75401	3.58329	4.11859	2.43566	2.98072	4.63813	1.36748	2.57666	5.37665	4.43636	3.77818	2.76172	2.57651	3.22187	3.4392	4.29629	4.52402	2.80505	2.90962	3.19456	3.84756	5.23652	4.38591	3.26357	4.15929	2.31707	0.289899	2.69614	1.49331	2.77977	5.09209	3.88875	3.87999	5.37066	5.05158	2.61327	0.167799	2.92397	2.94631	2.96849	3.17162	4.20985	2.52392	3.41862	4.2015</FloatingPoint>
				<FloatingPoint size="20">	0.423909	0.96823	0.444039	0.411162	0.422962	0.846283	0.68698	0.38669	0.379121	0.699676	0.690658	0.118094	0.574883	0.943988	0.499558	0.886508	0.332392	0.946122	0.556003	0.44535</FloatingPoint>
			</Individual>
			<Individual size="2">
				<FitnessMax value="2.51655"/>
				<FloatingPoint size="50">	2.53812	0.790038	2.77154	1.81279	2.8525	3.81479	3.45043	4.33532	2.42338	3.13196	4.64067	1.36767	2.55708	5.37666	4.43636	3.70951	2.76039	3.18879	3.21936	3.41959	4.29438	4.52411	3.29752	2.90788	3.4044	6.70599	3.13397	4.38039	3.43807	4.19066	2.08111	0.289906	2.69614	1.49386	2.77977	5.09068	3.96589	3.88016	5.36388	5.05043	2.61327	0.166846	2.92397	2.94631	2.96849	2.92082	3.78407	1.69292	3.45223	0.810469</FloatingPoint>
				<FloatingPoint size="20">	0.36205	0.955614	0.37689	0.486032	0.422745	0.846282	0.613709	0.335653	0.414211	0.528898	0.774364	0.188508	0.590495	0.944768	0.516213	0.886141	0.260518	0.946122	0.552777	0.439453</FloatingPoint>
			</Individual>
			<Individual size="2">
				<FitnessMax value="2.51655"/>
				<FloatingPoint size="50">	2.53812	0.790038	2.77154	1.81151	2.85245	3.95471	3.28671	4.13615	2.55876	3.15501	4.63971	1.36756	2.57516	5.37666	4.43636	3.72848	2.75785	3.13549	3.22079	3.37853	4.29811	4.5241	3.31206	2.91187	3.20091	3.88388	4.69839	4.40867	3.1417	4.14189	2.31584	0.289944	2.69614	1.49333	2.77977	5.09196	3.82633	3.87994	5.36536	5.05082	2.61327	0.167496	2.92397	2.94631	2.96849	3.33158	4.26606	1.69832	3.52247	4.31436</FloatingPoint>
				<FloatingPoint size="20">	0.366628	0.947765	0.474573	0.45439	0.423358	0.846281	0.37105	0.370786	0.456155	0.52795	0.663135	0.562642	0.639467	0.945015	0.516909	0.886119	0.274584	0.946122	0.571586	0.435539</FloatingPoint>
			</Individual>
			<Individual size="2">
				<FitnessMax value="2.51655"/>
				<FloatingPoint size="50">	2.53812	0.790037	2.77154	1.81034	2.85255	3.94161	3.34722	4.28116	2.36017	3.2654	4.63966	1.36921	2.55439	5.37666	4.43636	3.86832	0.388417	3.17072	3.22177	3.4014	4.30028	4.52396	3.34793	2.90924	3.33863	3.67234	3.11517	4.38759	3.1921	4.17681	2.31729	0.28982	2.69614	1.49321	2.77977	5.09195	3.88102	3.8801	5.36398	5.05065	2.61327	0.167167	2.92397	2.94631	2.96849	3.19298	4.03156	2.32973	3.47693	3.82651</FloatingPoint>
				<FloatingPoint size="20">	0.39147	0.970515	0.429366	0.473733	0.426017	0.846281	0.627003	0.386437	0.444955	0.510979	0.735371	0.119362	0.569616	0.944145	0.509662	0.886509	0.377553	0.946123	0.566844	0.444409</FloatingPoint>
			</Individual>
			<Individual size="2">
				<FitnessMax value="2.51655"/>
				<FloatingPoint size="50">	2.53812	0.790039	2.77154	1.81044	2.85248	3.79331	3.41251	4.03338	2.59282	3.27872	4.64193	1.36742	2.56984	5.37666	4.43636	3.81697	2.75522	3.23886	3.2251	3.41863	4.30339	4.52405	3.30324	2.90984	3.58545	3.89192	3.14066	4.3873	3.18085	4.13702	2.31621	0.289692	2.69614	1.49262	2.77977	5.09198	3.91195	3.87987	5.38056	5.05171	2.61327	0.168134	2.92397	2.94631	2.96849	3.2858	4.17376	1.69049	3.65609	4.32629</FloatingPoint>
				<FloatingPoint size="20">	0.36144	0.975925	0.340031	0.450406	0.421679	0.846284	0.649322	0.333062	0.412596	0.620367	0.685345	0.114938	0.585129	0.944347	0.488316	0.886325	0.263777	0.946122	0.575595	0.437474</FloatingPoint>
			</Individual>
		</Deme>
	</Population>
</ECF>
