<?xml version="1.0" encoding="ISO-8859-1"?>
<ECF milestone="Mon Jun 18 10:10:17 2018
">
	<Registry>
		<Entry key="1FloatingPoint.dimension">20</Entry>
		<Entry key="1FloatingPoint.lbound">0</Entry>
		<Entry key="1FloatingPoint.ubound">1</Entry>
		<Entry key="FloatingPoint.dimension">50</Entry>
		<Entry key="FloatingPoint.lbound">0</Entry>
		<Entry key="FloatingPoint.ubound">6.99</Entry>
		<Entry key="SteadyStateTournament.tsize">3</Entry>
		<Entry key="batch.logfile_">*</Entry>
		<Entry key="batch.remaining_">0</Entry>
		<Entry key="batch.repeats">1</Entry>
		<Entry key="batch.singlemilestone">1</Entry>
		<Entry key="batch.statsfile">stats/ohlc_bitfinex_iotusd_86400_10_30_0.9_0.8.csv</Entry>
		<Entry key="data.balance">16.3878</Entry>
		<Entry key="data.input">data/train/ohlc_bitfinex_iotusd_86400.csv</Entry>
		<Entry key="data.test">data/test/ohlc_bitfinex_iotusd_86400.csv</Entry>
		<Entry key="fuzzy.langvars">conf/ohlc_bitfinex_iotusd_86400.conf</Entry>
		<Entry key="fuzzy.numrules">10</Entry>
		<Entry key="fuzzy.threshold">0.8</Entry>
		<Entry key="log.frequency">10</Entry>
		<Entry key="log.level">3</Entry>
		<Entry key="milestone.elapsedtime_">204</Entry>
		<Entry key="milestone.filename">milestones/ohlc_bitfinex_iotusd_86400_10_30_0.9_0.8.txt</Entry>
		<Entry key="milestone.generation_">9999</Entry>
		<Entry key="mutation.indprob">0.9</Entry>
		<Entry key="operator.logfile">log/ohlc_bitfinex_iotusd_86400_10_30_0.9_0.8.csv</Entry>
		<Entry key="population.size">30</Entry>
		<Entry key="term.eval">300000</Entry>
	</Registry>
	<Population size="1">
		<HallOfFame size="1">
			<Individual size="2" gen="9562">
				<FitnessMax value="4.23233"/>
				<FloatingPoint size="50">	3.85645	0.452688	2.52792	3.26487	3.40356	3.70067	0.420439	2.29329	4.52516	3.24417	3.20124	0.259936	1.4243	4.03134	3.58813	2.50283	0.645773	2.80494	4.29551	3.42399	2.44216	0.959418	2.425	1.32411	1.33709	2.36562	0.425141	2.60431	2.44562	3.16553	2.25238	0.619105	2.58666	1.39026	2.43363	2.38649	0.780521	1.47943	4.59349	3.15722	2.54984	0.326931	1.56498	1.11052	2.6062	2.44831	0.518838	2.30975	2.28952	2.36197</FloatingPoint>
				<FloatingPoint size="20">	0.955041	0.966875	0.909471	0.939387	0.92211	0.455065	0.900055	0.95547	0.993503	0.992489	0.411888	0.973887	0.723193	0.93091	0.907357	0.22902	0.923669	0.0712165	0.911931	0.906242</FloatingPoint>
			</Individual>
		</HallOfFame>
		<Deme size="30">
			<HallOfFame size="1">
				<Individual size="2" gen="9562">
					<FitnessMax value="4.23233"/>
					<FloatingPoint size="50">	3.85645	0.452688	2.52792	3.26487	3.40356	3.70067	0.420439	2.29329	4.52516	3.24417	3.20124	0.259936	1.4243	4.03134	3.58813	2.50283	0.645773	2.80494	4.29551	3.42399	2.44216	0.959418	2.425	1.32411	1.33709	2.36562	0.425141	2.60431	2.44562	3.16553	2.25238	0.619105	2.58666	1.39026	2.43363	2.38649	0.780521	1.47943	4.59349	3.15722	2.54984	0.326931	1.56498	1.11052	2.6062	2.44831	0.518838	2.30975	2.28952	2.36197</FloatingPoint>
					<FloatingPoint size="20">	0.955041	0.966875	0.909471	0.939387	0.92211	0.455065	0.900055	0.95547	0.993503	0.992489	0.411888	0.973887	0.723193	0.93091	0.907357	0.22902	0.923669	0.0712165	0.911931	0.906242</FloatingPoint>
				</Individual>
			</HallOfFame>
			<Individual size="2">
				<FitnessMax value="3.94491"/>
				<FloatingPoint size="50">	3.56513	0.662213	2.52806	3.72541	3.40381	3.62329	0.539359	2.57828	4.62245	3.24461	3.21304	0.275189	1.32186	4.31611	3.5734	2.38756	0.727087	2.80261	4.60073	3.43272	2.24555	0.943143	2.23529	1.33176	1.75256	2.37946	0.400922	2.64875	2.60872	3.65865	2.58444	0.446925	2.88826	1.4929	2.41363	2.93717	0.728667	1.41043	4.72683	3.29089	2.33639	0.442585	1.4677	1.15081	6.7161	2.4463	0.699835	2.259	2.29858	2.43264</FloatingPoint>
				<FloatingPoint size="20">	0.95568	0.96407	0.921949	0.939368	0.911871	0.228605	0.704928	0.943057	0.993478	0.992489	0.422555	0.987912	0.718451	0.937562	0.872337	0.47098	0.944105	0.0607114	0.910578	0.906243</FloatingPoint>
			</Individual>
			<Individual size="2">
				<FitnessMax value="4.23233"/>
				<FloatingPoint size="50">	3.85646	0.662213	2.52806	3.78918	3.40381	3.30081	0.513334	2.57827	4.62245	3.24459	3.21323	0.2752	1.32408	4.3161	3.5734	2.38751	0.727091	2.80261	4.60075	3.42405	2.24497	0.943137	2.23529	1.46521	1.75256	2.37946	0.509081	2.64788	2.60871	3.65842	2.58445	0.446925	2.88819	1.4929	2.41363	2.42814	0.728572	1.70106	4.72684	3.29088	2.33639	0.442685	1.46772	1.1508	2.53002	2.4463	0.699835	2.25904	2.29858	2.43266</FloatingPoint>
				<FloatingPoint size="20">	0.95568	0.96407	0.926379	0.939368	0.911871	0.248453	0.877827	0.943057	0.993478	0.992489	0.629206	0.987912	0.718451	0.937562	0.830242	0.474366	0.944105	0.0607114	0.910578	0.906243</FloatingPoint>
			</Individual>
			<Individual size="2">
				<FitnessMax value="4.23233"/>
				<FloatingPoint size="50">	3.56513	0.662213	2.52806	3.72541	3.40381	3.62329	0.539359	2.57828	4.62245	3.24461	3.21304	0.275189	1.32186	4.31611	3.5734	2.38756	0.727087	2.80261	4.60073	3.42405	2.24555	0.943143	2.7431	1.36307	1.75256	2.39976	0.400922	2.64875	2.60872	3.65865	2.58444	0.446925	2.88826	1.4929	2.41363	2.42814	0.728667	1.41043	4.72683	3.29183	2.33639	0.442585	1.4677	1.45642	2.53001	2.4463	0.699835	2.259	2.29858	2.43264</FloatingPoint>
				<FloatingPoint size="20">	0.95568	0.96407	0.926379	0.939368	0.911871	0.248453	0.877827	0.943057	0.993478	0.992489	0.629206	0.987912	0.718451	0.937562	0.830241	0.474359	0.944105	0.0607114	0.910578	0.906243</FloatingPoint>
			</Individual>
			<Individual size="2">
				<FitnessMax value="3.93054"/>
				<FloatingPoint size="50">	3.56513	0.662213	2.52806	3.72541	3.40381	3.62329	0.539359	2.57828	4.62245	3.24461	3.21304	0.275189	1.32186	4.31611	3.5734	2.38756	0.727087	2.80261	4.60073	3.42405	2.24555	0.943143	2.23529	1.32244	1.75256	2.37946	0.400922	2.64875	2.60872	3.65865	2.58444	0.446925	2.88826	1.4929	2.41363	2.42814	0.728667	1.41043	4.72683	3.29089	0.965282	0.442585	1.4677	1.5002	2.53001	2.4463	0.699835	2.259	2.29858	2.43264</FloatingPoint>
				<FloatingPoint size="20">	0.913503	0.96407	0.922158	0.939368	0.911871	0.213174	0.877827	0.943057	0.993478	0.992489	0.625815	0.987912	0.718451	0.937562	0.837827	0.469186	0.944105	0.0607114	0.910578	0.906243</FloatingPoint>
			</Individual>
			<Individual size="2">
				<FitnessMax value="3.4134"/>
				<FloatingPoint size="50">	3.85646	0.662213	2.52806	3.80497	3.40381	3.08553	0.503538	2.57826	4.62244	3.24454	3.2144	0.275191	1.32224	4.31611	3.5734	2.38754	0.72709	2.80261	4.60073	3.42405	2.24547	0.943141	2.23529	1.32244	1.75256	2.37946	0.420896	2.64855	2.60872	3.65859	2.58444	0.446925	2.88825	1.4929	2.41363	2.42814	0.728655	1.46475	4.72683	3.29089	2.33639	0.44262	1.46771	1.46303	2.53001	2.4463	0.699835	2.25918	2.29858	1.80323</FloatingPoint>
				<FloatingPoint size="20">	0.95568	0.96407	0.909325	0.939369	0.911871	0.248453	0.877827	0.943057	0.993478	0.992489	0.457773	0.987912	0.718451	0.937562	0.830243	0.440613	0.944104	0.0607114	0.910578	0.906243</FloatingPoint>
			</Individual>
			<Individual size="2">
				<FitnessMax value="1.06099"/>
				<FloatingPoint size="50">	3.56513	0.662213	2.52806	3.72541	3.40381	3.62329	0.539359	2.57828	4.62245	3.24461	3.21304	0.275189	1.32186	4.31611	3.5734	2.38756	0.727087	2.80261	4.60073	3.29334	2.24555	0.943143	2.23529	1.18195	1.75256	2.37946	0.400922	2.64875	2.60872	3.65865	2.58444	0.446925	2.88826	1.4929	2.41363	2.42814	0.728667	1.41043	4.72683	3.29089	2.33639	0.442585	1.4677	6.76651	2.53001	2.4463	0.699835	2.259	2.29858	2.43264</FloatingPoint>
				<FloatingPoint size="20">	0.95568	0.96407	0.920842	0.939368	0.888493	0.139503	0.802272	0.943057	0.993478	0.992489	0.418188	0.353325	0.718451	0.937562	0.837585	0.472187	0.944105	0.0607114	0.910578	0.906243</FloatingPoint>
			</Individual>
			<Individual size="2">
				<FitnessMax value="4.23233"/>
				<FloatingPoint size="50">	3.56513	0.662213	2.52806	3.72541	3.40381	3.62329	0.539359	2.57828	4.62245	3.24461	3.21304	0.275189	1.32186	4.31611	3.5734	2.38756	0.727087	2.80261	4.60073	3.42405	2.24555	0.943143	2.23529	1.32244	1.75256	2.37946	0.400922	2.64875	2.60872	3.65865	2.58444	0.446925	2.88826	1.4929	2.41363	2.42814	0.728667	1.41043	4.72683	3.29089	2.33639	0.442585	1.4677	1.5002	2.53001	2.4463	0.699835	2.259	2.29858	2.43264</FloatingPoint>
				<FloatingPoint size="20">	0.95568	0.96407	0.926379	0.939368	0.811224	0.248453	0.877827	0.943057	0.993478	0.992489	0.629206	0.987912	0.718451	0.937562	0.830241	0.474359	0.944105	0.0607114	0.910578	0.906243</FloatingPoint>
			</Individual>
			<Individual size="2">
				<FitnessMax value="3.93023"/>
				<FloatingPoint size="50">	3.71079	0.662213	2.52806	3.7573	3.40381	3.46205	0.526347	2.57828	4.62245	3.2446	3.21314	0.275194	1.32297	4.31611	3.5734	2.38753	0.727089	2.80261	4.60074	3.42405	2.24526	0.94314	2.4892	1.41414	1.75256	2.38961	0.455002	2.64831	2.60871	3.65854	2.58444	0.446925	2.88822	1.4929	2.41363	2.42814	0.728619	4.98871	4.72683	3.29136	2.33639	0.442635	1.46771	1.30361	2.53002	2.4463	0.699835	2.25902	2.29858	2.43265</FloatingPoint>
				<FloatingPoint size="20">	0.95568	0.96407	0.916613	0.939369	0.911871	0.20732	0.877827	0.943057	0.993478	0.992489	0.481177	0.987912	0.718451	0.937562	0.830241	0.442409	0.944104	0.0607114	0.910578	0.906243</FloatingPoint>
			</Individual>
			<Individual size="2">
				<FitnessMax value="4.23233"/>
				<FloatingPoint size="50">	3.56513	0.662213	2.52806	3.72541	3.40381	3.62329	0.539359	2.57828	4.62245	3.24461	3.21304	0.275189	1.32186	4.31611	3.5734	2.38756	0.727087	2.80261	4.60073	3.42405	2.24555	0.943143	2.23529	1.32244	1.75256	2.37946	0.400922	2.64875	2.60872	3.65865	2.58444	0.446925	2.88826	1.4929	2.41363	2.42814	0.728667	1.41043	4.72683	3.29089	2.33639	0.442585	1.4677	1.5002	2.53001	2.4463	0.699835	2.259	2.29858	2.43264</FloatingPoint>
				<FloatingPoint size="20">	0.95568	0.96407	0.926379	0.939368	0.911871	0.248453	0.877827	0.943057	0.993478	0.992489	0.629206	0.987912	0.718451	0.937562	0.830241	0.474359	0.944105	0.0607114	0.910578	0.906243</FloatingPoint>
			</Individual>
			<Individual size="2">
				<FitnessMax value="4.23233"/>
				<FloatingPoint size="50">	3.85646	0.662213	2.52806	3.80497	3.40381	3.08553	0.503538	2.57826	4.62244	3.24454	3.2144	0.275205	1.3255	4.31609	3.5734	2.38744	0.727114	2.80261	4.60076	3.42405	2.24482	0.943127	2.23529	1.32244	1.75256	2.37946	0.588859	2.64687	2.60871	3.6581	2.58445	0.446924	2.88818	1.4929	2.41363	2.42814	0.728555	1.92155	4.7269	3.29086	2.33639	0.442912	1.46776	1.15049	2.53002	2.4463	0.699834	2.26073	2.29858	2.43276</FloatingPoint>
				<FloatingPoint size="20">	0.95568	0.96407	0.909325	0.939369	0.911871	0.248453	0.877827	0.943057	0.993478	0.992489	0.457773	0.987912	0.718451	0.937562	0.830243	0.440613	0.944104	0.0607114	0.910578	0.906243</FloatingPoint>
			</Individual>
			<Individual size="2">
				<FitnessMax value="3.93553"/>
				<FloatingPoint size="50">	3.56513	0.662213	2.52806	3.72541	3.40381	3.62329	0.539359	2.57828	4.62245	3.24461	3.21304	0.275189	1.32186	4.31611	3.5734	2.38756	0.727087	2.80261	4.60073	3.29334	2.24555	0.943143	2.23529	1.18195	1.75256	2.37946	0.400922	2.64875	2.60872	3.65865	2.58444	0.446925	2.88826	1.4929	2.41363	2.42814	0.728667	1.41043	4.72683	3.29089	2.33639	0.442585	1.4677	6.76651	2.53001	2.4463	0.699835	2.259	2.29858	2.43264</FloatingPoint>
				<FloatingPoint size="20">	0.95568	0.96407	0.926379	0.939368	0.911871	0.248453	0.877827	0.943057	0.993478	0.992489	0.629206	0.987912	0.718451	0.937562	0.830241	0.474359	0.944105	0.0607114	0.910578	0.906243</FloatingPoint>
			</Individual>
			<Individual size="2">
				<FitnessMax value="4.23233"/>
				<FloatingPoint size="50">	3.56513	0.662213	2.52806	3.72541	3.40381	3.62329	0.539359	2.57828	4.62245	3.24461	3.21304	0.275189	1.32186	4.31611	3.5734	2.38756	0.727087	2.80261	4.60073	3.42405	2.24555	0.943143	2.23529	1.54262	1.75256	2.37946	0.400922	2.64875	2.60872	3.65865	2.58444	0.446925	2.88826	1.4929	2.41363	2.42814	0.728667	1.41043	4.72683	3.29089	2.33639	0.442585	1.4677	1.15081	2.53001	2.4463	0.699835	2.259	2.29858	2.43264</FloatingPoint>
				<FloatingPoint size="20">	0.95568	0.96407	0.919689	0.939368	0.911871	0.248453	0.877827	0.943057	0.993478	0.992489	0.0347948	0.987912	0.718451	0.937562	0.830242	0.474365	0.944105	0.0607114	0.910578	0.906243</FloatingPoint>
			</Individual>
			<Individual size="2">
				<FitnessMax value="4.23233"/>
				<FloatingPoint size="50">	3.56513	0.662213	2.52806	3.72541	3.40381	3.62329	0.539359	2.57828	4.62245	3.24461	3.21304	0.275189	1.32186	4.31611	3.5734	2.38756	0.727087	2.80261	4.60073	3.42405	2.24555	0.943143	2.23529	1.54262	1.75256	2.39725	0.400922	2.64875	2.60872	3.65865	2.58444	0.446925	2.88826	1.4929	2.41363	2.42814	0.728667	1.41043	4.72683	3.29309	2.33639	0.442585	1.4677	1.15081	2.53001	2.4463	0.699835	2.259	2.29858	2.43264</FloatingPoint>
				<FloatingPoint size="20">	0.95568	0.96407	0.919689	0.939368	0.911871	0.248453	0.877827	0.943057	0.993478	0.992489	0.629206	0.987912	0.718451	0.937562	0.984236	0.474365	0.944105	0.0607114	0.910578	0.906243</FloatingPoint>
			</Individual>
			<Individual size="2">
				<FitnessMax value="4.05264"/>
				<FloatingPoint size="50">	3.56513	0.662213	2.52806	3.72541	3.40381	3.62329	0.539359	2.57828	4.62245	3.24461	3.21304	0.275189	1.32186	4.31611	3.5734	2.38756	0.727087	2.80261	4.60073	3.43304	2.24555	0.943143	2.23529	1.43253	1.75256	2.40187	0.400922	2.64875	2.60872	3.65865	2.58444	0.446925	2.88826	1.4929	2.41363	2.42814	0.728667	1.41043	4.72683	3.2922	2.33639	0.442585	1.4677	1.15081	2.53001	2.4463	0.699835	2.259	2.29858	2.43264</FloatingPoint>
				<FloatingPoint size="20">	0.95568	0.96407	0.920779	0.939368	0.911871	0.183967	0.527102	0.943057	0.993478	0.992489	0.611057	0.987912	0.718451	0.937562	0.830242	0.467612	0.944105	0.0607114	0.910578	0.906243</FloatingPoint>
			</Individual>
			<Individual size="2">
				<FitnessMax value="4.23233"/>
				<FloatingPoint size="50">	3.71079	0.662213	2.52806	3.7573	3.40381	3.46205	0.526347	2.57828	4.62245	3.2446	3.21314	0.275194	1.32297	4.31611	3.5734	2.38753	0.727089	2.80261	4.60074	3.42405	2.24526	0.94314	2.4892	1.41414	1.75256	2.38961	0.455002	2.64831	2.60871	3.65854	2.58444	0.446925	2.88822	1.4929	2.41363	2.42814	0.728619	1.55574	4.72683	3.29136	2.33639	0.442635	1.46771	1.30361	2.53002	2.4463	0.699835	2.25902	2.29858	2.43265</FloatingPoint>
				<FloatingPoint size="20">	0.95568	0.96407	0.926379	0.939368	0.911871	0.105631	0.877827	0.943057	0.993478	0.992489	0.629206	0.987912	0.718451	0.937562	0.830241	0.474359	0.944105	0.0607114	0.910578	0.906243</FloatingPoint>
			</Individual>
			<Individual size="2">
				<FitnessMax value="4.23233"/>
				<FloatingPoint size="50">	3.56513	0.662213	2.52806	3.72541	3.40381	3.62329	0.539359	2.57828	4.62245	3.24461	3.21304	0.275189	1.32186	4.31611	3.5734	2.38756	0.727087	2.80261	4.60073	3.44204	2.24555	0.943143	2.23529	1.32244	1.75256	2.37946	0.400922	2.64875	2.60872	3.65865	2.58444	0.446925	2.88826	1.4929	2.41363	2.42814	0.728667	1.41043	4.72683	3.29089	2.33639	0.442585	1.4677	1.15081	2.53001	2.4463	0.699835	2.259	2.29858	2.43264</FloatingPoint>
				<FloatingPoint size="20">	0.935873	0.96407	0.926379	0.939368	0.911871	0.243953	0.877827	0.943057	0.993478	0.992489	0.629206	0.987912	0.718451	0.937562	0.830242	0.474366	0.944105	0.0607114	0.910578	0.906243</FloatingPoint>
			</Individual>
			<Individual size="2">
				<FitnessMax value="4.03607"/>
				<FloatingPoint size="50">	3.85646	0.662213	2.52806	3.7323	3.40381	3.59715	0.529642	2.57828	4.62245	3.24461	3.21312	0.275194	1.32257	4.31611	3.5734	2.38755	0.727088	2.80261	4.60073	3.42405	2.2453	0.94314	2.32382	1.48487	1.75256	2.38017	0.420793	2.64872	2.60871	3.65856	2.58444	0.446925	2.88824	1.4929	2.41363	2.42814	0.728621	1.50942	4.72683	3.29126	2.33639	0.442598	1.46771	1.15854	2.53002	2.4463	0.699835	2.25901	2.29858	2.43265</FloatingPoint>
				<FloatingPoint size="20">	0.95568	0.96407	0.919628	0.939368	0.720378	0.122087	0.739773	0.943057	0.993478	0.992489	0.37783	0.987912	0.718451	0.937562	0.844661	0.470509	0.944105	0.0607114	0.910578	0.906243</FloatingPoint>
			</Individual>
			<Individual size="2">
				<FitnessMax value="4.20174"/>
				<FloatingPoint size="50">	3.56513	0.662213	2.52806	3.72541	3.40381	3.62329	0.539359	2.57828	4.62245	3.24461	3.21304	0.275189	1.32186	4.31611	3.5734	2.38756	0.727087	2.80261	4.60073	3.43272	2.24555	0.943143	2.35094	1.33176	1.75256	2.37946	0.400922	2.64875	2.60872	3.65865	2.58444	0.446925	2.88826	1.4929	2.41363	2.42814	0.728667	1.41043	4.72683	3.29089	2.33639	0.442585	1.4677	1.15081	2.53001	2.4463	0.699835	2.259	2.29858	2.43264</FloatingPoint>
				<FloatingPoint size="20">	0.95568	0.96407	0.91995	0.939368	0.911871	0.230115	0.487438	0.943057	0.993478	0.992489	0.62073	0.987912	0.718451	0.937562	0.889013	0.470682	0.944105	0.0607114	0.910578	0.906243</FloatingPoint>
			</Individual>
			<Individual size="2">
				<FitnessMax value="3.93054"/>
				<FloatingPoint size="50">	3.85646	0.662213	2.52806	3.72638	3.40381	3.57843	0.52998	2.57828	4.62245	3.2446	3.21308	0.275193	1.32198	4.31611	3.5734	2.38754	0.72709	2.80261	4.59153	3.42554	2.24543	0.943142	2.23529	1.53712	1.75256	2.39156	0.412732	2.64841	2.60871	3.51366	2.58444	0.446925	2.88825	1.4929	2.41363	2.42814	0.728601	1.46328	4.72683	3.29145	2.33639	1.37354	1.4677	1.15081	2.53002	2.4463	0.699835	2.25901	2.29858	2.43265</FloatingPoint>
				<FloatingPoint size="20">	0.687625	0.96407	0.916226	0.939368	0.911871	0.442169	0.877827	0.943057	0.993478	0.992489	0.487835	0.987912	0.718451	0.937562	0.830242	0.465268	0.286304	0.0607114	0.910578	0.906243</FloatingPoint>
			</Individual>
			<Individual size="2">
				<FitnessMax value="4.23233"/>
				<FloatingPoint size="50">	3.56513	0.662213	2.52806	3.72541	3.40381	3.62329	0.539359	2.57828	4.62245	3.24461	3.21304	0.275189	1.32186	4.31611	3.5734	2.38756	0.727087	2.80261	4.60073	3.42843	2.24555	0.943143	2.23529	1.43621	1.75256	2.38827	0.400922	2.64875	2.60872	3.65865	2.58444	0.446925	2.88826	1.4929	2.41363	2.42814	0.728667	1.41043	4.72683	3.29198	2.33639	0.442585	1.4677	1.15081	2.53001	2.4463	0.699835	2.259	2.29858	2.43264</FloatingPoint>
				<FloatingPoint size="20">	0.95568	0.96407	0.919689	0.939368	0.911871	0.248453	0.877827	0.943057	0.993478	0.992489	0.324435	0.987912	0.718451	0.937562	0.984236	0.474365	0.944105	0.0607114	0.910578	0.906243</FloatingPoint>
			</Individual>
			<Individual size="2">
				<FitnessMax value="4.23233"/>
				<FloatingPoint size="50">	3.56513	0.662213	2.52806	3.72541	3.40381	3.62329	0.539359	2.57828	4.62245	3.24461	3.21304	0.275189	1.32186	4.31611	3.5734	2.38756	0.727087	2.80261	4.60073	3.42405	2.24555	0.943143	2.23529	1.54262	1.75256	2.42428	0.400922	2.64875	2.60872	3.65865	2.58444	0.446925	2.88826	1.4929	2.41363	2.42814	0.728667	1.41043	4.72683	3.29351	2.33639	0.442585	1.4677	1.15081	2.53001	2.4463	0.699835	2.259	2.29858	2.43264</FloatingPoint>
				<FloatingPoint size="20">	0.95568	0.96407	0.919689	0.939368	0.911871	0.248453	0.877827	0.943057	0.993478	0.992489	0.629206	0.987912	0.718451	0.937562	0.984236	0.474365	0.944105	0.0607114	0.910578	0.906243</FloatingPoint>
			</Individual>
			<Individual size="2">
				<FitnessMax value="3.51971"/>
				<FloatingPoint size="50">	3.85646	0.662213	2.52806	3.80497	3.40381	3.08553	3.83248	2.57826	4.62244	3.24454	3.2144	0.275205	1.3255	4.31609	3.5734	2.38744	0.727114	2.80261	4.60076	3.42405	2.24482	0.943127	2.23529	1.32244	1.75256	2.37946	0.588859	2.64687	2.60871	3.6581	2.58445	0.446924	2.88818	1.4929	2.41363	2.42814	0.728555	1.92155	4.7269	3.29086	2.33639	0.442912	1.46776	1.15049	2.53002	2.4463	0.699834	2.26073	2.29858	2.43276</FloatingPoint>
				<FloatingPoint size="20">	0.95568	0.96407	0.909325	0.939369	0.911871	0.248453	0.877827	0.943057	0.993478	0.992489	0.457773	0.987912	0.718451	0.937562	0.830243	0.440613	0.944104	0.0607114	0.910578	0.906243</FloatingPoint>
			</Individual>
			<Individual size="2">
				<FitnessMax value="3.91116"/>
				<FloatingPoint size="50">	3.85646	0.662213	2.52806	3.73074	3.40381	3.56709	0.532505	2.57828	4.62245	3.24461	3.21312	0.275191	1.32187	1.18588	3.5734	2.38755	0.727088	2.80261	4.60074	3.42405	2.24546	0.943142	2.36818	1.50133	1.75256	2.38707	0.422501	2.64862	2.60871	3.65863	2.58444	0.446925	2.88823	1.4929	2.41363	2.42814	0.72864	1.51674	4.72683	3.29123	2.33639	0.442619	1.4677	1.20713	2.53002	2.4463	0.699835	2.25901	2.29858	2.43264</FloatingPoint>
				<FloatingPoint size="20">	0.95568	0.96407	0.926379	0.939368	0.911871	0.105631	0.877827	0.943057	0.993478	0.992489	0.629206	0.987912	0.718451	0.937562	0.830241	0.474359	0.944105	0.0607114	0.910578	0.906243</FloatingPoint>
			</Individual>
			<Individual size="2">
				<FitnessMax value="3.93546"/>
				<FloatingPoint size="50">	3.56513	0.662213	2.52806	3.72541	3.40381	3.62329	0.539359	2.57828	4.62245	3.24461	3.21304	0.275189	1.32186	4.31611	3.5734	2.38756	0.727087	2.80261	4.60073	3.44085	2.24555	0.943143	2.23529	1.35839	1.75256	2.37946	0.400922	2.64875	2.60872	3.65865	2.58444	0.446925	2.88826	1.4929	2.41363	2.42814	0.728667	1.41043	4.72683	3.29089	2.33639	0.442585	1.4677	1.15081	2.53001	2.4463	0.699835	2.259	2.29858	2.43264</FloatingPoint>
				<FloatingPoint size="20">	0.935873	0.96407	0.926379	0.939368	0.911871	0.243953	0.877827	0.943057	0.993478	0.992489	0.629206	0.987912	0.718451	0.937562	0.830242	0.474366	0.324471	0.0607114	0.910578	0.906243</FloatingPoint>
			</Individual>
			<Individual size="2">
				<FitnessMax value="2.82024"/>
				<FloatingPoint size="50">	3.71079	0.662213	2.52806	3.7573	3.40381	3.46205	0.526347	2.57828	4.62245	2.92577	3.21314	0.275194	1.32297	4.31611	3.5734	2.38753	0.727089	2.80261	4.60074	3.42405	2.24526	3.78998	2.4892	1.41414	1.75256	2.38961	0.455002	2.64831	2.60871	3.65854	2.58444	0.446925	2.88822	1.4929	2.41363	2.42814	0.728619	1.55574	4.72683	3.29136	2.33639	0.442635	1.46771	1.30361	2.53002	2.4463	0.699835	2.25902	2.29858	2.43265</FloatingPoint>
				<FloatingPoint size="20">	0.95568	0.96407	0.91974	0.939368	0.913638	0.0894099	0.877827	0.943057	0.993478	0.992489	0.611078	0.987912	0.094378	0.937562	0.830242	0.467819	0.944105	0.0607114	0.910578	0.906243</FloatingPoint>
			</Individual>
			<Individual size="2">
				<FitnessMax value="4.23233"/>
				<FloatingPoint size="50">	3.71079	0.662213	2.52806	3.7573	3.40381	3.46205	0.526347	2.57828	4.62245	3.2446	3.21314	0.275194	1.32297	4.31611	3.5734	2.38753	0.727089	2.80261	4.60074	3.42405	2.24526	0.94314	2.4892	1.41414	1.75256	2.38961	0.455002	2.64831	2.60871	3.65854	2.58444	0.446925	2.88822	1.4929	2.41363	2.42814	0.728619	1.55574	4.72683	3.29136	2.33639	0.442635	1.46771	1.30361	2.53002	2.4463	0.699835	2.25902	2.29858	2.43265</FloatingPoint>
				<FloatingPoint size="20">	0.95568	0.96407	0.919254	0.939368	0.911871	0.0863527	0.877827	0.943057	0.993478	0.992489	0.610496	0.987912	0.718451	0.937562	0.830241	0.468632	0.944105	0.0607114	0.910578	0.906243</FloatingPoint>
			</Individual>
			<Individual size="2">
				<FitnessMax value="4.23233"/>
				<FloatingPoint size="50">	3.56513	0.662213	2.52806	3.72541	3.40381	3.62329	0.539359	2.57828	4.62245	3.24461	3.21304	0.275189	1.32186	4.31611	3.5734	2.38756	0.727087	2.80261	4.60073	3.42405	2.24555	0.943143	2.23529	1.54262	1.75256	2.37946	0.400922	2.64875	2.60872	3.65865	2.58444	0.446925	2.88826	1.4929	2.41363	2.42814	0.728667	1.41043	4.72683	3.29089	2.33639	0.442585	1.4677	1.15081	2.53001	2.4463	0.699835	2.259	2.29858	2.43264</FloatingPoint>
				<FloatingPoint size="20">	0.95568	0.96407	0.920779	0.939368	0.911871	0.183967	0.877827	0.943057	0.993478	0.992489	0.611057	0.987912	0.718451	0.937562	0.830242	0.467612	0.944105	0.0607114	0.910578	0.906243</FloatingPoint>
			</Individual>
			<Individual size="2">
				<FitnessMax value="3.93553"/>
				<FloatingPoint size="50">	3.56513	0.662213	2.52806	3.72541	3.40381	3.62329	0.539359	2.57828	4.62245	3.24461	3.21304	0.275189	1.32186	4.31611	3.5734	2.38756	0.727087	2.80261	4.60073	3.43272	2.24555	0.943143	2.23529	1.33176	1.75256	2.37946	0.400922	2.64875	2.60872	3.65865	2.58444	0.446925	2.88826	1.4929	2.41363	2.93717	0.728667	1.41043	4.72683	3.29089	2.33639	0.442585	1.4677	1.15081	6.7161	2.4463	0.699835	2.259	2.29858	2.43264</FloatingPoint>
				<FloatingPoint size="20">	0.95568	0.96407	0.923539	0.939368	0.911871	0.227404	0.877827	0.943057	0.993478	0.992489	0.622534	0.987912	0.718451	0.937562	0.85908	0.471217	0.944105	0.0607114	0.910578	0.906243</FloatingPoint>
			</Individual>
			<Individual size="2">
				<FitnessMax value="4.23233"/>
				<FloatingPoint size="50">	3.56513	0.662213	2.52806	3.72541	3.40381	3.62329	0.539359	2.57828	4.62245	3.24461	3.21304	0.275189	1.32186	4.31611	3.5734	2.38756	0.727087	2.80261	4.60073	3.43272	2.24555	0.943143	2.23529	1.33176	1.75256	2.37946	0.400922	2.64875	2.60872	3.65865	2.58444	0.446925	2.88826	1.4929	2.41363	2.42814	0.728667	1.41043	4.72683	3.29089	2.33639	0.442585	1.4677	1.15081	2.53001	2.4463	0.699835	2.259	2.29858	2.43264</FloatingPoint>
				<FloatingPoint size="20">	0.95568	0.96407	0.91995	0.939368	0.911871	0.230115	0.877827	0.943057	0.993478	0.992489	0.62073	0.987912	0.718451	0.937562	0.889013	0.470682	0.944105	0.0607114	0.910578	0.906243</FloatingPoint>
			</Individual>
			<Individual size="2">
				<FitnessMax value="4.23233"/>
				<FloatingPoint size="50">	3.56513	0.662213	2.52806	3.72541	3.40381	3.62329	0.539359	2.57828	4.62245	3.24461	3.21304	0.275189	1.32186	4.31611	3.5734	2.38756	0.727087	2.80261	4.60073	3.43272	2.24555	0.943143	2.23529	1.33176	1.75256	2.37946	0.400922	2.64875	2.60872	3.65865	2.58444	0.446925	2.88826	1.4929	2.41363	2.42814	0.728667	1.41043	4.72683	3.29089	2.33639	0.442585	1.4677	1.15081	2.53001	2.4463	0.699835	2.259	2.29858	2.43264</FloatingPoint>
				<FloatingPoint size="20">	0.95568	0.96407	0.920779	0.939368	0.911871	0.183967	0.877827	0.943057	0.993478	0.992489	0.611057	0.987912	0.718451	0.937562	0.830242	0.467612	0.944105	0.0607114	0.910578	0.906243</FloatingPoint>
			</Individual>
		</Deme>
	</Population>
</ECF>
