(14, 9)=[10]
(11, 11)=[13, 10, 12, 11]
(1, 11)=[12]
(10, 12)=[10, 14, 13, 8]
(12, 13)=[8, 12, 11]
(11, 14)=[14, 9]
(13, 12)=[11, 15, 13]
(7, 9)=[8, 7]
(8, 8)=[7, 9, 6, 10, 8]
(10, 10)=[9]
(9, 11)=[11, 10, 8]
(9, 9)=[10]
(8, 6)=[8, 5]
(11, 13)=[12, 11, 13]
(11, 8)=[12]
(5, 8)=[7]
(14, 15)=[11]
(8, 10)=[8, 6, 9]
(10, 6)=[7]
(13, 13)=[10]
(7, 8)=[6, 10, 9]
(10, 7)=[8]
(5, 7)=[9]
(11, 10)=[11, 12]
(9, 10)=[9, 11, 7, 12]
(15, 12)=[12]
(15, 11)=[13]
(8, 7)=[9, 8, 5, 1]
(8, 12)=[11]
(12, 9)=[10]
(13, 8)=[9]
(9, 7)=[8]
(14, 14)=[14, 15]
(11, 12)=[12, 8, 10, 9, 11]
(9, 8)=[10, 8]
(12, 12)=[12, 13, 11]
(10, 11)=[13, 9, 12]
(8, 9)=[9, 11, 8, 10]
(12, 11)=[13, 11, 12, 10]
(12, 8)=[11, 9]
(6, 7)=[7]
(6, 8)=[6, 8]
(6, 5)=[8]
(8, 11)=[14]
(10, 9)=[10, 8]
(12, 10)=[12, 10]
(11, 9)=[8]
(7, 5)=[7]
(12, 15)=[12]
(13, 10)=[11]
(7, 7)=[8]
(10, 8)=[7]
(13, 11)=[14, 12]
(7, 1)=[11]
